0.000000 1072.482759 234.663903
1.000000 4105.214200 297.227024
2.000000 5948.973443 315.488626
3.000000 10780.635694 397.546554
4.000000 2028.537085 200.358542
5.000000 1552.192549 155.377171
6.000000 5723.623692 305.126141
7.000000 10125.889998 390.108690
8.000000 4278.102727 256.411809
9.000000 4629.274653 284.630800
10.000000 4033.076586 274.587702
11.000000 5988.666163 294.147361
12.000000 9545.142181 367.001552
13.000000 3074.659363 223.169223
14.000000 6750.929055 317.846088
15.000000 7992.444292 336.147477
16.000000 2356.089831 240.242098
17.000000 10675.912017 395.087675
18.000000 5759.698423 302.717506
19.000000 7843.493875 354.064712
20.000000 14748.480460 449.458973
21.000000 3882.231353 251.325206
22.000000 13310.011628 453.422375
23.000000 6488.027020 303.913466
24.000000 10170.172871 392.869161
25.000000 7618.640473 342.887769
26.000000 4086.416879 267.788102
27.000000 7102.629008 328.808404
28.000000 14953.504444 456.067390
29.000000 8304.625269 358.781560
30.000000 14716.788139 482.910567
31.000000 3289.955371 237.032958
32.000000 10850.502917 403.179977
33.000000 7873.664382 328.339054
34.000000 6783.968727 338.055014
35.000000 4198.128645 275.630280
36.000000 7011.175316 349.959626
37.000000 9741.867552 409.540324
38.000000 11058.394662 399.547179
39.000000 6226.723127 335.413685
40.000000 22425.186858 568.214684
41.000000 5061.680326 282.374580
42.000000 9654.312428 369.775623
43.000000 6711.597993 313.455242
44.000000 12334.931712 413.197071
45.000000 5068.415450 305.090630
46.000000 7384.003865 336.967313
47.000000 4564.450011 263.248934
48.000000 5267.479706 280.830368
49.000000 12586.297367 436.877998
50.000000 9897.312414 379.402896
51.000000 13361.151764 450.400321
52.000000 9732.532525 406.231023
53.000000 3994.482087 257.195820
54.000000 21950.127907 552.337562
55.000000 3713.740871 285.061444
56.000000 12024.858234 407.508670
57.000000 2933.848680 222.064125
58.000000 7184.237955 325.144645
59.000000 2027.934609 189.699662
60.000000 13443.066461 442.174777
61.000000 5585.077834 283.769388
62.000000 4459.451393 259.408837
63.000000 9926.173360 375.782525
64.000000 1610.223709 188.172371
65.000000 8538.796001 376.225829
66.000000 4965.822172 320.794466
67.000000 7708.411813 348.433479
