1  8
1  14
1  12
2  9
2  10
2  84
2  15
3  8
3  9
3  15
3  18
3  16
3  14
4  10
4  11
4  21
4  58
4  85
4  57
4  84
5  11
5  13
5  56
5  21
6  12
6  14
6  16
6  19
6  17
7  13
7  20
7  61
7  60
7  56
8  15
8  84
8  57
8  62
8  1
8  22
8  18
9  16
9  18
9  22
9  59
9  19
10  17
10  19
10  59
10  25
10  24
11  20
11  23
11  63
11  86
11  61
12  21
12  56
12  60
12  87
12  64
12  58
13  57
13  85
13  65
13  90
13  88
13  62
14  58
14  64
14  65
14  85
15  59
15  22
15  1
15  66
15  26
15  67
15  25
16  60
16  61
16  86
16  91
16  92
16  89
16  87
17  23
17  68
17  69
17  63
18  1
18  62
18  88
18  93
18  70
18  66
19  24
19  25
19  67
19  28
19  27
20  86
20  63
20  69
20  71
20  94
20  91
21  64
21  87
21  89
21  95
21  98
21  97
21  96
21  90
21  65
22  66
22  70
22  29
22  26
23  88
23  90
23  96
23  99
23  93
24  67
24  26
24  29
24  30
24  72
24  28
25  89
25  92
25  102
25  103
25  105
25  104
25  95
26  91
26  94
26  101
26  102
26  92
27  68
27  73
27  100
27  71
27  69
28  27
28  28
28  72
28  32
28  31
29  70
29  93
29  99
29  107
29  34
29  33
29  30
29  29
30  71
30  100
30  109
30  108
30  101
30  94
31  96
31  97
31  110
31  112
31  107
31  99
32  95
32  104
32  106
32  98
33  97
33  98
33  106
33  111
33  110
34  72
34  30
34  33
34  36
34  37
34  35
34  32
35  31
35  32
35  35
35  38
35  39
36  73
36  74
36  75
36  109
36  100
37  101
37  108
37  113
37  103
37  102
38  103
38  113
38  116
38  119
38  114
38  105
39  104
39  105
39  114
39  117
39  115
39  111
39  106
40  33
40  34
40  40
40  36
41  107
41  112
41  122
41  128
41  118
41  40
41  34
42  35
42  37
42  41
42  42
42  38
43  108
43  109
43  75
43  120
43  123
43  116
43  113
44  36
44  40
44  118
44  43
44  41
44  37
45  110
45  111
45  115
45  121
45  124
45  122
45  112
46  74
46  76
46  120
46  75
47  38
47  42
47  45
47  44
47  39
48  114
48  119
48  126
48  125
48  117
49  115
49  117
49  125
49  127
49  121
50  41
50  43
50  47
50  49
50  46
50  45
50  42
51  116
51  123
51  131
51  132
51  129
51  126
51  119
52  118
52  128
52  77
52  78
52  47
52  43
53  120
53  76
53  50
53  131
53  123
54  121
54  127
54  130
54  124
55  122
55  124
55  130
55  134
55  81
55  77
55  128
56  44
56  45
56  46
56  48
57  125
57  126
57  129
57  133
57  80
57  134
57  130
57  127
58  129
58  132
58  79
58  133
59  131
59  50
59  52
59  3
59  2
59  79
59  132
60  46
60  49
60  51
60  48
61  77
61  81
61  55
61  5
61  53
61  78
62  47
62  78
62  53
62  4
62  51
62  49
63  133
63  79
63  2
63  54
63  80
64  134
64  80
64  54
64  6
64  55
64  81
65  52
65  82
65  3
66  2
66  3
66  82
66  83
66  6
66  54
67  53
67  5
67  7
67  4
68  55
68  6
68  83
68  7
68  5
