1 22
1 62
1 66
2 79
2 3
2 54
3 2
3 52
3 82
4 51
4 53
4 7
5 53
5 55
5 7
6 54
6 55
6 83
7 4
7 5
7 83
8 9
8 12
8 14
9 8
9 10
9 15
10 9
10 11
10 84
11 10
11 13
11 21
12 8
12 14
12 17
13 11
13 20
13 56
14 8
14 12
14 16
15 9
15 84
15 18
16 14
16 18
16 19
17 12
17 19
17 24
18 15
18 16
18 22
19 16
19 17
19 59
20 13
20 61
20 23
21 11
21 56
21 58
22 18
22 59
22 1
23 20
23 63
23 68
24 17
24 25
24 27
25 59
25 24
25 67
26 66
26 67
26 29
27 24
27 28
27 31
28 67
28 27
28 72
29 26
29 70
29 30
30 29
30 72
30 33
31 27
31 32
31 39
32 72
32 31
32 35
33 30
33 34
33 36
34 33
34 107
34 40
35 32
35 37
35 38
36 33
36 37
36 40
37 35
37 36
37 41
38 35
38 39
38 42
39 31
39 38
39 44
40 34
40 36
40 118
41 37
41 42
41 43
42 38
42 41
42 45
43 41
43 118
43 47
44 39
44 45
44 48
45 42
45 44
45 46
46 45
46 48
46 49
47 43
47 49
47 78
48 44
48 46
48 51
49 46
49 47
49 51
50 76
50 131
50 52
51 48
51 49
51 4
52 50
52 3
52 82
53 78
53 4
53 5
54 80
54 2
54 6
55 81
55 5
55 6
56 13
56 21
56 60
57 84
57 85
57 62
58 21
58 85
58 64
59 19
59 22
59 25
60 56
60 61
60 87
61 20
61 60
61 86
62 57
62 1
62 88
63 23
63 86
63 69
64 58
64 65
64 87
65 85
65 64
65 90
66 1
66 26
66 70
67 25
67 26
67 28
68 23
68 69
68 73
69 63
69 68
69 71
70 66
70 93
70 29
71 69
71 94
71 100
72 28
72 30
72 32
73 68
73 100
73 74
74 73
74 75
74 76
75 109
75 74
75 120
76 74
76 120
76 50
77 128
77 78
77 81
78 77
78 47
78 53
79 132
79 133
79 2
80 133
80 134
80 54
81 77
81 134
81 55
82 52
82 3
82 83
83 82
83 6
83 7
84 10
84 15
84 57
85 57
85 58
85 65
86 61
86 63
86 91
87 60
87 64
87 89
88 62
88 90
88 93
89 87
89 92
89 95
90 65
90 88
90 96
91 86
91 92
91 94
92 89
92 91
92 102
93 88
93 70
93 99
94 91
94 71
94 101
95 89
95 98
95 104
96 90
96 97
96 99
97 96
97 98
97 110
98 95
98 97
98 106
99 93
99 96
99 107
100 71
100 73
100 109
101 94
101 102
101 108
102 92
102 101
102 103
103 102
103 105
103 113
104 95
104 105
104 106
105 103
105 104
105 114
106 98
106 104
106 111
107 99
107 34
107 112
108 101
108 109
108 113
109 100
109 108
109 75
110 97
110 111
110 112
111 106
111 110
111 115
112 107
112 110
112 122
113 103
113 108
113 116
114 105
114 117
114 119
115 111
115 117
115 121
116 113
116 119
116 123
117 114
117 115
117 125
118 40
118 43
118 128
119 114
119 116
119 126
120 75
120 76
120 123
121 115
121 124
121 127
122 112
122 124
122 128
123 116
123 120
123 131
124 121
124 122
124 130
125 117
125 126
125 127
126 119
126 125
126 129
127 121
127 125
127 130
128 118
128 122
128 77
129 126
129 132
129 133
130 124
130 127
130 134
131 123
131 132
131 50
132 129
132 131
132 79
133 129
133 79
133 80
134 130
134 80
134 81 
