1 1 325.559110 143.130191 -475.232933
2 1 -242.907526 -163.637250 -516.275228
3 1 -246.282893 -164.833684 -514.291668
4 1 -244.901525 193.643352 -504.823555
5 1 -265.718938 79.144020 -524.834256
6 1 -274.609448 -35.799107 -525.004191
7 1 -310.739438 79.970093 -499.366711
8 1 438.693314 82.881232 -391.152405
9 1 431.087017 56.988609 -404.026742
10 1 418.426345 -65.183589 -415.922853
11 1 402.465368 -105.950726 -423.222633
12 1 409.783685 191.660308 -384.272019
13 1 383.306845 -177.190574 -417.133899
14 1 404.034784 168.732051 -400.757676
15 1 401.645374 49.425453 -434.234320
16 1 387.056869 168.473713 -417.282775
17 1 381.125907 220.572852 -398.010033
18 1 382.077981 125.318133 -436.615515
19 1 375.850026 201.465481 -412.879818
20 1 338.307600 -250.225841 -418.636265
21 1 361.187982 -142.762002 -448.869222
22 1 337.003875 150.072056 -465.003325
23 1 263.903304 -326.641893 -419.501426
24 1 305.467097 291.757654 -416.999581
25 1 304.189266 246.836345 -445.939498
26 1 258.380139 225.650710 -484.399409
27 1 229.668852 339.255732 -429.510294
28 1 231.839311 288.252038 -464.201059
29 1 216.164723 213.302548 -509.996237
30 1 169.514145 240.963746 -515.289000
31 1 145.968001 371.075461 -439.679055
32 1 142.417031 312.532430 -484.109694
33 1 119.030025 227.990646 -534.951815
34 1 114.052931 127.689694 -568.338453
35 1 93.930428 312.376483 -495.902544
36 1 84.152496 237.660801 -537.361170
37 1 69.260241 271.975948 -523.023354
38 1 44.700059 342.139653 -482.973797
39 1 30.243008 370.396189 -462.831881
40 1 21.926502 192.785482 -560.958388
41 1 -0.026417 276.236136 -525.371224
42 1 -7.657902 291.469911 -517.018350
43 1 -23.518059 229.335373 -546.967562
44 1 -67.924928 357.495811 -468.939522
45 1 -67.471746 313.380540 -499.561335
46 1 -141.241416 274.793947 -506.814044
47 1 -146.365041 202.884571 -538.271727
48 1 -162.090313 288.673940 -492.661560
49 1 -160.480757 227.736594 -524.121452
50 1 -223.891232 -274.504066 -476.278868
51 1 -196.979786 233.504263 -508.916545
52 1 -259.557013 -222.193494 -485.367422
53 1 -222.483905 160.394759 -526.398859
54 1 -233.927340 -99.726729 -536.333763
55 1 -242.056378 21.352182 -541.547893
56 1 354.605949 -163.224600 -447.139438
57 1 360.283237 4.061727 -471.699923
58 1 339.804025 -111.402435 -473.755262
59 1 334.233329 208.930471 -443.798903
60 1 308.442436 -202.534118 -464.934964
61 1 289.950512 -250.663142 -453.230643
62 1 327.291116 51.616229 -492.481082
63 1 249.177581 -317.903229 -434.936083
64 1 287.131517 -129.444809 -503.111180
65 1 289.108202 -72.243814 -513.340632
66 1 286.625992 169.807189 -491.255926
67 1 262.508765 250.373608 -469.812229
68 1 179.432894 -386.445903 -413.261089
69 1 182.578204 -359.713214 -435.422702
70 1 235.741775 145.734382 -524.889161
71 1 147.322748 -350.820919 -455.567796
72 1 170.887070 288.928083 -489.529875
73 1 84.278043 -399.370054 -430.954867
74 1 -15.669750 -403.612610 -434.939819
75 1 -0.787183 -363.878711 -468.948814
76 1 -120.506948 -374.548726 -444.423957
77 1 -137.296634 112.048235 -566.494619
78 1 -163.804264 165.628054 -545.945819
79 1 -204.841683 -180.636708 -527.002458
80 1 -192.938888 -100.891982 -552.192647
81 1 -197.248920 17.952141 -559.546165
82 1 -291.620648 -158.418059 -492.120354
83 1 -317.796631 -34.193707 -500.157393
84 1 388.768497 9.492531 -448.430902
85 1 335.047530 -65.173469 -485.609821
86 1 268.539228 -268.057493 -456.457216
87 1 272.757617 -162.985078 -501.358627
88 1 281.986299 33.366781 -521.240550
89 1 249.290854 -172.526175 -510.303944
90 1 264.196507 -38.287239 -530.146790
91 1 222.180341 -269.511576 -479.917423
92 1 216.091445 -234.329631 -500.714926
93 1 230.031375 118.851688 -534.117187
94 1 151.755433 -319.850970 -476.431497
95 1 180.020381 -149.177275 -545.582376
96 1 192.493999 -35.530816 -560.361444
97 1 184.313862 -43.876925 -562.516259
98 1 167.503308 -116.910680 -557.311278
99 1 170.040019 91.552529 -561.271639
100 1 87.146507 -379.139061 -448.308359
101 1 110.895813 -305.133136 -496.907652
102 1 124.580373 -242.183040 -527.397793
103 1 116.619805 -237.190983 -531.471151
104 1 113.088104 -184.955358 -552.561239
105 1 107.145199 -197.696052 -549.324589
106 1 101.216685 -134.202661 -569.268087
107 1 115.428873 124.205785 -568.832510
108 1 28.837976 -327.628698 -494.114494
109 1 14.318915 -360.445263 -471.376185
110 1 80.750302 -18.270241 -587.764335
111 1 51.538601 -100.378213 -582.742922
112 1 55.473193 16.905809 -590.726878
113 1 0.993868 -284.465845 -520.960192
114 1 -2.272014 -206.385167 -556.526124
115 1 4.269042 -110.988824 -583.081969
116 1 -41.741926 -269.830344 -527.039395
117 1 -22.986777 -173.885522 -567.059750
118 1 -2.729149 195.254033 -560.526307
119 1 -41.016824 -247.858864 -537.777770
120 1 -83.979907 -345.396413 -475.363039
121 1 -31.471686 -92.271184 -585.505668
122 1 -26.072584 13.807758 -592.832938
123 1 -96.355636 -297.579904 -504.463198
124 1 -45.661694 -32.472470 -590.916132
125 1 -75.815474 -171.860834 -563.060560
126 1 -95.954344 -198.409510 -551.133157
127 1 -82.724450 -112.684834 -576.870973
128 1 -73.170502 110.182362 -578.642593
129 1 -126.412781 -198.828864 -544.801081
130 1 -118.895765 -69.007575 -577.427985
131 1 -177.608122 -259.443982 -503.453574
132 1 -172.464610 -233.728076 -517.637393
133 1 -175.024968 -165.968512 -542.348633
134 1 -162.864788 -63.006121 -567.297643
