0.0000000000 1072.4827590000 234.6639030000 48.9563050573 8.4319845185
1.0000000000 4105.2142000000 297.2270240000 48.4425699936 23.4012410146
2.0000000000 5948.9734430000 315.4886260000 50.4871339843 23.7262273005
3.0000000000 10780.6356940000 397.5465540000 53.9318710785 37.6455135260
4.0000000000 2028.5370850000 200.3585420000 30.0510916967 19.2915183825
5.0000000000 1552.1925490000 155.3771710000 21.3413983892 15.8264932243
6.0000000000 5723.6236920000 305.1261410000 45.4326332409 26.6487710628
7.0000000000 10125.8899980000 390.1086900000 59.5052170529 31.9718563439
8.0000000000 4278.1027270000 256.4118090000 32.7658756864 28.0123270805
9.0000000000 4629.2746530000 284.6308000000 44.2121843718 23.6597207931
10.0000000000 4033.0765860000 274.5877020000 42.4285150203 22.6833440991
11.0000000000 5988.6661630000 294.1473610000 39.6776735333 29.8698952523
12.0000000000 9545.1421810000 367.0015520000 48.6835534121 37.8472533871
13.0000000000 3074.6593630000 223.1692230000 29.7332315535 26.0170681050
14.0000000000 6750.9290550000 317.8460880000 46.8410789553 27.2707316309
15.0000000000 7992.4442920000 336.1474770000 43.9440150042 34.5917855994
16.0000000000 2356.0898310000 240.2420980000 46.0692724862 13.0299294731
17.0000000000 10675.9120170000 395.0876750000 52.4654472460 41.4839721410
18.0000000000 5759.6984230000 302.7175060000 41.8509355001 29.6734687831
19.0000000000 7843.4938750000 354.0647120000 54.3582873737 27.8119123076
20.0000000000 14748.4804600000 449.4589730000 58.3094736135 46.1636286930
21.0000000000 3882.2313530000 251.3252060000 34.0049552787 28.7970734429
22.0000000000 13310.0116280000 453.4223750000 65.5751638619 43.0269066832
23.0000000000 6488.0270200000 303.9134660000 40.1069874237 31.2300776617
24.0000000000 10170.1728710000 392.8691610000 55.7914775156 33.9482691899
25.0000000000 7618.6404730000 342.8877690000 49.6088574416 33.5804916655
26.0000000000 4086.4168790000 267.7881020000 44.2958996608 20.3465670059
27.0000000000 7102.6290080000 328.8084040000 41.7122075907 36.9694664973
28.0000000000 14953.5044440000 456.0673900000 56.2971729933 50.2405951945
29.0000000000 8304.6252690000 358.7815600000 53.9322030215 29.8230836198
30.0000000000 14716.7881390000 482.9105670000 65.7570641237 51.9139015356
31.0000000000 3289.9553710000 237.0329580000 36.2342241090 23.1544632366
32.0000000000 10850.5029170000 403.1799770000 51.9362649620 44.5273140338
33.0000000000 7873.6643820000 328.3390540000 41.3876188543 34.9341803944
34.0000000000 6783.9687270000 338.0550140000 48.7799745811 31.5186005290
35.0000000000 4198.1286450000 275.6302800000 44.1728668589 22.9447262685
36.0000000000 7011.1753160000 349.9596260000 57.0668041592 28.9643160517
37.0000000000 9741.8675520000 409.5403240000 67.4081703906 28.1617295092
38.0000000000 11058.3946620000 399.5471790000 54.0654973594 40.8527751182
39.0000000000 6226.7231270000 335.4136850000 45.4645821161 38.6949939894
40.0000000000 22425.1868580000 568.2146840000 70.5357353322 64.0409626320
41.0000000000 5061.6803260000 282.3745800000 41.6162860805 27.2867913014
42.0000000000 9654.3124280000 369.7756230000 48.7875605344 37.4910845128
43.0000000000 6711.5979930000 313.4552420000 43.4169998101 30.9615142073
44.0000000000 12334.9317120000 413.1970710000 51.8697246021 44.6741218549
45.0000000000 5068.4154500000 305.0906300000 49.6599306442 25.7413952718
46.0000000000 7384.0038650000 336.9673130000 48.5846056742 33.3535211961
47.0000000000 4564.4500110000 263.2489340000 35.0680254941 28.3563772840
48.0000000000 5267.4797060000 280.8303680000 37.6506077003 29.8225812323
49.0000000000 12586.2973670000 436.8779980000 68.0268078656 34.6536009146
50.0000000000 9897.3124140000 379.4028960000 52.4647835306 36.6506164568
51.0000000000 13361.1517640000 450.4003210000 65.9220180969 41.6872394382
52.0000000000 9732.5325250000 406.2310230000 63.1625410432 33.9441262959
53.0000000000 3994.4820870000 257.1958200000 35.3279367160 28.8382110854
54.0000000000 21950.1279070000 552.3375620000 70.0657129542 58.7894872082
55.0000000000 3713.7408710000 285.0614440000 51.5324348169 18.7607693531
56.0000000000 12024.8582340000 407.5086700000 55.7224921046 38.1138019177
57.0000000000 2933.8486800000 222.0641250000 30.1741611531 25.3217243646
58.0000000000 7184.2379550000 325.1446450000 46.4550049325 29.9177626637
59.0000000000 2027.9346090000 189.6996620000 30.3086374017 17.0613184598
60.0000000000 13443.0664610000 442.1747770000 63.3371435935 41.2420998821
61.0000000000 5585.0778340000 283.7693880000 37.8633785474 28.5858952367
62.0000000000 4459.4513930000 259.4088370000 35.6758853946 26.8718809492
63.0000000000 9926.1733600000 375.7825250000 51.0770149154 37.8149286400
64.0000000000 1610.2237090000 188.1723710000 30.3129511270 20.4458943010
65.0000000000 8538.7960010000 376.2258290000 59.6497217739 28.4908865673
66.0000000000 4965.8221720000 320.7944660000 56.7487561392 22.2402583973
67.0000000000 7708.4118130000 348.4334790000 51.3798434338 32.4446100959
