0.0000000000 1241.6509152726 246.1306481484 50.5112734567 9.5079204828
1.0000000000 4908.3041768654 323.3583800419 53.0586511001 25.1413574297
2.0000000000 6590.2485847924 323.2075884242 50.3590626496 26.0081116198
3.0000000000 12508.3614031048 422.8206301581 57.9335600479 39.6890172288
4.0000000000 2126.6575257237 195.4189123949 27.8483847165 20.5795804595
5.0000000000 2313.4833952453 198.6739540511 28.7044210852 17.6982718675
6.0000000000 5499.4705278959 297.2021601363 43.5620014524 26.8149364584
7.0000000000 12280.6216365090 425.9541955750 62.8588540468 37.2831598492
8.0000000000 4832.3672454516 273.8964506284 35.5726970819 29.2074655438
9.0000000000 4954.8650319876 295.5257380334 45.4255439230 23.8418253457
10.0000000000 5158.7473703258 309.0019975830 48.1928638847 24.8859285086
11.0000000000 6666.7914731325 312.0671123510 42.5940329980 31.5153999113
12.0000000000 7688.6860927277 330.5756655354 43.7412980017 34.1707039468
13.0000000000 4318.0894443437 266.7621887965 37.0563646587 29.4374793298
14.0000000000 7184.5505549395 327.5143259008 48.7055182329 28.1024686143
15.0000000000 9783.1144155017 373.7379684592 49.0313700778 38.2477097433
16.0000000000 2909.2612281456 262.1882883046 49.8701585586 14.7318016164
17.0000000000 10527.4916245393 399.9911326923 56.5382844688 39.2713096443
18.0000000000 5667.9000956264 303.6169038067 43.5031494469 27.9348097416
19.0000000000 8516.2874333861 374.8895546630 58.7767721505 27.9445937480
20.0000000000 16667.3030773808 479.0096601440 62.2526850357 49.6969071089
21.0000000000 4211.6207470060 263.4062688900 37.1566023946 28.6972524447
22.0000000000 13978.8779056544 465.6119697480 67.7941588398 44.3158548865
23.0000000000 7131.7423071133 319.4665242772 42.3169888511 32.5666673214
24.0000000000 13205.8009668618 445.5378149872 62.0074389008 39.5884764545
25.0000000000 8885.0031701576 369.0585724207 52.8397640367 36.7431193873
26.0000000000 4274.5128789894 277.1937762581 46.3717371956 20.2924633046
27.0000000000 7904.7920158778 345.7901339471 46.7267362417 36.1736953878
28.0000000000 15652.0590055392 467.4073654553 58.3106755313 51.0111599187
29.0000000000 9923.0804808803 387.8587340708 56.7116718932 33.8161070470
30.0000000000 16677.2991210847 509.9857355116 67.9738644336 56.3351320727
31.0000000000 3582.3772083019 249.8800541060 38.2547592810 24.1350655239
32.0000000000 11702.1346562871 420.6378648467 54.8158154276 45.4513429027
33.0000000000 8729.7145224464 345.1034494727 41.0219081581 39.2472857415
34.0000000000 5238.6672712785 302.2661789014 45.2735948218 27.4000386168
35.0000000000 4399.8106962148 278.9214608781 44.7880935152 22.7738470231
36.0000000000 8158.3817734550 369.6461568003 57.2990387206 32.8687270351
37.0000000000 10793.1693100651 428.6765778904 69.4472911783 30.1482799338
38.0000000000 12898.9405587204 428.6069842486 56.8998109919 44.6031622715
39.0000000000 6777.8760649074 342.7440616587 46.5601379553 39.2361110383
40.0000000000 24369.6768175734 590.3413964120 73.5782217720 66.0004563137
41.0000000000 5664.2987958763 297.1825727187 43.0814806687 29.3012044731
42.0000000000 12530.2816733212 420.8787783178 55.9020442648 42.4434670728
43.0000000000 7608.5316431744 332.6285278929 46.5253279412 32.2650111447
44.0000000000 13617.1571144731 433.1645046976 54.7863840500 46.5597781272
45.0000000000 5839.2331175385 332.5314843362 55.3144313718 26.8210890705
46.0000000000 6620.3767605472 325.3216921761 48.9109474082 30.9999383642
47.0000000000 5117.3181397167 277.8539719647 37.0157845969 29.8294264401
48.0000000000 5988.7947132186 301.6329980585 41.6630720579 30.9084765808
49.0000000000 13473.6587308896 455.2379197320 72.1855441310 34.8664382709
50.0000000000 11296.8686692562 402.6416685380 54.9286760865 39.4549821252
51.0000000000 14889.3172661431 471.0356363036 66.7778158473 46.2309759722
52.0000000000 11710.8816573228 440.3733544862 67.3239319987 37.6778517080
53.0000000000 4725.5144969265 281.5477571938 39.7300360807 30.4292891599
54.0000000000 24450.9787409222 584.8911662523 74.6832787274 61.4845287333
55.0000000000 3626.4950900056 297.6550689798 56.2304468275 17.7692696865
56.0000000000 13495.9911458351 429.1398499457 57.2161953369 41.8214808594
57.0000000000 3565.5512833437 245.5526030551 34.7435271862 26.5093657778
58.0000000000 1622.8278600529 2113.4869976475 300.9566048780 39.8768400536
59.0000000000 1747.5006689972 182.2339309268 30.5600984942 14.9960689796
60.0000000000 15911.2497222043 480.1454299196 68.1032220033 45.3914716083
61.0000000000 5668.1015707907 290.1771588644 40.1339816786 27.3808934215
62.0000000000 -11098.0939364436 1975.9709757148 358.1878887222 29.3172322646
63.0000000000 10902.5136291883 393.4287441611 49.7678378307 43.3021701578
64.0000000000 1786.9560823504 223.2727882802 42.1597516031 16.3179673561
65.0000000000 22046.8224070253 2056.1823396653 350.6196879614 37.6050231765
66.0000000000 3010.3292442663 284.5397730574 56.3801193015 15.7525211310
67.0000000000 4513.8466229679 317.8356443407 59.6067852549 19.9928947382
