0.0000000000 1105.4902596089 247.5634022007 51.3406400831 8.3425124409
1.0000000000 4465.3596931640 314.1980812135 52.2674906144 23.6385316548
2.0000000000 6535.3143788586 321.8670865251 50.5900455415 25.5079616902
3.0000000000 12699.1684208194 425.2713523043 58.3659535419 39.9368018290
4.0000000000 2164.6470456123 199.0444452955 29.2521506783 19.8159520538
5.0000000000 2201.2132565568 195.9978548304 27.7521592407 17.6200742804
6.0000000000 5015.8422286926 282.7059977665 41.0848895855 25.8680587481
7.0000000000 12541.5610196980 430.0756810674 63.4295391535 38.0488835014
8.0000000000 4871.4221011142 274.6309711625 34.8885619207 30.0399340871
9.0000000000 5388.1221591084 307.9536811802 46.8178562878 25.0990939655
10.0000000000 4807.7645376760 303.9180120378 48.7413226040 23.0545336493
11.0000000000 6753.2197122276 312.7393205970 42.0712884553 32.0404380882
12.0000000000 7430.9786100391 325.1192611655 42.3467541911 34.2849658997
13.0000000000 4385.5243299194 268.9754462931 37.6598432063 29.5172936179
14.0000000000 7124.5241080677 327.7125435691 48.9573598015 27.6067348500
15.0000000000 9765.1835887961 371.7521589118 48.2291916575 38.5639098825
16.0000000000 2827.3999598491 266.0393449254 51.2559333849 14.1601092220
17.0000000000 10355.6101908956 397.1804992282 56.3411219812 38.8014913054
18.0000000000 6052.0123369830 316.4099223949 45.3350894076 28.8070242497
19.0000000000 8736.6602930840 381.2932102339 59.8496516409 28.2086914337
20.0000000000 16999.8791631114 486.5230074785 64.1068911594 49.6759137931
21.0000000000 4344.5954633253 267.5554142216 38.0217251148 28.8215633330
22.0000000000 13937.8784251725 462.8076506026 66.7298810286 44.6309141115
23.0000000000 7483.0929064491 325.9777138345 43.0438860023 33.5212168271
24.0000000000 13676.7404048722 451.2642515505 62.5422226387 40.5710743466
25.0000000000 9183.1046532786 377.4148792293 55.1361757600 36.3093368423
26.0000000000 4250.0539469913 278.2229893538 46.4796936329 20.0324872752
27.0000000000 8078.9785160235 348.3099747031 45.3729195358 37.9558910610
28.0000000000 16333.0571304490 477.5674861091 59.8436249471 51.8955470401
29.0000000000 9691.3754988113 385.8578160424 56.7225554571 33.0415794996
30.0000000000 16072.9404592353 500.1536832811 66.1822741281 56.0136090605
31.0000000000 3542.4763807942 247.1956596029 37.6571826093 24.1212627286
32.0000000000 11447.3671515509 416.5956202679 54.4636351052 44.8422468182
33.0000000000 8675.6104251013 343.4967763012 42.3032191764 37.6656398737
34.0000000000 6210.3828738736 321.6674410672 47.0727597588 31.3061883015
35.0000000000 4911.8355700254 294.8932023189 47.5066562029 23.6864371818
36.0000000000 8260.1452623649 370.8449412586 57.0132950494 33.6202289645
37.0000000000 11120.7495569863 431.9818403354 69.7703588142 30.9175536143
38.0000000000 12824.2852406799 426.6153724858 56.5450389835 44.3004044137
39.0000000000 7010.5663462487 348.9580741312 46.9824026322 40.4935712461
40.0000000000 24839.0593909825 598.1125071531 73.9960451502 66.9432572706
41.0000000000 6643.2275657417 320.0260946727 43.9371952564 33.6470068157
42.0000000000 12809.0319182546 422.1847247162 55.1309394526 43.3349360096
43.0000000000 7223.2463886804 324.4466090201 45.6274667497 31.3577446080
44.0000000000 13579.4324447588 432.7801775497 54.4692520150 46.5829183140
45.0000000000 5094.5392919270 310.5362862854 52.1243079604 24.6373434968
46.0000000000 7081.1423487757 339.6240227010 51.6998581670 31.8103324816
47.0000000000 5334.0268443328 284.9510453485 37.8568326854 30.4687572847
48.0000000000 6049.1517887161 302.3767077283 41.5088507430 31.1986700056
49.0000000000 14261.4636772404 467.8904714330 73.0927019885 36.6074671197
50.0000000000 10930.8655457671 399.1178523372 55.3492393679 38.3322207309
51.0000000000 15791.6256565522 485.3695664741 68.6915218384 47.8849288941
52.0000000000 11590.3790360711 433.1586463691 65.3573165142 38.7280089495
53.0000000000 4638.8840140104 276.5508312617 38.6944688466 30.3783430543
54.0000000000 24653.1278689715 587.4704523932 73.3824590233 63.0851460055
55.0000000000 3987.9452861688 301.7924662944 55.4917756838 18.7569339096
56.0000000000 13761.5716341231 432.4838732826 56.8421868589 42.8833377209
57.0000000000 3584.9958051822 246.0167795753 33.7360207541 27.6257074950
58.0000000000 2555.2455451425 2115.5987792454 300.8537902320 40.5222160238
59.0000000000 2208.5434166045 197.6016563123 32.0462372995 17.3553889057
60.0000000000 15630.1652868686 476.1100114808 67.6587227981 44.7926213798
61.0000000000 5923.0815202204 294.7994091981 39.7697638419 28.9214108447
62.0000000000 -11158.3350122450 1989.9400156755 358.2209289057 30.6370083812
63.0000000000 11097.4670283327 397.1053009259 49.9213311631 44.2319854459
64.0000000000 2093.5048556108 221.7674843510 38.1924499236 21.1008124710
65.0000000000 21976.1290187032 2064.1765150311 350.7919880249 39.5232828909
66.0000000000 2988.2933814835 278.3234887214 54.6269117488 15.3125623246
67.0000000000 4207.0402528482 314.9977722634 60.2912760506 18.2450624275
