0.0000000000 1157.0450998052 256.5710459313 53.4144780996 8.3969279193
1.0000000000 4636.9379850835 320.3416664985 53.7411026205 23.6920643441
2.0000000000 6425.3895049420 325.0819802587 52.1733660599 24.4237225832
3.0000000000 13655.3490389458 439.3213185956 59.5202191417 42.0759582020
4.0000000000 2100.0566993645 194.0186646532 27.6527047185 20.4231588519
5.0000000000 2146.5574734510 187.1766301623 26.1624582081 17.7574001253
6.0000000000 5089.9504549765 286.0579851195 42.1934092246 25.5288687809
7.0000000000 12778.0973519216 432.8160360464 63.1931113194 39.3293302939
8.0000000000 5203.2972870899 285.1105676777 36.1130798768 31.1395242113
9.0000000000 5475.2476255383 308.7602096962 46.7058858610 25.7822328874
10.0000000000 4997.6918497256 303.5800824061 48.2843530171 23.6007361388
11.0000000000 7020.0304850062 318.9786877339 43.9917674107 31.6993632940
12.0000000000 8073.7265697739 336.8925890332 43.7282205418 35.7977740217
13.0000000000 4260.7521575295 265.0439764250 36.8462224009 29.2377579336
14.0000000000 7118.8723259065 331.1197394440 50.4031690770 27.4471495239
15.0000000000 9770.2660532740 370.8085186505 47.4750764147 39.5135006877
16.0000000000 3041.3388996020 273.3331300118 52.0612363368 14.8906935274
17.0000000000 10943.2851525733 403.7989078440 55.6799194065 40.6472544596
18.0000000000 6427.8420743660 319.6465866969 44.6853257190 30.8340092405
19.0000000000 8891.0274486467 383.3023441755 60.0424072328 28.5751476785
20.0000000000 16851.9964454181 484.3330134587 63.5615031210 49.5544476679
21.0000000000 4590.8868055300 275.1863100383 39.3420688777 29.3643503852
22.0000000000 13706.7717346948 459.1858753350 65.6860786804 44.6738867625
23.0000000000 7562.4543274122 327.6767395494 42.3484832382 34.6189969847
24.0000000000 14115.5549928799 460.1004451877 63.8922810817 41.0362380324
25.0000000000 9439.8641517571 382.1792275250 55.3306233240 37.3576110729
26.0000000000 4463.1812875181 284.2854139052 47.6019905575 20.5943257635
27.0000000000 8013.1275524529 347.2613585253 45.2011060072 37.9750071926
28.0000000000 16818.6306698781 483.6149958007 60.6079353097 52.8555302217
29.0000000000 10204.2425730876 394.9664316958 57.7479453179 34.0781079300
30.0000000000 16561.8285802146 505.9059095501 67.4086200333 55.4857445227
31.0000000000 3232.9176420642 238.0395738074 36.6827724612 22.7947756879
32.0000000000 10368.6886122181 396.0027423724 51.7479378872 42.6805199034
33.0000000000 9221.9685710083 354.7424659462 42.7820881116 39.7433790724
34.0000000000 6121.1407736780 325.4835578694 49.0890772299 29.7459568240
35.0000000000 4577.1548005649 287.6193456003 46.4555189665 22.9915207906
36.0000000000 8316.5743677081 372.9391662679 57.1452315360 34.0070217733
37.0000000000 10611.6074001601 424.0524882943 68.8615263848 29.9009861351
38.0000000000 13117.7373514228 429.1111298023 55.7107791215 45.3409154989
39.0000000000 7349.1847868157 357.6259398828 48.5269253631 41.0930813905
40.0000000000 24888.4533442294 596.1719221701 73.8105871444 67.1703803085
41.0000000000 6814.8635862376 324.4112743493 44.9361467763 34.0048327342
42.0000000000 12568.8945872254 420.1775170585 55.8340313282 42.4833993676
43.0000000000 7755.3787905786 337.4409497765 47.7117640840 32.4192441136
44.0000000000 13476.0847363940 429.9588199561 53.1748895711 47.2468630357
45.0000000000 5709.3883662799 325.7425942882 53.9239531254 26.6924652892
46.0000000000 7590.4466143849 347.1300943008 51.0358855154 34.3271619408
47.0000000000 5526.3049336827 288.5291967232 37.9747585742 31.2957977840
48.0000000000 5849.3495365401 298.4253825176 41.3670495798 30.2675891069
49.0000000000 14623.4592093257 467.7740242005 71.5775962562 37.7514492226
50.0000000000 10913.3366488725 399.1954908331 55.5830868692 38.1854371398
51.0000000000 15121.2524210143 476.7157515776 67.2578490245 46.6964358142
52.0000000000 11611.8312798819 433.4451051306 64.8640342013 39.2402511605
53.0000000000 4894.5025403647 285.6212692385 40.2394869985 31.0093948417
54.0000000000 24911.6462111440 589.2481144630 74.4556075845 62.9825390517
55.0000000000 4513.2254310915 317.4638367767 57.0517146676 20.9416459443
56.0000000000 13891.9017576999 434.1608706420 57.2526195518 42.9220055094
57.0000000000 3719.3323421595 250.1965145103 34.1792798951 28.2875153652
58.0000000000 1810.6653831067 2109.2544054381 300.8245376700 40.1829071837
59.0000000000 2140.7707096096 192.1868631039 30.0588897855 17.9538653686
60.0000000000 16519.3212694460 487.9492186729 68.4480391145 46.9334890238
61.0000000000 6136.9127021816 299.1985161511 39.9047775830 30.0126292796
62.0000000000 -12285.8613646930 1980.0704189658 358.0874392274 30.5192476236
63.0000000000 11592.4273965180 405.2569053155 50.3328050518 45.3898601633
64.0000000000 2365.4442574840 238.2482317633 41.6447084190 21.8664420610
65.0000000000 23415.5190824142 2069.2460860661 351.0769660364 40.7310047292
66.0000000000 2094.6570045873 266.9175025633 55.1855442378 13.1882787171
67.0000000000 3209.2630558226 301.9016848966 60.9303715699 17.2888602538
