0.0000000000 1157.4468719378 247.0946708089 50.7567724412 8.8364894366
1.0000000000 4919.3842997680 323.4680404863 53.3650386574 25.0710888637
2.0000000000 6747.4218152372 332.7713307743 52.7414514694 25.1908231831
3.0000000000 13463.9789300566 437.7530146063 59.4970946350 41.5629284007
4.0000000000 2042.7766860719 192.6806024950 27.4730808526 20.2939299356
5.0000000000 2259.6941752674 194.9517451594 27.0121435954 18.3605178690
6.0000000000 5173.1276169787 285.8431364498 41.8977060394 26.0897667228
7.0000000000 13333.0623477056 439.3192719820 63.5536411068 39.7296768884
8.0000000000 4767.5011771751 272.9773389732 34.3017328645 30.1971590322
9.0000000000 5763.8793333384 316.0730889558 46.8193718718 27.0291878249
10.0000000000 4963.0068620340 307.7110505789 49.9704004261 22.9296322694
11.0000000000 7001.6422236753 319.7813759657 44.8932102490 30.8816597052
12.0000000000 7973.9672722975 336.5037707906 44.2475348803 35.3107271040
13.0000000000 4492.8544410061 272.1499312321 38.2070827766 29.5730511444
14.0000000000 7306.4657606387 331.3585329762 49.1564866356 28.2461174223
15.0000000000 10041.3226419441 375.3984905812 47.7928099307 40.6077348403
16.0000000000 2702.6435387289 265.6708254682 51.8429206885 13.2779535337
17.0000000000 9910.9253670976 385.7360118797 52.9763215147 39.6772752083
18.0000000000 6930.4959967457 340.7848572293 48.5151204019 31.0022983084
19.0000000000 9479.4431985739 393.3025750426 61.3249946566 29.8294606221
20.0000000000 17379.6052738053 488.6183613717 63.8853122067 50.2138864590
21.0000000000 4638.4168924495 276.7187483615 39.3451321250 29.8399103189
22.0000000000 13637.8775928663 455.9574285575 64.6835402328 44.9325970674
23.0000000000 7777.6088938436 332.4521948460 43.4087193627 34.5613162660
24.0000000000 14316.2901093921 462.0637686170 63.4163570635 41.9219618808
25.0000000000 9388.6253806548 382.9695357789 56.1354298557 36.8484270163
26.0000000000 4386.8954412663 279.4441570872 46.6560260301 20.4465036023
27.0000000000 8322.7654984742 353.5133503348 45.4318230201 38.9814251481
28.0000000000 17241.7271702684 490.1092197663 61.2706960333 53.5600138333
29.0000000000 9819.6514135471 388.2663500864 57.1328466829 33.2826545739
30.0000000000 17269.8749526451 511.5622123367 67.7584881691 55.2456505642
31.0000000000 3206.8388052381 235.2596708816 35.5977082690 23.1774961513
32.0000000000 9559.6005610059 379.6082186377 49.8023812371 40.7792883120
33.0000000000 9437.5198046769 358.3144107320 44.8013839263 38.7313436700
34.0000000000 6273.2919427592 327.0593458742 49.7128046203 29.5340176804
35.0000000000 4921.7760911836 296.1000858807 47.7959217997 23.9672174462
36.0000000000 8398.6061864268 374.1769832546 57.2352890033 34.3177359393
37.0000000000 10929.3357130009 429.8636423089 68.9991211103 30.6752090204
38.0000000000 13386.0531174347 433.6015009855 56.4031624411 45.7087128872
39.0000000000 7507.3597578271 362.2494279838 47.8463316577 43.0551488696
40.0000000000 24935.3174092437 598.5571668218 74.2876355039 67.3992748565
41.0000000000 7149.0172128663 331.1774035110 46.0282410844 34.2980810544
42.0000000000 12812.8372595635 422.8971197194 55.4029538937 43.4919146770
43.0000000000 7793.2413091938 339.7766863275 48.4404813825 32.1996394875
44.0000000000 13193.1515369827 425.3148933960 52.5948906815 46.6448873448
45.0000000000 5500.8746273546 324.2257800356 54.6635725143 25.3549761077
46.0000000000 7971.1331945879 355.3045855183 51.7006683108 35.3586379218
47.0000000000 5234.5025513229 280.3290147066 37.0279183305 30.1990795219
48.0000000000 5704.6204938549 294.4225465833 40.9976768760 29.8566755299
49.0000000000 15246.1825551148 476.3801124813 72.1262905401 38.8994062792
50.0000000000 11285.0161609869 402.2003340539 54.6250375838 39.6241821204
51.0000000000 15098.9267344708 476.8575197759 67.8971109144 46.0983449408
52.0000000000 11390.4008370309 432.1104671688 65.2349842386 38.1918295908
53.0000000000 4996.0744210956 288.3761299167 40.5113403573 31.4060911509
54.0000000000 25366.0560603564 595.1214519050 74.4834389907 64.3053244588
55.0000000000 4388.8625755597 308.2751149481 54.8001217760 21.7642200735
56.0000000000 14034.0298556634 436.3671779140 57.3721627044 43.2726522208
57.0000000000 3930.3025892771 256.8468015503 35.2616800216 28.6477303126
58.0000000000 770.6950353624 2112.0761576492 300.8512932120 38.8817179784
59.0000000000 2108.2169873037 196.1291942084 32.2952497633 16.6665949174
60.0000000000 15610.7579024514 476.5406233934 68.4307740884 44.3906314040
61.0000000000 6730.0405955594 313.4648333555 41.5980649072 31.4213234209
62.0000000000 -13165.2292047236 1987.9043080108 358.0933510437 30.3032753809
63.0000000000 12031.5824107977 412.3176850720 53.1201376398 44.3660924846
64.0000000000 1897.3823314164 229.8406186490 43.2313022773 16.8989144315
65.0000000000 24957.1879600694 2066.5860559841 351.1290504722 43.0853208931
66.0000000000 3017.9634788853 310.4673104788 59.8547356865 15.2080388300
67.0000000000 2339.1714932682 299.2613353076 57.1102660751 14.6347580097
