0.0000000000 903.4793599678 233.8831548881 48.1095045289 7.2977412927
1.0000000000 4770.9849822732 320.7218170459 52.9355598633 24.6099483714
2.0000000000 6546.8983376756 324.0914277354 50.1826935251 25.4848099754
3.0000000000 13670.4729915743 443.7221356363 60.5191400474 41.4639580054
4.0000000000 1917.4471949253 194.5034332506 29.0013158805 18.6460894995
5.0000000000 2386.1961192770 202.0300903534 28.6100365774 18.2612037168
6.0000000000 5004.1014485710 282.1881048629 41.6524787384 25.3740798579
7.0000000000 13013.4032864787 432.1220088730 61.5413864355 40.1483054589
8.0000000000 5190.1067258846 283.1458391037 35.6279193736 31.3646126301
9.0000000000 6053.6606805336 319.7194726439 46.5012151851 28.6770098552
10.0000000000 4749.6475297413 303.6712961150 49.6706667544 22.2926436592
11.0000000000 7103.4919662593 322.9559312332 45.2197669360 31.6350901584
12.0000000000 8714.0154562270 352.6318894630 46.7588737773 36.7390347079
13.0000000000 4827.6573302805 281.2865043053 38.6376253067 31.4600194654
14.0000000000 7688.6903448768 338.2641107795 50.3336786878 29.2566312109
15.0000000000 10263.4627078686 379.5343946170 48.1185872221 40.9643225362
16.0000000000 2593.0387765620 263.5394880913 52.0347744276 12.7520067486
17.0000000000 9207.6889464801 370.3746629671 48.7390405792 39.8788659373
18.0000000000 7369.0157158623 350.5386963676 49.8264792090 32.0922773157
19.0000000000 9697.0654426144 398.3470560453 61.8669226773 30.2192058506
20.0000000000 17451.9778031766 490.8886951918 64.2082950857 50.3109316434
21.0000000000 4732.0936622876 280.9211901364 41.5515267988 28.6280729502
22.0000000000 13385.3149987257 451.4428580959 63.9302733157 44.5606307941
23.0000000000 7685.7523031762 329.1187506691 41.3369198545 35.9990390556
24.0000000000 14613.4737324520 467.5767683453 64.5956394900 42.0516571132
25.0000000000 9447.4327569926 383.9793556479 56.3223472806 36.7990197201
26.0000000000 4404.8900071889 280.6790305269 46.9658207891 20.4198278799
27.0000000000 8396.8807155106 352.9889026010 43.9531967155 40.6271306392
28.0000000000 17293.3434416059 490.9292066550 61.7331521726 53.2359037734
29.0000000000 9712.2008200388 388.8296191939 57.2723122213 32.7556154297
30.0000000000 16730.3169721133 504.2177768994 66.2345776847 55.5770941846
31.0000000000 3244.5936307301 237.2905648288 36.0340760344 23.1803006604
32.0000000000 9683.9759507579 382.8977704831 49.9804610790 41.2970322090
33.0000000000 9495.5700900730 360.1862107638 43.5985267975 40.2977344055
34.0000000000 6834.4195072742 340.7027316152 51.0222868143 31.0883556069
35.0000000000 4656.6117056441 287.7751629501 46.0445634477 23.7358269546
36.0000000000 8462.0170261884 372.9161400517 55.8544137968 35.0739060223
37.0000000000 10421.8922782933 418.1519064402 66.8335365966 30.1554681080
38.0000000000 13168.1132404431 429.8178768178 55.7265303326 45.4109891124
39.0000000000 7810.6964013454 369.9266327142 49.8649924844 42.8164165692
40.0000000000 25540.2467153798 604.6099408116 74.4845523366 68.5970691049
41.0000000000 7843.9879281463 346.3613796926 48.1099911692 35.7969810658
42.0000000000 13219.3817053985 430.8929628950 56.2928984831 44.6324431692
43.0000000000 7504.1435391204 334.8499994651 47.9876475552 31.6320846750
44.0000000000 13776.9621249119 434.3535916012 52.9949693245 48.4012538351
45.0000000000 5763.1501912537 332.2005213618 56.3268244604 25.7723447788
46.0000000000 8016.0946365370 356.9168167035 52.8933531847 34.3169180914
47.0000000000 5217.1669676641 279.4069365786 37.1657662862 29.8506073463
48.0000000000 5831.4685394424 296.6530171538 40.5996355316 30.7269918727
49.0000000000 14479.3736752706 465.4467481193 70.2619025935 38.3267084259
50.0000000000 11409.4288047775 406.6189343413 56.3924001533 38.8744458245
51.0000000000 15662.4700387157 481.1831708913 67.5188382981 47.4989087552
52.0000000000 11655.5261024866 439.3063882887 66.6995736563 38.4005466134
53.0000000000 4704.3005214119 279.8902200930 38.9571615960 30.8654482566
54.0000000000 25750.3908202995 599.8232261782 75.8943001887 63.6617200164
55.0000000000 4424.7108049439 310.0524309868 55.5222648516 20.7059064572
56.0000000000 14328.7081370119 439.7922670498 57.2151198287 44.3518082870
57.0000000000 3921.5083987094 256.0105928446 34.9040051101 28.9932213986
58.0000000000 995.1447706919 2100.7081995642 300.7417047419 38.2587116889
59.0000000000 2387.1493261248 202.6138633229 31.2533660420 19.3392167643
60.0000000000 16147.2314672518 486.5967664361 70.7887091774 44.4100748156
61.0000000000 6746.2359072198 311.5991953654 40.9796822062 31.7943056800
62.0000000000 -14190.6577928129 1976.2866012684 357.8713661656 30.5632040282
63.0000000000 11837.1229123342 408.5182555698 52.5529442720 43.9123184866
64.0000000000 2077.0021958537 234.8395073023 43.3474045338 18.4480866344
65.0000000000 25185.5292290818 2080.1278463462 350.9986202705 43.7876700120
66.0000000000 2824.0206118922 316.2707730990 57.9855088227 14.6178892724
67.0000000000 2086.1427238780 341.5690654607 62.0219268096 14.3558708318
