0.0000000000 972.3462892683 241.1905599816 50.5341266545 7.4540523463
1.0000000000 4947.7657094712 323.2003541193 52.7083713075 25.7655402676
2.0000000000 6815.1850743103 331.8208328241 52.1539895721 25.9212675474
3.0000000000 13505.0346137113 441.2328538196 60.7190586216 40.8973003000
4.0000000000 2008.3222610806 193.8519280090 28.0850973661 19.8297754365
5.0000000000 2024.0306103795 188.4317041721 27.1222203851 16.6145261413
6.0000000000 5322.0484336530 292.6633638879 43.6760380510 25.7468752532
7.0000000000 13341.6762249172 433.9288036411 61.0033941471 40.7207771204
8.0000000000 5186.5985917825 282.8223050092 34.9893307623 31.9728441795
9.0000000000 5793.1868495529 315.3189897013 46.6675754149 27.7626473205
10.0000000000 4751.7772862770 301.8266419200 48.8359748715 22.5582009284
11.0000000000 7012.3222924745 320.7515059922 43.8094114150 32.3481042489
12.0000000000 9342.0905834850 365.8743228139 48.8849213765 37.8774452215
13.0000000000 4564.1807528200 274.2955986405 38.4122393388 29.8457178060
14.0000000000 8001.2071900396 344.2544468319 50.8639362150 29.7442985374
15.0000000000 10324.0505788318 382.4971816011 49.4175220208 40.5498323178
16.0000000000 2683.0675280773 267.9808259624 52.7402873387 12.9305791880
17.0000000000 7658.9309580136 337.9062340671 44.0215902126 36.9405309629
18.0000000000 7131.7014479629 346.9026420054 50.0167072398 30.9579599097
19.0000000000 9820.2404565917 399.7078607397 62.0535464845 30.5306901044
20.0000000000 17993.7469793076 497.0744452150 65.6363930221 50.6085163393
21.0000000000 4635.3713082329 280.5793900117 42.6531040284 27.4778515428
22.0000000000 13984.8440775381 459.6342834992 63.6959920195 46.4977344529
23.0000000000 8088.5315502532 337.4440519922 42.8675597732 36.5257773729
24.0000000000 15269.9201570815 477.5623285164 66.2849347124 42.6473573864
25.0000000000 8832.7620177698 373.7305885790 55.9631149845 35.0353572175
26.0000000000 4116.4375364790 274.4307643802 46.1538722014 19.2139573191
27.0000000000 8263.2366870507 349.6416377911 43.5073480991 40.4276983484
28.0000000000 17840.5483439159 501.7297994208 62.4117389110 55.5478055907
29.0000000000 9964.2671258708 391.2419363205 56.9411327350 33.8836342058
30.0000000000 16117.6269013293 496.9733307478 65.4646959039 55.1889935509
31.0000000000 3543.5379215038 248.2110735170 37.5709289417 24.2927622015
32.0000000000 10357.9467253863 395.5879673040 50.9517271959 43.4138211325
33.0000000000 9504.7142219747 359.4291133404 44.3842684606 39.4793519300
34.0000000000 6893.7547446639 344.1627931176 52.2624981259 30.9242122241
35.0000000000 4661.6028334048 292.1748776864 47.8116873520 22.4696781118
36.0000000000 8341.7033197426 369.1290871002 55.4702873607 34.3892627536
37.0000000000 10584.5806088293 417.3386287001 66.5005674209 30.7899501410
38.0000000000 13636.2867265156 437.4738701695 56.4679691551 46.4718689476
39.0000000000 7524.9287384260 362.1506386765 51.2551968452 39.0876694913
40.0000000000 25468.7453664216 601.6534388680 73.0062595210 68.9179875025
41.0000000000 7161.5502290582 338.8044834134 48.0401822536 34.9034790589
42.0000000000 13339.8573300896 432.5850560569 56.6025128052 44.5620500380
43.0000000000 8436.1262789818 349.6520490189 48.3871240180 34.7334235745
44.0000000000 14000.6477440224 437.9992747470 54.1346331601 48.1740499069
45.0000000000 5408.7408614700 324.3075716096 55.2191345632 24.6873145021
46.0000000000 8885.2271427964 374.2374856741 51.6240385531 39.8452504464
47.0000000000 5369.7824541983 282.9301170838 36.5647982456 31.5461071996
48.0000000000 5859.9799822550 298.7934657856 41.5776809754 30.1117497583
49.0000000000 14615.8079000418 465.8529207327 71.1512377655 38.7185533839
50.0000000000 11270.6858422430 405.8639127656 56.3130441419 38.9970452750
51.0000000000 15473.5216977280 478.0451071586 66.9551019110 47.2159462950
52.0000000000 11750.0435727799 438.2909679012 66.1110513925 38.7316413949
53.0000000000 4895.0934818045 283.8382704339 38.7729876181 32.0833878274
54.0000000000 25502.1389298502 598.0855072033 75.1925357721 63.7790848913
55.0000000000 4834.3040996027 322.6445051900 57.4430483703 22.0687563632
56.0000000000 13957.8347541015 436.5139355122 58.2385902694 42.4746025722
57.0000000000 3832.4250839153 253.6650613881 34.0024794077 29.3370220088
58.0000000000 462.1097735108 2106.0429271674 300.8654288703 39.3554138689
59.0000000000 2607.6964369446 211.1969188567 32.3062207801 20.5353558576
60.0000000000 15702.9243146282 481.1167250942 70.2869276765 43.6030600133
61.0000000000 6382.9566159477 306.4517643448 41.6139849248 29.7774009061
62.0000000000 -13379.3601106009 1968.8635058990 357.2735797988 30.4325273851
63.0000000000 11552.2146563019 404.8187516268 54.3735385979 41.2873000706
64.0000000000 2005.6069877571 221.6670522417 39.3002886972 19.6456244195
65.0000000000 26557.7276766599 2104.6584150074 350.7947185434 47.9166461044
66.0000000000 2902.8899273672 313.4263444929 57.6152475390 14.4462038300
67.0000000000 2241.1933268403 343.7675252371 59.7542115563 14.3816692707
