0.0000000000 952.6884601274 227.0828896613 47.2246783737 7.8011423607
1.0000000000 4708.4793723203 315.0493754794 51.7551347464 24.9442038247
2.0000000000 6224.6979465015 324.7912541217 52.2497901434 23.3416035970
3.0000000000 13309.1622795821 435.7235466477 59.4904864085 41.1380526329
4.0000000000 2080.2843963883 196.0253190808 28.0296108742 20.4895668938
5.0000000000 2049.1437611812 189.5246616975 26.7138105154 17.2469927996
6.0000000000 5773.1916409747 301.1827989242 44.1191871713 27.6662857937
7.0000000000 13445.2460271881 438.8825666671 63.0400965572 39.9949129711
8.0000000000 4839.7953483160 275.8116257999 34.3435885132 30.7167573190
9.0000000000 6086.2639697723 324.0789921131 48.0439999256 28.0333931682
10.0000000000 5228.6927234956 308.3582303866 48.6495293921 24.6812087021
11.0000000000 7171.2811492144 324.2959472567 45.4891022814 31.5287522190
12.0000000000 9730.1330881869 371.2756715029 48.5804681236 39.2945827673
13.0000000000 4784.5835415743 279.7805446851 38.3751150392 31.2995972031
14.0000000000 7564.8420456492 335.1372281779 49.3081360744 28.8951054011
15.0000000000 10633.5501458704 385.3785644854 49.1668814956 41.4711128101
16.0000000000 2867.3682498933 279.4467001763 54.6876311073 13.5034306453
17.0000000000 9012.3079393395 364.0391967315 47.4080750200 39.6560522498
18.0000000000 7399.3623282320 347.4954634410 48.9813706121 32.6989789542
19.0000000000 9840.3151776367 394.9382145761 61.1943695046 31.1091490927
20.0000000000 18288.7518896859 501.7542766076 66.6282299902 50.3527963504
21.0000000000 4695.5207954007 278.3794163753 39.9966531677 29.5798499880
22.0000000000 13724.6590587833 453.7227366187 62.0846072984 46.7758242746
23.0000000000 7869.1386071141 333.9824477198 43.1925920891 35.2621344317
24.0000000000 15105.7874509372 474.9883267462 65.9999807479 42.3702147337
25.0000000000 9597.0901710854 387.5519419830 56.8244828697 37.4249278969
26.0000000000 4493.9282491739 282.0679104485 46.7904970968 21.1023637494
27.0000000000 7535.7469015833 335.5163727067 41.5864060938 38.7243906756
28.0000000000 17827.9030166866 500.2955866782 62.5248544999 54.9480484895
29.0000000000 9663.6170041029 385.3278428000 57.0366223735 32.8923256678
30.0000000000 15888.6115456523 491.4596324545 64.6102235166 54.0552804392
31.0000000000 3400.7133696454 244.4344960879 38.2574560406 22.6837560478
32.0000000000 10894.5494584712 402.4576969215 50.9264487180 45.4240739199
33.0000000000 9367.7768124881 357.5868533909 43.3615477906 39.7746236386
34.0000000000 7191.5939233484 352.2266856125 54.1093022952 30.8538166911
35.0000000000 4842.6285664305 292.4980672700 47.1269736730 23.8183665004
36.0000000000 8504.4499848980 372.9164858272 56.1993222122 34.8922751153
37.0000000000 10486.7874037341 414.3793681120 66.0376562330 30.7481939660
38.0000000000 13681.2692565197 437.4734571508 56.2660627384 46.5438681122
39.0000000000 7829.3863594621 371.5247706991 50.9763967526 42.0249321279
40.0000000000 25373.9392056341 602.6462455249 73.5375958975 68.7553225962
41.0000000000 7488.4705013422 340.8996130104 47.3177051898 35.3411354303
42.0000000000 13460.6015550356 433.8377263807 56.2834442994 44.7684995675
43.0000000000 7811.1746784699 338.8178837723 47.7900983415 32.3200856172
44.0000000000 13900.3890367651 437.6086691961 55.1741055525 47.1188817294
45.0000000000 5237.6130439744 321.8491406350 55.3872383659 23.8561876331
46.0000000000 8309.9453936794 362.3165973144 52.5308861427 36.1605673556
47.0000000000 5418.1336267941 284.0348310147 36.7422052041 31.4893255421
48.0000000000 6144.7200869583 304.7543800670 42.0097254276 31.2979833964
49.0000000000 15724.2602846643 481.7051283863 72.7326099886 40.1384817511
50.0000000000 11220.9463512025 403.8580442627 55.6772949888 38.8353581826
51.0000000000 15379.7780907074 480.5529439930 68.5889230830 46.6487922947
52.0000000000 11733.6629734284 437.5084272179 65.4435561713 39.3692462412
53.0000000000 5010.5516841578 290.6348560585 41.6815276648 30.7635149258
54.0000000000 26325.6827181655 608.4325184187 77.2523472673 64.6963178581
55.0000000000 4095.9873764147 301.8649134479 55.0002347250 19.6844582347
56.0000000000 13841.4156247606 434.4457396895 58.1128399430 42.1676512841
57.0000000000 3684.2040747383 247.3268213251 33.6663911380 28.0395760247
58.0000000000 2319.9519179074 2108.9880024021 300.0898620253 39.7375622782
59.0000000000 2086.0414736310 192.5855514796 30.7157903123 17.4226762873
60.0000000000 16155.1905534062 490.2341935014 72.1453099302 44.1044674055
61.0000000000 6914.4036024117 317.1920429893 42.5317536540 31.8880660414
62.0000000000 -13895.7330526430 1976.7123813559 357.2512011545 31.3615734841
63.0000000000 11489.6946536314 406.4596175152 56.3141995447 39.7431483627
64.0000000000 2034.1566176234 223.5485847512 39.6942381484 19.7276992128
65.0000000000 25380.1975326618 2130.1763106005 350.1903501838 51.1204923720
66.0000000000 2312.7452691593 327.8122371179 58.5848222879 12.4151474476
67.0000000000 1664.8450428692 399.5544746906 65.8024498325 11.6547639296
