0.0000000000 836.7240324492 227.3675375411 47.3012933133 6.8610302401
1.0000000000 4575.8491932154 315.9738547772 52.2141100488 24.0642071922
2.0000000000 6380.8847780142 326.9317237669 51.7210665972 24.2320580026
3.0000000000 13155.6909768075 433.2224445807 58.5868487312 41.4222792331
4.0000000000 2388.4708987291 211.1267018851 30.5462729819 21.6863062763
5.0000000000 2253.2217097260 192.9461786077 27.4310032858 17.8860152835
6.0000000000 6135.7591860937 312.6052518228 45.9866759319 28.2457363253
7.0000000000 13687.4821393636 442.1027063453 63.2391961869 40.3808265363
8.0000000000 4955.7428428071 277.5088555263 35.8079414348 29.7409113102
9.0000000000 5829.8187365612 316.8359241704 47.4064519387 27.2654247331
10.0000000000 5229.6868680009 312.1515379658 49.1869205411 24.6899145261
11.0000000000 7503.9412186022 331.0992113266 46.2835587435 32.2545889335
12.0000000000 10182.5883372472 379.3605422861 48.2939911896 41.4096542004
13.0000000000 5073.7034978982 288.4132666960 39.6589072672 32.0847435239
14.0000000000 7962.1893545145 343.9282359040 50.7639545250 29.3564865969
15.0000000000 10509.9210034495 384.1001411430 48.9516016114 41.3201452667
16.0000000000 3078.6503073305 268.3906671778 50.8852379188 15.5064281408
17.0000000000 9210.4363615934 367.4254989892 47.7187677827 39.8393010030
18.0000000000 7069.5619079854 345.2449882764 49.8671498000 30.8140484707
19.0000000000 9865.9342147244 397.7483063995 60.9694053811 31.2199414217
20.0000000000 18539.3980554663 505.6188435069 66.5147941511 51.1466845454
21.0000000000 4769.7517844886 282.2826133573 41.4751418701 29.0067703900
22.0000000000 13118.8973945253 445.0548447039 62.3854382617 44.6042836358
23.0000000000 8168.0164347013 340.1140541795 44.0598658271 35.8146196100
24.0000000000 15328.5859509165 476.2118440603 65.2078085821 43.3634656749
25.0000000000 8616.2964411112 368.6914220489 54.7962253165 34.7054786694
26.0000000000 4473.4242977395 283.2440413989 46.8384923617 21.0781633236
27.0000000000 7101.7151186470 326.7253543442 41.5361917818 36.5102851639
28.0000000000 18077.6229495201 504.9954227203 63.9932190168 54.4159739660
29.0000000000 9694.4031896319 386.0750775216 56.5944591051 33.5776254164
30.0000000000 15807.2245753153 490.6050116702 63.7038426699 55.3160517971
31.0000000000 3439.9865343814 244.8292172601 37.3661626468 23.7966964264
32.0000000000 11290.2080028267 411.1964972762 51.8241130006 46.4219457439
33.0000000000 9799.5029954082 365.2940017340 45.4265510493 39.6423794834
34.0000000000 7263.7041086701 350.3440917921 53.7017032547 30.7810113851
35.0000000000 5041.0722338467 297.3372249442 48.1616315164 24.2264680955
36.0000000000 8607.3365301235 371.6228307330 54.6601966489 35.6794559926
37.0000000000 10242.3996226814 410.0901540359 64.7098368373 30.6317967252
38.0000000000 13437.3289726403 432.3933757597 54.8141323288 46.8788256552
39.0000000000 8215.1053097063 380.6461978377 52.1626702914 43.0703887984
40.0000000000 25857.7603021491 607.2985979622 72.7243317488 71.0234200340
41.0000000000 7315.8146062167 336.5615756286 46.5575328522 35.3443827315
42.0000000000 13033.8758253698 425.3026713818 55.0944655912 44.1180131472
43.0000000000 8522.7719123877 355.0691988480 49.8968426786 34.1261235901
44.0000000000 13999.3248552511 440.4584425050 56.1853084052 46.5857756154
45.0000000000 5090.1288449058 313.8333025532 53.0849112690 24.2660795219
46.0000000000 8707.5286112272 368.5840799473 52.7930006117 37.0994665981
47.0000000000 5381.4248463563 283.2628932927 36.8736984787 31.0920521984
48.0000000000 5919.6884300684 298.8542171309 40.9759527330 30.9123252733
49.0000000000 15188.3965665968 476.3752289356 72.4927638210 38.8765169334
50.0000000000 11283.4182394748 406.3967595890 56.3657165265 38.6013336598
51.0000000000 15846.9805009446 485.3924542391 67.7988662542 47.7769958668
52.0000000000 12096.8331986844 445.0238190700 67.6010544228 39.3295180170
53.0000000000 4994.0532030589 290.6019417478 41.2630357716 31.0819625238
54.0000000000 26324.1115903537 607.0943869841 77.1272333919 64.7810190371
55.0000000000 4035.8227312100 306.8042062494 56.1307427026 20.0681369571
56.0000000000 14209.3106546722 441.2061119765 59.3972345831 42.3703520949
57.0000000000 3740.5911085603 249.0414267198 33.5515767370 28.5471210641
58.0000000000 -994.0179866694 2096.7586365540 299.7872082478 38.3374215425
59.0000000000 1899.4080548080 189.1044588078 31.7843244681 15.7962505785
60.0000000000 15480.9431863010 482.4315315570 72.3682683957 42.1846492505
61.0000000000 6762.4472791844 312.8018316541 40.9804184084 32.0122563230
62.0000000000 -15003.2309696498 1970.8777803841 356.8322239930 31.5493369587
63.0000000000 11233.5172338590 402.2639329513 56.2827071741 38.8294414598
64.0000000000 1673.4666091153 219.4598031320 41.9151020857 15.3709558127
65.0000000000 29283.7981319429 2122.6388025128 350.4097272080 53.0160265215
66.0000000000 2424.0004135625 340.9295177814 59.8657256901 13.6597475596
67.0000000000 1888.2405316261 396.1910457858 65.4663664392 11.7975899997
