0.0000000000 863.8725206030 217.5327374844 44.8488782669 7.4553577778
1.0000000000 4766.6702237170 319.7582617499 52.8028019518 24.6674672918
2.0000000000 6494.2292795561 327.2973825819 51.2857642290 24.6723062879
3.0000000000 13505.7068833898 439.0293292650 59.7632447646 41.5813294739
4.0000000000 2242.9480359331 201.9812917489 28.5675561169 21.5584467586
5.0000000000 2047.2752581363 188.5812009103 26.8808037673 16.8977853653
6.0000000000 6197.5274365605 316.1320124973 47.2291909490 27.8380996276
7.0000000000 13301.6193778341 437.3410044075 62.9311386969 39.4320279411
8.0000000000 5079.0673520624 283.2518390524 36.1948013997 30.4392818592
9.0000000000 5445.9338813101 310.9052456036 47.1397057662 25.7953368063
10.0000000000 5215.3644224286 312.2947674182 49.5585207811 24.9199253935
11.0000000000 7705.0752127744 336.9660646615 46.8357408144 33.3386383252
12.0000000000 10394.1887235709 383.6075510732 49.6025825178 41.0396382132
13.0000000000 4990.0831024688 286.0061038857 39.1410887774 32.0796858706
14.0000000000 7901.3012790813 343.7747406228 50.9280479571 29.3713824821
15.0000000000 10763.1193311195 390.0993772178 49.4492845935 42.3863893076
16.0000000000 2524.3587020430 259.9111261996 51.1652352318 12.5680978759
17.0000000000 9757.4369232329 377.1888569493 48.1979461221 41.8520135605
18.0000000000 7109.8540734739 346.0616796868 50.5432943376 30.3745008856
19.0000000000 10540.3957658688 407.3349592182 61.4049778939 33.0788451642
20.0000000000 18499.9656756532 504.4519733977 66.5708467088 51.1365491331
21.0000000000 5162.5422855860 292.0553918063 42.0051530367 30.9643805254
22.0000000000 13640.5843246421 453.3318272951 63.2377798492 45.8037177954
23.0000000000 8116.8814806470 338.5307786168 43.4362674826 36.2363350467
24.0000000000 15023.3981495707 473.0105576696 65.1652142712 42.3495862101
25.0000000000 8508.8312256791 364.3352769901 53.7229620556 34.7150825229
26.0000000000 4299.1009657886 277.2502251522 46.0857908571 20.2474498131
27.0000000000 7117.7727659556 327.0729939554 41.5812726069 36.5826805910
28.0000000000 18188.9415199455 506.4150018204 64.5488097578 54.4910716164
29.0000000000 9344.8566092975 377.7270682986 55.0338214247 32.9725442066
30.0000000000 15942.5587827354 491.9399161616 64.5774705529 54.4746370556
31.0000000000 3448.5821721582 245.4637199049 37.7504894595 23.4844740933
32.0000000000 11575.8633429586 415.0442327430 51.3638812622 47.9499265752
33.0000000000 10066.1580776631 370.1268236342 46.2135907245 40.0394931187
34.0000000000 7023.0229887001 348.4171918454 54.6361947086 29.7290024467
35.0000000000 5082.4245506168 298.8545330739 47.7736394286 24.1831234246
36.0000000000 8667.8487011950 375.0077212242 56.1631842638 34.9671853313
37.0000000000 11067.6362562479 421.3145795685 66.0713696756 32.6129996647
38.0000000000 13970.6004789521 441.3820735779 56.8631438146 47.0044314323
39.0000000000 8315.1343555378 382.4725726024 53.3139595841 42.3537187733
40.0000000000 25074.9784129137 598.6958670056 72.0809842652 69.5796059546
41.0000000000 7388.0226066560 337.7832616879 46.4734752409 35.5389419713
42.0000000000 13644.5616289101 436.7581017659 57.1421937839 44.7197707977
43.0000000000 8496.6655502245 351.9658046539 48.5039777601 35.1358030055
44.0000000000 14425.0620167563 446.2245272735 57.1037030688 47.2668841936
45.0000000000 5552.9203318341 328.3865903407 55.6423945437 25.2122005518
46.0000000000 7660.1385226081 350.3831696101 51.9262012267 34.1283766553
47.0000000000 5414.7990702023 283.4488438884 35.8276491845 32.2459689377
48.0000000000 5787.4045416397 296.4170795153 40.6966004034 30.6127155620
49.0000000000 14754.2802105245 471.1326863635 71.7503741892 38.4429353868
50.0000000000 11416.2676997579 409.2259737062 56.9586024359 38.7767618724
51.0000000000 16063.5675798970 486.4691304780 67.3349838297 48.7044459453
52.0000000000 12093.4278568676 443.0699373944 66.6932899788 39.5828260792
53.0000000000 4953.8405311485 286.2126484385 39.4138469051 32.0318228803
54.0000000000 26017.1405829152 604.5361476293 76.5513630071 64.2362022164
55.0000000000 3790.3047986329 294.8781329461 54.3256012309 17.9758133038
56.0000000000 14639.1379637664 447.2112781400 59.2248241506 43.8352907454
57.0000000000 3664.2305751108 247.0046073546 32.6397104219 29.1508155621
58.0000000000 726.3739169041 2096.0086784867 300.0363287621 38.8389736990
59.0000000000 2424.3982582342 205.7986008405 31.9575909639 19.4745377135
60.0000000000 16079.4737706604 493.5376032462 74.1532441916 43.0121624841
61.0000000000 6918.4379785049 319.1391275965 43.8811646535 30.5848968425
62.0000000000 -13454.5162965859 1963.6997268375 356.8781677893 30.8117071657
63.0000000000 11558.9346455904 409.5428669883 57.5710304892 39.1974823216
64.0000000000 1737.9803342996 206.9504728840 36.7725514672 18.1945378815
65.0000000000 26274.9178181879 2133.7021798425 349.6294737210 53.3779572540
66.0000000000 2357.6511522990 351.9143363134 62.7464182503 12.4985939433
67.0000000000 1684.2211371828 406.0731743899 66.2253081413 10.7486030201
