0.0000000000 985.3741521443 231.9550914067 48.2358143785 7.9027424397
1.0000000000 4945.9596616702 318.4750102083 51.5976887105 25.9915399483
2.0000000000 6637.9500994296 338.2358225601 54.0131942803 24.2299672558
3.0000000000 13929.4027943722 443.1737495966 59.3692524471 43.1160066647
4.0000000000 2131.9155070890 198.7368818139 28.3257433602 21.0316402508
5.0000000000 2237.7840212273 194.1592951711 27.6103781836 17.8345213457
6.0000000000 6753.4766994421 325.8061852699 47.8452466807 30.0675786018
7.0000000000 14028.0110225024 449.1343826972 64.5462874846 40.5628608281
8.0000000000 5133.6995812632 285.5404403735 36.6394907469 30.4653001539
9.0000000000 5891.9482754532 316.7066798257 46.4526292976 28.1866814180
10.0000000000 5775.7188874759 319.6162084911 48.4037240189 27.8203443149
11.0000000000 7903.5183780192 341.9353313930 49.3679042535 32.0506482732
12.0000000000 10972.8489826734 395.2215137888 51.2736797381 42.0585680376
13.0000000000 5081.1946256884 288.1602041617 39.1927579905 32.5724909011
14.0000000000 8064.3280270113 345.8998131485 50.5973037103 30.0800376632
15.0000000000 11040.8460613914 392.5104708736 49.5975931494 42.6715793248
16.0000000000 2969.7870790446 275.5205501504 53.3704241571 14.1691669152
17.0000000000 9907.7731095666 380.6770332073 49.1214793219 41.9652735308
18.0000000000 7713.7801853813 353.0631617990 50.1976479828 33.2699127062
19.0000000000 10447.4167593870 402.1618013584 60.6811174687 33.2222244149
20.0000000000 18751.8815516779 509.2767234142 67.5558511088 51.1414911343
21.0000000000 5119.3041754605 291.5637687683 41.8092095717 31.0378903467
22.0000000000 14235.6874363056 461.3493392907 63.4825344316 47.4494427544
23.0000000000 8380.7821605974 344.0859865121 44.3191054552 36.6220889943
24.0000000000 15524.5289571928 481.3536161326 66.2495815508 43.0090458113
25.0000000000 8995.7781890098 373.1160715523 53.5489322282 37.0535874962
26.0000000000 4660.4413687948 285.5551779156 47.1267105653 21.4571865041
27.0000000000 7083.0244995408 326.0356873138 41.4864833682 36.6302889329
28.0000000000 18730.1509134440 513.3168495413 65.6221080948 54.6192619142
29.0000000000 9658.2868641262 380.4596368962 54.8468430476 34.1610482734
30.0000000000 15227.3185805666 482.8463025138 63.5968620578 53.4800227876
31.0000000000 3391.1106533047 244.0575281159 38.0923780296 22.7666988560
32.0000000000 11899.9139878407 420.6483778234 52.0688423023 48.6386864770
33.0000000000 10025.0336316476 369.6269272629 46.7078216388 39.5042369813
34.0000000000 7391.4038303480 354.8514233066 54.3822726830 30.5135752893
35.0000000000 5380.5926341744 302.6648920864 47.6008995805 25.7894348744
36.0000000000 8345.4411661433 360.8562330945 50.2055435752 37.3541468810
37.0000000000 8838.4020010402 373.6905289633 57.1465230036 29.9733417272
38.0000000000 13752.2380238711 435.6185600526 55.0048686864 47.1448850398
39.0000000000 8390.6438615413 385.2231019798 53.0982347402 43.2677511692
40.0000000000 26117.3733608728 611.7789466442 73.9299683352 70.6829493945
41.0000000000 7348.2832959001 337.2349150110 47.4173448726 34.6880330606
42.0000000000 14126.3658304693 444.1344971234 57.0107998073 46.7119842718
43.0000000000 8394.9027428374 351.4263513033 48.1390337738 35.4591451150
44.0000000000 14543.0406046269 449.0011281416 57.5581188199 47.5206848642
45.0000000000 5811.5200229160 331.0112033262 54.9282053235 26.8005673406
46.0000000000 8675.9932498855 368.2245009152 53.1948509986 36.4241740336
47.0000000000 4914.3928693024 271.8530868326 36.3816794914 28.8185274263
48.0000000000 5512.6871440273 288.5783988460 39.4114939920 30.1030282724
49.0000000000 14980.9639194918 473.2608946197 72.2785664803 38.5900358843
50.0000000000 11893.8240953650 421.2357722039 59.9213828329 38.4918558171
51.0000000000 16334.1368872330 491.9929658885 68.6108545484 48.5311935652
52.0000000000 13238.8273480709 460.2233443114 67.2557177357 43.2179175568
53.0000000000 4777.8367472127 282.4956411169 39.7580416410 30.6917336259
54.0000000000 26517.8285395501 608.0175590234 77.2866494821 64.5692505262
55.0000000000 4253.0734810692 309.7705525623 56.2255091936 19.6940678226
56.0000000000 13918.4036870800 437.4466165403 58.7033595518 41.9663733869
57.0000000000 3831.4337826608 250.8691507528 33.0656544051 29.5530241321
58.0000000000 -31654.5075611019 1971.1843432087 381.2964123951 35.9623113708
59.0000000000 2340.4024378732 201.1838378854 31.0448301718 19.1693208938
60.0000000000 15172.2687612056 480.9563138828 73.2556850386 40.9556357844
61.0000000000 7105.1170408677 321.5503285138 42.7817721801 32.2399066577
62.0000000000 -15975.8727782056 1971.5337953679 357.7821072086 32.2866927079
63.0000000000 11003.7039543337 402.9798236179 59.0663684497 36.5885780289
64.0000000000 15617.2085658474 1889.9947126542 424.1022844193 29.9868271317
65.0000000000 46953.2831878532 2137.8445299097 447.6921826602 49.9035853932
66.0000000000 2586.0115143482 355.8740056835 62.2746814805 14.2420610828
67.0000000000 2018.0524087383 425.6798629774 67.9169024796 12.1958802521
