0.0000000000 996.1781227213 227.5618537280 46.7854825961 8.2389193395
1.0000000000 5163.2574998400 330.5836983035 54.1468694841 25.9134921327
2.0000000000 6645.8073890634 333.4830969078 52.2932942819 24.9766894515
3.0000000000 14183.8013121484 447.4100856377 59.9371908339 43.5917414253
4.0000000000 2320.4530867653 208.0270982151 30.0018039373 21.4424142946
5.0000000000 2282.0801766459 190.4914912284 27.2150626921 18.0766142707
6.0000000000 6829.0293486653 325.1850689674 46.9537076879 31.0425090166
7.0000000000 13740.3183900134 446.7504830456 64.8462020118 39.9639108160
8.0000000000 5355.5593967502 288.6653291245 36.9599989956 31.2565904099
9.0000000000 5466.1219536292 307.2896597579 45.9256810226 26.9438654038
10.0000000000 5841.5138756017 321.8929224148 49.4457231016 27.5993428834
11.0000000000 7903.4471371245 343.9754048194 49.6075016181 32.2216854232
12.0000000000 11040.1568834490 394.4207735394 50.3027681579 42.6920552161
13.0000000000 5394.0557143590 295.9721183877 39.7065606683 34.0914554269
14.0000000000 7769.9332067706 340.0965730020 50.4877927958 29.2460377084
15.0000000000 11084.4910375723 394.0048336778 49.6196282049 43.2761581291
16.0000000000 2770.2384178095 263.9334055103 50.8630874428 13.8768916369
17.0000000000 10680.0050426845 394.8869980651 50.7177629339 43.4250333618
18.0000000000 7438.0326573003 351.7577390919 51.7117228593 30.9418903536
19.0000000000 10906.5386411027 408.9479536709 60.1968993759 34.9042432376
20.0000000000 19419.6554851531 517.6910678661 67.7079123232 53.1239304912
21.0000000000 5349.0235748639 298.3919595751 42.9580762954 31.6167014438
22.0000000000 13475.0643264633 450.6425124364 62.2865905998 45.9374492091
23.0000000000 8322.7686780648 342.3238284906 43.5451465568 37.0916662073
24.0000000000 16059.8783666271 491.1290050215 68.2392291103 43.0803848420
25.0000000000 8440.2460458811 362.6435946951 52.7368423400 35.1590469223
26.0000000000 4872.2296694707 288.3494673948 46.6036431081 22.7280123970
27.0000000000 7001.5451589335 322.3598645736 40.2792483875 37.0073543477
28.0000000000 18877.9003389095 515.1875746371 65.6488548224 55.3165314573
29.0000000000 9443.8889236896 376.2767280116 54.3358239689 33.9565778140
30.0000000000 16079.2909616832 493.8893239217 64.8559529051 54.2510451654
31.0000000000 3215.1342422015 240.5065818135 38.2319536236 21.6540904070
32.0000000000 12147.3509684408 424.5683976997 52.4357029296 49.2229392879
33.0000000000 9944.1134015268 368.2432147392 46.5879899139 39.3235897991
34.0000000000 7141.7087812181 352.7326172661 54.8000716206 30.5146891748
35.0000000000 5646.7724638619 308.7408719566 47.9870934902 26.7904869348
36.0000000000 8015.0830957771 351.1111259341 47.5841646811 37.1101772317
37.0000000000 8142.4277813577 360.9778673076 55.3300870938 28.6156842551
38.0000000000 13365.7007886597 428.7453161079 53.3339164097 47.1573332905
39.0000000000 8748.8036341416 395.0360503656 54.5466450078 44.1236944237
40.0000000000 26022.5989998397 611.9380152784 75.3562455508 70.0907131902
41.0000000000 7532.4020261431 343.0016944785 47.2909171309 36.3958347114
42.0000000000 14597.5284292704 451.5521399324 58.4969988719 46.9064918577
43.0000000000 7615.5891600178 339.5700834213 48.2353925901 32.6765914270
44.0000000000 14209.3716396422 445.0904118866 56.9981858734 47.2423364609
45.0000000000 6169.1840142731 341.1625010232 56.5299342656 27.6805184917
46.0000000000 8285.3051558811 363.2751722758 52.2681389958 36.8288835314
47.0000000000 5212.8578090902 278.5449482161 35.9621755223 30.9172018799
48.0000000000 5503.1507759354 288.5507396890 40.1306661258 29.4708842899
49.0000000000 14919.6095101524 475.9173119749 73.7382697769 37.7410968949
50.0000000000 11039.5574299156 412.3058421771 59.3425965109 36.8905263101
51.0000000000 16373.0699644370 493.8526784645 69.1414199953 48.6700662062
52.0000000000 13111.8299077535 455.6955029855 66.1500482242 43.3221150561
53.0000000000 5019.1717769637 288.3594380895 39.6575766866 32.2973897541
54.0000000000 26368.2809267948 607.8688837884 77.8968691463 63.8064066449
55.0000000000 3758.7871820740 297.2776150943 55.2522486929 18.9294449065
56.0000000000 14522.1430724180 445.9550881090 59.9707169645 42.9232020328
57.0000000000 3818.1886013449 252.5362003044 34.0785766913 28.8952494053
58.0000000000 -32241.2645292026 1986.9894495789 381.7696446622 36.0183145826
59.0000000000 1895.3144970404 187.8119479076 31.0698089290 16.2179798443
60.0000000000 15680.5447393859 491.0405078969 74.7386752928 42.3526542010
61.0000000000 6761.9788799782 316.2406261192 42.9248825933 30.8481416777
62.0000000000 -16745.7243678056 1962.8014780618 357.3282091310 32.9027676142
63.0000000000 10926.0716916485 403.9138975480 60.1662356001 35.7624445695
64.0000000000 17605.0015615220 1890.3635639276 425.9596193517 28.2271399409
65.0000000000 46612.1873208352 2135.9198769924 447.0961588410 48.9479189984
66.0000000000 2512.9490169618 366.0415051239 65.5825899570 12.6616351128
67.0000000000 2138.5515902013 451.4198639335 72.2546284150 11.6837936400
