0.0000000000 791.6418617325 215.7417273879 45.2110671471 6.7721132061
1.0000000000 4974.1095019954 324.1857315720 53.0082514532 25.5745314756
2.0000000000 6727.7690299118 333.4964102671 52.1462371652 25.3080302507
3.0000000000 14514.6803753363 449.4507361065 58.5726187580 45.6088916027
4.0000000000 2383.0388367220 211.9320181963 30.1002991742 22.6138273439
5.0000000000 2172.3998961922 186.2749390266 26.2036949282 18.0728508321
6.0000000000 7265.9373834181 335.3466175172 48.6686619558 31.5907216104
7.0000000000 14305.7049591902 454.4032720213 65.6244874067 40.9982833527
8.0000000000 5022.2617950518 277.2027610425 34.2594103906 31.5606726024
9.0000000000 6296.8683801532 328.2658449881 47.9584942613 29.7428966672
10.0000000000 5628.9789612639 317.6136131563 48.9454675953 26.9192541221
11.0000000000 8034.2883900757 347.3645360235 51.1040787303 31.4974545727
12.0000000000 11361.8808391554 398.7190454596 49.3338977953 44.6903222642
13.0000000000 5290.5750310654 292.5755474060 38.5202062892 34.5352208418
14.0000000000 7541.1617681564 336.1646546316 49.6156755089 28.5054752685
15.0000000000 11635.2527380369 403.4473576742 50.8849938007 44.1838015967
16.0000000000 2786.0807757507 269.7504896094 52.5227913270 13.5138964781
17.0000000000 11514.1628482835 408.2610602308 51.6200925484 45.2430360462
18.0000000000 7966.7289262417 362.7247521169 52.6816037774 32.5521109441
19.0000000000 11248.9047152748 416.0309022086 61.5080849993 35.2537769757
20.0000000000 19614.9009343149 522.0324015852 70.4407437137 51.7540467857
21.0000000000 5192.2998109463 292.1249365167 40.6133544298 32.3587015343
22.0000000000 13367.5269707712 445.6526032008 59.5384255514 47.5975051221
23.0000000000 8674.9101459752 350.8967418469 45.3669875446 37.1574963545
24.0000000000 15611.9620493109 483.7716030858 67.5870394405 42.3075811527
25.0000000000 8768.4514475537 371.4894112990 54.1435001805 35.9325306707
26.0000000000 4687.2358100882 281.2969573002 44.8654544933 22.3962256251
27.0000000000 6873.8963586285 320.5067124044 40.6870248968 36.0083174417
28.0000000000 19260.6881371451 519.7777311096 68.4903333808 52.9050771677
29.0000000000 7609.2889153375 341.9524534522 48.9583021919 30.2812144012
30.0000000000 11781.4677013845 427.4496473249 57.2463981767 47.0553692703
31.0000000000 3543.0109608409 252.0851977447 39.2324818665 23.2152146869
32.0000000000 12048.5955177135 423.2275525104 54.3005932027 47.1328072535
33.0000000000 9985.1407991331 369.9254901011 46.9082954699 39.5229590355
34.0000000000 6963.6705856004 344.6968565862 53.1666137901 29.7875279992
35.0000000000 5609.6019482403 305.8677272048 45.7103711608 27.8476094546
36.0000000000 7667.3343225741 343.9858393461 45.5440651479 37.8346257261
37.0000000000 8269.7391201804 359.0595124870 54.1334695786 29.6584995152
38.0000000000 13911.7239538551 438.3480857241 54.2923592078 48.2878136225
39.0000000000 8771.2627375604 393.0641594334 55.3573783443 42.8822026296
40.0000000000 25986.8189587267 608.9909407215 74.4148547539 69.0251747590
41.0000000000 7717.8406745558 343.8753161258 47.7167929179 35.8808038211
42.0000000000 14451.0844469112 448.0254887405 57.9030763885 46.8823429485
43.0000000000 8147.7135983075 346.6361266591 47.5629896250 35.3973953363
44.0000000000 14714.8429250814 454.3984193773 59.2782241421 47.2766446052
45.0000000000 6712.2526670760 350.3107770285 56.5041680192 30.0425154333
46.0000000000 7952.5867302904 356.9861771255 53.1722483354 34.0569885879
47.0000000000 5027.1487939306 273.9142265999 36.0518647769 29.6530009983
48.0000000000 5476.5254177919 287.8468218969 40.2820522939 29.1773688144
49.0000000000 15056.7295393308 475.2008115820 72.7644033612 38.6132157194
50.0000000000 11229.0170643340 411.0551519449 59.7519688847 36.7285545528
51.0000000000 16817.8002554671 500.0873893757 69.5876435127 49.8638000253
52.0000000000 14202.8804671206 475.6804313377 68.3080300488 45.6181504712
53.0000000000 4934.8864144110 287.0675392807 40.5962465781 30.9889976551
54.0000000000 26759.7954375430 612.2657484195 78.1701544126 64.6040318110
55.0000000000 3554.5078789595 286.0744349887 52.9164925738 17.5991115864
56.0000000000 14512.4608689376 446.1410038903 59.9613727244 42.8433599980
57.0000000000 4041.4046172463 257.2523243385 33.0441257028 31.2885555747
58.0000000000 -33093.6837772482 1980.5385591571 381.2634206349 36.0339924572
59.0000000000 2229.4301455932 199.6049681784 32.1893669914 17.7533548459
60.0000000000 15538.1955706331 489.1938235872 74.7664215759 41.8700205431
61.0000000000 6454.5499410318 306.1476274485 41.5115287486 30.4554892722
62.0000000000 -15251.0967224091 1972.3419571657 357.2226966212 32.7934729926
63.0000000000 11434.9018189903 416.4096299537 62.5794970445 36.3892823888
64.0000000000 19281.2477888294 1887.7309740371 425.1000708675 28.8826730331
65.0000000000 44053.0422420355 2157.2240206036 447.0630588710 52.0010214269
66.0000000000 2080.2003396907 360.2040638446 65.1975702646 10.8255547822
67.0000000000 1850.7510042799 451.2484803880 71.4358014631 10.5182561999
