0.0000000000 663.6080851123 202.4620305813 42.3901960148 6.0571918617
1.0000000000 4873.3174962033 319.6339953937 52.3371632657 25.4237685933
2.0000000000 6515.5695639413 328.2265801371 51.4179784820 24.6389025793
3.0000000000 14828.7601412481 454.8183568618 59.0799326857 46.1032692683
4.0000000000 2459.7311222846 214.5749565408 30.0590752922 23.3430710576
5.0000000000 1814.7046303822 175.0816029293 24.7492744744 16.2619935026
6.0000000000 7643.0237624489 344.2129580280 48.9984835754 33.2176301983
7.0000000000 15140.7523258942 462.3177029008 64.7062692938 43.6920981065
8.0000000000 5201.6495033203 284.1091414977 35.0372157378 32.2364560172
9.0000000000 6123.2501372117 327.5030791722 49.8603309228 27.3969061414
10.0000000000 6463.0451169433 334.0104064875 49.5149681694 30.6111874148
11.0000000000 8298.3340178653 350.6083037042 50.0301184203 33.3328953679
12.0000000000 11937.3552566743 407.6268777991 48.8445830141 47.2721203635
13.0000000000 5368.2435643348 293.9572185118 38.1063110610 35.3734755593
14.0000000000 8286.9341542947 348.1722390196 50.5970194077 31.0318270380
15.0000000000 11581.2933669987 403.7817758638 50.3008158999 44.9620395465
16.0000000000 2976.8419966394 269.6623825062 51.4721182832 14.7038297805
17.0000000000 10514.7251560794 390.1134857061 51.0799282126 41.0469653313
18.0000000000 7845.9259257730 356.2781327390 51.2677753065 33.1533599307
19.0000000000 11494.4707781958 413.4394082129 59.1619649810 37.4498162429
20.0000000000 20001.6068656824 529.9899417922 72.2347751827 51.1403401741
21.0000000000 5445.0890756470 300.2904181301 43.0988951693 31.9135193431
22.0000000000 9523.7817816670 377.1008417278 50.5008657344 39.8515190515
23.0000000000 8399.9493922777 344.7315321258 44.7428807086 36.6064022402
24.0000000000 16002.6021665622 487.1685950969 65.6504682442 44.6887209253
25.0000000000 7466.9689149365 344.0626599532 51.1997645181 32.1155498042
26.0000000000 5089.6091697801 291.7412115301 46.4164520929 24.1371903229
27.0000000000 5816.1426651382 293.7952043251 37.4762043319 32.9376812950
28.0000000000 19309.2660710748 525.3924434248 70.8504674616 51.8910157700
29.0000000000 7659.1995603233 342.1587969944 49.2816080098 30.4368609255
30.0000000000 11669.3091776976 418.6476180180 52.2850393911 48.8403308594
31.0000000000 3812.8574702885 257.6431035638 38.5946997951 25.5847740320
32.0000000000 11828.1308671203 420.1929715843 54.4029075798 46.2010759037
33.0000000000 10021.3210161889 372.1147609997 48.0347091671 38.4646686883
34.0000000000 7227.2049248877 354.3758366164 55.8983510417 29.1912765864
35.0000000000 5430.9592427322 298.9139473365 44.4023537906 27.9431189539
36.0000000000 8138.7901271233 355.3965959355 47.8599070394 38.0381421879
37.0000000000 9366.8632247368 380.4337246540 56.6721639918 32.0692546805
38.0000000000 13956.5989569493 439.0989884898 53.4514456905 49.6409225415
39.0000000000 9040.8448494828 404.8333497080 57.3101162678 43.8246062915
40.0000000000 25549.7430395455 606.8037376996 75.9187526099 67.5898212858
41.0000000000 7431.9280032634 335.8541559313 44.4649540509 36.1033109130
42.0000000000 13716.9467386719 437.1479041805 57.2750011770 44.9176044129
43.0000000000 6976.2994426079 322.2896775610 46.8858718068 29.5721012565
44.0000000000 14695.8449078515 454.2436434235 60.1074585648 46.4900172522
45.0000000000 6790.3026459710 355.2129585090 57.1064362406 30.3025967874
46.0000000000 8746.1826905382 368.8382494275 53.3089589104 36.4649715796
47.0000000000 5334.3870684875 281.8196585878 36.8458949697 30.8317819696
48.0000000000 5682.1571088239 294.4170711654 41.5976718923 29.2713775021
49.0000000000 17320.2100355048 515.9825556785 78.9612900010 40.6820383816
50.0000000000 11831.1979414611 421.4818695592 60.1138487459 38.5119668052
51.0000000000 16288.4644623506 499.2668947487 72.6155550897 47.7320814200
52.0000000000 14399.6388971355 474.2161660754 68.0507415922 45.8795426993
53.0000000000 4578.6088579319 275.7892948760 38.9184318988 29.9141876524
54.0000000000 27672.6489235657 620.8621736175 78.7261861531 65.7847096619
55.0000000000 3896.4575078189 299.8472876610 54.9590744713 19.8267942543
56.0000000000 14698.9363946575 447.5446409227 59.5500993686 43.6993681011
57.0000000000 3863.8583054022 254.2484071333 34.0827888439 29.3122612708
58.0000000000 -33430.4651517624 1993.4442451298 381.1511565997 37.3533206269
59.0000000000 1950.1752586539 192.7670500935 32.5324318242 15.7605049899
60.0000000000 15665.4510158698 491.8168035822 75.2173866895 42.1186551930
61.0000000000 6544.0808830883 311.0543905008 42.3831502304 30.2893991114
62.0000000000 -15562.0653915385 1974.5779743851 357.0844123727 33.8252062285
63.0000000000 11043.9585196298 409.1556277990 61.4922300747 35.7547646716
64.0000000000 18340.6916687936 1885.5943049823 425.4123791505 27.6664691094
65.0000000000 46495.5814313285 2157.1603244356 446.7715429726 52.8926159624
66.0000000000 2080.1085103749 369.1562244958 66.0132449332 12.3055292645
67.0000000000 2117.3235611252 454.6542286634 71.6875404202 11.6840627294
