0.0000000000 832.5638696314 210.7175184916 43.4204481057 7.4155910264
1.0000000000 5266.5745386387 326.7532261432 52.3001591737 27.5858872083
2.0000000000 6664.3965299395 330.3353892360 51.1034111062 25.4956373414
3.0000000000 14393.3720736020 447.0748972669 58.1031510662 45.7444645981
4.0000000000 2814.6480689415 225.1898516569 31.0019668036 25.2020329047
5.0000000000 2129.9846339991 189.9648611009 27.1288863863 17.2479766782
6.0000000000 7887.4755504450 347.5757331670 48.6229067579 34.5963315385
7.0000000000 14823.8169862388 458.8880981843 65.0197264205 42.8768231199
8.0000000000 5403.7096389038 288.4937037788 35.4897484726 32.9573318093
9.0000000000 6030.9948506896 319.6831564225 47.3075140468 28.4063904612
10.0000000000 6755.9828146555 338.2463073069 48.8072028535 32.3812527631
11.0000000000 8153.6560414752 346.6344078238 49.1337742649 33.3282262117
12.0000000000 11384.4503837972 397.8941916126 48.2247291027 45.5762679163
13.0000000000 5531.4026537037 298.6021702884 38.5363243546 36.0944316185
14.0000000000 7968.6800972472 342.7686676863 49.9496194778 30.1999111333
15.0000000000 12353.1022577407 415.9147068403 51.2199249215 46.7193803323
16.0000000000 3323.3449533153 277.0885110694 51.6843079399 16.4005676540
17.0000000000 11026.4667709955 399.5301881566 52.5625648159 41.8450209809
18.0000000000 7975.5625549060 361.8785966489 52.8311636407 32.7735680310
19.0000000000 11427.2195180299 410.9823846772 57.3765256584 38.3391465834
20.0000000000 20144.7356625861 533.3059694012 72.0819042387 51.7473524084
21.0000000000 5342.5437793908 298.6516069612 42.6412411736 31.7616422268
22.0000000000 8483.1918475588 354.6779909960 46.9175996720 38.1750232205
23.0000000000 8992.7845986018 357.2742532522 45.6499640720 38.5493125650
24.0000000000 15008.0074010550 467.4908470835 60.2779761922 45.4961937264
25.0000000000 6190.7721150194 311.7449893157 45.1375428628 29.6388922119
26.0000000000 5436.8286545942 298.7689278038 46.1588614974 25.6785854434
27.0000000000 5421.2879429094 284.5662079885 36.6829446974 31.4519514951
28.0000000000 18954.2717462940 520.4974365134 70.4052650662 50.8486717569
29.0000000000 8014.1455104074 352.6846290661 50.8482805903 31.0303826256
30.0000000000 11890.8494575293 419.4466097279 52.1351885250 48.2819702667
31.0000000000 2887.0041855465 226.6326276468 35.1139244438 21.1878740343
32.0000000000 12221.2736300155 426.6336846245 54.8886385180 47.3941204324
33.0000000000 10332.5708347793 376.2799165339 47.7483995709 40.1036971499
34.0000000000 7071.4973632880 358.0736884569 57.6092518049 28.3037291458
35.0000000000 6028.8275866304 310.0101331010 43.9809564624 30.9837452265
36.0000000000 8335.8477543827 364.2057020274 51.7459076597 35.8393580732
37.0000000000 10227.5182872173 400.7254113923 60.3054704661 33.0084626451
38.0000000000 14370.6234495901 446.1760304094 56.2435080553 48.3140020524
39.0000000000 9077.1141476357 403.6933739637 57.4992735976 43.2488103871
40.0000000000 25597.9351485382 608.5745325262 75.0180886713 68.7414091326
41.0000000000 7402.8972941362 339.1891498277 45.4523698474 36.4969478118
42.0000000000 13612.0901316495 434.8401392894 56.8913080789 44.7570682205
43.0000000000 8236.7894420705 347.1540592052 46.9234754613 35.5699539347
44.0000000000 14971.0966377716 458.8630180825 60.2036013531 47.2621464454
45.0000000000 7692.3758041606 366.0811289069 56.1699368651 34.8430087282
46.0000000000 8374.9040182390 364.5461378823 54.0275488585 35.2655862345
47.0000000000 5433.1994849551 284.6537951494 37.0298775702 31.1470140215
48.0000000000 5634.2818096232 291.7129184990 41.0197096211 29.4059435598
49.0000000000 16138.5606744410 495.6261039965 75.8307160743 39.7919482562
50.0000000000 11898.7041884897 417.7731462565 58.7982779831 39.1930066822
51.0000000000 17020.1629512502 507.2626759421 72.1288521180 48.7151109507
52.0000000000 14765.9401112709 488.9084784909 70.8807156578 46.0819236503
53.0000000000 4643.2027295775 278.1182403966 39.7002220277 29.7279128894
54.0000000000 27656.3163176114 620.8334724952 79.0910740641 65.3806168599
55.0000000000 3686.9412633270 293.8611270854 54.8441650816 18.0099625011
56.0000000000 14586.8032425178 445.3260834647 58.3271803011 44.1984808356
57.0000000000 3690.1752071207 246.7114364925 31.8440073754 29.8025855532
58.0000000000 -34621.5393308563 1978.9383188390 380.7405991779 37.1153246071
59.0000000000 2281.0827138413 202.6287970679 32.0058970626 18.9919582461
60.0000000000 15867.3018710818 497.3025238924 76.9317037415 41.9543430752
61.0000000000 6573.5351941669 309.7173235303 42.3807377825 30.2943212809
62.0000000000 -15523.9462575331 1964.8074367326 356.3906533160 32.7198938473
63.0000000000 11101.0383444417 410.4081896332 61.8529793860 35.8993123951
64.0000000000 20958.8846903738 1882.7390276575 424.0522601027 29.1183982907
65.0000000000 44872.2059005869 2150.1125938944 446.3488982821 51.8606181476
66.0000000000 1904.7543300867 372.3745118919 67.3964043336 11.0759677951
67.0000000000 1956.7299764862 439.3001807423 69.6077397784 10.7098013180
