0.0000000000 553.8224201203 199.7543284173 41.5510569800 5.1796702853
1.0000000000 4905.5543158749 321.1976722909 52.6022785395 25.6590782313
2.0000000000 6873.5908797480 334.6362908336 51.3960688737 25.8528125595
3.0000000000 14546.4562907217 449.2378031199 58.1156574369 46.1861730382
4.0000000000 2698.7677233211 226.5246988985 32.3240698057 23.8508312549
5.0000000000 2131.7228200338 190.7623998380 26.7352879295 17.8723472225
6.0000000000 8067.3492683222 351.8409174682 49.6316378716 34.6495069256
7.0000000000 14632.7645733196 458.7873130209 66.0255662311 42.0109143421
8.0000000000 5391.3931932646 290.0439357611 35.9259281613 32.7107580533
9.0000000000 6066.0053826566 323.2523767588 48.4398091028 27.4940702697
10.0000000000 6654.8660371162 335.2927983915 48.3586289900 32.3057969363
11.0000000000 8027.3049065593 346.2831741130 50.1957950518 32.2278743625
12.0000000000 11631.6749652281 402.3795079218 47.8223997606 46.9157135913
13.0000000000 5271.8749716043 292.1604176560 37.8367490444 35.1811686559
14.0000000000 8074.7885832752 343.5748637895 49.9882245851 30.7321954488
15.0000000000 11881.4671692113 410.4251698787 51.7435428099 45.1579593197
16.0000000000 3226.6961980336 275.4393668106 51.5497375861 16.0368747008
17.0000000000 11127.7906669620 400.2956076718 51.8116909935 42.7473249516
18.0000000000 7795.6373239240 356.1971882383 52.1723143650 32.2567501901
19.0000000000 11314.7059654978 408.1755921087 56.5436337169 38.5536970984
20.0000000000 19552.7024807400 523.3512385676 71.2611104210 50.7836813184
21.0000000000 5111.6168540105 292.6320502979 42.2552671402 30.7442260946
22.0000000000 8781.4791253174 362.3033461884 49.8343680344 37.2191126737
23.0000000000 8859.6487394977 355.2254639391 46.2311882696 37.3730363496
24.0000000000 15489.5351331503 476.4778645535 61.4974877234 46.0582813502
25.0000000000 5848.6576223494 301.7464374770 43.5848009827 28.8313342835
26.0000000000 5333.5841714467 297.8561874040 46.5040225124 25.2188180315
27.0000000000 5289.4162939730 282.5640230586 36.0938618440 31.3688961452
28.0000000000 18855.8915422955 519.6804554760 69.4748093630 51.3658904244
29.0000000000 8218.0563824058 352.4025233712 50.3685310472 32.4788315563
30.0000000000 13335.0905124960 444.7613471028 55.1043495049 51.5788569254
31.0000000000 3033.5197051245 231.1815551590 35.6542477538 21.9990232845
32.0000000000 12023.6305441783 423.2983290792 54.1263174829 47.2571191528
33.0000000000 10340.2393961341 376.9620572764 48.8757666556 39.2276924919
34.0000000000 6984.0474795412 353.6654175320 57.0305076738 27.6096952324
35.0000000000 5988.9385091910 308.2534307364 42.8605796129 32.0627427040
36.0000000000 8529.3310986203 368.2389192046 52.6343631873 35.7308718155
37.0000000000 10912.1718418185 413.3204770688 62.5516452438 33.8817525434
38.0000000000 14051.0361980151 442.3598491369 56.7957743317 47.1797568374
39.0000000000 8852.3120335594 397.4073890216 56.9313301610 41.9160050390
40.0000000000 26093.0359062257 608.7789667272 75.5092633497 68.4857379950
41.0000000000 7693.3802779384 347.9773704587 49.7086792434 34.4144251087
42.0000000000 13539.7794092934 435.6977258306 58.2865720582 43.4830966494
43.0000000000 8786.6545531072 358.4815291314 48.9096064595 36.2940349166
44.0000000000 15075.3790107135 458.3567041127 59.0319238399 48.3686447428
45.0000000000 7685.6364984210 377.8929715787 60.7877660089 32.3400483391
46.0000000000 7987.2459169098 356.5419853614 53.6328177740 33.4612839921
47.0000000000 5310.6756458942 281.2873890636 36.4915812359 30.9717829554
48.0000000000 5831.5586580199 297.3405457485 40.9822618719 30.6378969686
49.0000000000 14575.6500992282 471.4808177708 72.6101536301 37.2910831382
50.0000000000 11553.5656267529 414.1676530978 57.9427364676 39.0901187021
51.0000000000 16643.9345833669 495.0978496552 69.3079809199 48.6145872005
52.0000000000 13855.7883827395 470.6735934302 69.0342980601 43.6610201182
53.0000000000 4963.6165050289 290.8600811818 41.8163998221 30.5322159674
54.0000000000 27439.1361594661 619.6423895938 79.8691288928 64.8566172897
55.0000000000 3873.6362137639 300.7772750750 55.9106460735 18.4977533172
56.0000000000 14027.4097335747 437.1607369582 58.5974435398 42.4266254867
57.0000000000 3683.7076354728 248.6084887804 32.5884043800 29.4322234610
58.0000000000 -35747.1514571578 1972.3760002746 380.8851184446 38.0513861753
59.0000000000 2050.3235821775 192.1967687896 30.2673148615 17.8263449090
60.0000000000 15464.7930318528 492.2505773073 76.5964081315 41.3532487148
61.0000000000 6415.9689704072 305.1425227748 41.6571833041 30.2443010432
62.0000000000 -14636.8920795198 1961.8153523637 356.0061808989 32.0766152987
63.0000000000 11377.5180490997 417.1232555324 63.4647794631 36.0147353784
64.0000000000 19778.3043329178 1883.8043055840 423.9672274758 29.2249721404
65.0000000000 45802.0001391659 2161.3021464326 445.9030050905 53.3731225818
66.0000000000 1706.5696223718 366.0412940511 67.3764597236 9.7374617126
67.0000000000 1807.0969912461 462.2628887721 72.8688793098 10.3300189319
