0.0000000000 598.9873672409 205.6835758564 43.6144065300 5.3190693339
1.0000000000 5273.3539024363 328.2818893360 53.1050105358 26.9164477706
2.0000000000 6831.2071201465 335.1135758080 51.7138498366 25.8308261908
3.0000000000 14524.7026635605 449.5317574940 58.0706875208 46.2573392398
4.0000000000 2789.0203455205 227.3744672994 32.2821942628 24.4160484645
5.0000000000 1947.5500840868 179.8721879754 25.4875918682 17.1255280063
6.0000000000 8260.3870864516 355.6352360405 50.0959688745 35.1794718334
7.0000000000 14689.1048857657 460.7933644378 66.4822725067 41.4374986584
8.0000000000 5125.9243677501 284.5658112314 36.1658523555 30.8449862322
9.0000000000 6164.5227796147 323.9308971866 47.4534342642 29.5358754884
10.0000000000 6490.0988802976 330.9171041488 47.4862148796 32.1717438120
11.0000000000 8209.8656751529 349.3571506537 50.2477737861 32.5336625917
12.0000000000 11473.0110433570 399.7913047191 47.3404748340 46.8296245822
13.0000000000 5100.8219709572 286.8379151178 37.1696733154 34.5039323114
14.0000000000 7412.4460912135 329.3446872352 48.1171611117 28.9397371919
15.0000000000 11984.9522293495 413.2605631728 52.8095825249 45.2476885165
16.0000000000 3029.2814096355 277.9350255595 53.5804500407 14.4821076402
17.0000000000 10932.1835909783 397.3750051017 51.7832826472 42.1812515068
18.0000000000 8147.6224807903 362.8712369248 52.8694613362 33.6632502025
19.0000000000 11482.9094264286 409.9728225529 57.0104734959 38.7870042216
20.0000000000 19724.9138840947 525.0019417214 71.3109275756 51.1671909261
21.0000000000 5264.7889869735 296.7200901835 43.0615244398 30.9779818131
22.0000000000 8738.5175449783 360.0525240860 48.7732238769 37.8213206984
23.0000000000 8531.1652679003 348.9834552069 46.0168615748 36.4215102831
24.0000000000 15522.3199023068 475.3558942099 60.4124146630 46.9624065661
25.0000000000 5695.5931219742 298.3233470961 43.0136187790 28.6333917378
26.0000000000 5206.1957102334 290.6114645102 43.8457767142 25.9493288179
27.0000000000 5239.5027662420 280.0653210728 36.3916285913 30.6438621616
28.0000000000 19607.7256639173 528.1018947928 70.2554949959 52.8661896491
29.0000000000 7648.4139876994 342.9586225398 49.4333943383 30.5022127249
30.0000000000 13838.0465903876 451.4599178820 57.0929851263 51.3507680803
31.0000000000 2855.1956211798 223.7211165088 34.1910078141 21.6792450765
32.0000000000 12642.3922236884 434.8392875530 53.7633498629 50.3390310789
33.0000000000 10477.8770957686 378.0815641234 47.4830988675 40.8116513477
34.0000000000 6787.9023566125 348.1281504174 55.9212427402 27.3990133045
35.0000000000 6237.1858512573 316.9877187804 45.3380327849 30.5741386102
36.0000000000 8703.5599037135 375.3800671671 54.3858902822 35.4965677312
37.0000000000 11190.0335783238 419.2839225932 63.5644790362 34.2564202439
38.0000000000 14516.4061704965 449.0133669654 58.0772645337 47.4299280556
39.0000000000 9109.8576158405 399.4696684213 55.3677243136 44.2650141369
40.0000000000 26400.0175520856 613.9936664729 75.0311388243 70.2013762871
41.0000000000 6957.2826469428 326.9273546312 44.7822776657 33.7924731761
42.0000000000 13246.5940422079 432.2242840839 58.2107445462 42.5226933610
43.0000000000 7000.9362807523 322.7964210107 46.6912028473 30.2013177678
44.0000000000 14415.8252751721 447.6530565491 57.6451793921 46.9738446353
45.0000000000 7209.3404509991 365.3700233126 58.7176043893 31.2156132323
46.0000000000 8593.6074711053 368.1239093273 54.2518169817 35.6464120419
47.0000000000 5510.8851213413 284.8210632482 35.9855505129 32.4408610317
48.0000000000 5623.7893145392 290.3156157225 40.0453566874 29.9756000309
49.0000000000 15859.2157475356 495.5089273682 76.7407210594 38.8803691857
50.0000000000 11267.5325099475 407.5073568000 57.2135431785 37.8979737205
51.0000000000 16585.0582444323 505.5023725623 73.5532420351 48.0753199773
52.0000000000 14453.1142134399 475.8240657824 67.3727488001 46.5539109325
53.0000000000 4631.1250351398 277.7724484020 39.5147418643 29.7257790670
54.0000000000 27740.6231512666 622.0388955918 79.7100748005 65.3746855519
55.0000000000 4520.6418366689 302.9962663033 52.9584748425 22.1376716663
56.0000000000 14453.9894979081 444.1818535939 58.8169533953 43.4918077426
57.0000000000 3548.6590802385 241.0163138693 31.4668116021 28.7147455565
58.0000000000 -34466.0908040406 1981.9908759375 380.0642219876 38.9296270590
59.0000000000 2619.4484176977 213.7545578567 32.7073857093 20.5729386844
60.0000000000 15623.9671169155 496.2464913170 77.2699995421 41.7676820507
61.0000000000 5868.4409574373 294.7808044419 41.6359824181 28.1884559212
62.0000000000 -15212.7000220030 1962.8103398371 356.0381406237 32.2561520092
63.0000000000 10999.2154436848 413.6007016433 64.3018194309 34.5426169676
64.0000000000 18471.6813832766 1886.3366472534 424.2044013197 29.3664834245
65.0000000000 47131.5570882132 2169.9296761222 446.2088078770 54.5495983728
66.0000000000 1662.3766708244 353.7829707714 67.2963746344 8.4639354386
67.0000000000 2306.3940294792 489.3664853647 76.9120893585 12.0380357412
