0.0000000000 615.2719977497 209.1239795678 44.1572238882 5.4023987782
1.0000000000 5079.4805866308 321.3872433258 52.3499215292 26.2996215479
2.0000000000 6877.7326561749 330.5574612316 50.8379146629 26.2998205804
3.0000000000 13931.2980257687 441.8917985616 57.8824273278 44.4805989062
4.0000000000 2497.5738026335 216.9703459236 31.4635062537 22.3490982888
5.0000000000 2089.5991292866 187.3762310525 26.3657029200 17.7866298983
6.0000000000 7824.9416075973 347.8317533829 49.6403350146 33.6796152760
7.0000000000 14564.0388613449 460.6988764284 67.0326169206 41.1212320937
8.0000000000 5280.1945355066 285.9494337160 35.9004489315 31.8263246584
9.0000000000 5977.1884685475 318.3674333201 47.5955296202 27.8756523549
10.0000000000 6334.9242535409 327.4370404029 47.5263285037 31.5710383186
11.0000000000 7946.5170938042 342.8766105653 49.6372406514 32.0350264650
12.0000000000 11117.3411175319 393.3086704707 46.5543392607 46.2699003587
13.0000000000 5558.1759770012 300.1712311995 39.5733376288 35.3827041912
14.0000000000 7403.8977535167 330.6913668157 48.8209591815 28.5844076919
15.0000000000 11916.3127407016 409.4371555647 51.1568021920 45.2744491759
16.0000000000 2976.2517777387 270.1078851584 51.9789866014 14.5925217054
17.0000000000 11238.0018900935 403.1859890059 52.5965082315 43.0316563064
18.0000000000 7615.4627025320 354.5576549943 52.3282010859 31.6459338707
19.0000000000 11861.3164605179 416.2962314034 58.0704637327 39.3369435823
20.0000000000 19846.7877203149 529.1024928190 71.5034317587 51.5555706632
21.0000000000 5092.6107191952 290.5115080488 41.4281097564 31.1302717146
22.0000000000 9820.7301029175 384.0266662029 52.8314732645 39.2335104233
23.0000000000 8485.3398489718 347.6767799369 46.0330057222 35.9264482519
24.0000000000 15222.0742725631 469.4577522139 59.8074473655 46.6966387997
25.0000000000 6296.1423885621 312.3290686474 45.4029074240 30.0223104891
26.0000000000 5199.7362445714 292.0455958152 45.0227755431 25.0205839828
27.0000000000 5831.1919736866 297.9656855537 39.9667689347 31.1446536408
28.0000000000 19796.4958380836 527.6134285358 69.0204482274 53.5385920355
29.0000000000 7257.5505993730 330.9432198571 47.4154891035 30.2903912871
30.0000000000 14906.9466763398 470.4778438071 59.3830884973 53.7707681075
31.0000000000 2836.0732776339 224.2108256575 34.9594825966 20.9972444062
32.0000000000 12759.3448008535 436.3948786589 53.5802527223 50.8666777256
33.0000000000 10497.5333840857 379.3337830514 48.4788516991 39.8770175418
34.0000000000 6524.0309721904 334.9912501923 53.0459973972 27.5851179406
35.0000000000 6135.8964094404 314.4299967874 44.3484836980 31.1404801353
36.0000000000 8583.9702236865 369.0842101189 52.7608971934 36.1584120747
37.0000000000 11845.8737132707 430.0062704147 65.0484682115 35.3441819052
38.0000000000 14129.3737332395 445.1002460959 59.2224058728 45.5315703765
39.0000000000 8284.3702101967 381.7535412432 52.6518887809 42.6444495994
40.0000000000 25742.5656838728 606.7237354698 72.5513697319 70.8813011404
41.0000000000 7146.0951524204 331.6837502333 46.2821509676 33.8375369809
42.0000000000 13057.8335063477 430.5210790726 59.1345096347 41.2508773916
43.0000000000 7907.4946288888 339.4064400797 46.3148353022 34.1989374843
44.0000000000 14512.7381152040 448.1416455809 57.3942704517 47.1024152448
45.0000000000 7394.6871170554 372.8061481164 60.4360862801 30.9970623013
46.0000000000 7805.1802688027 353.1253560481 53.4162185850 32.8944823489
47.0000000000 5552.9385859404 287.5925612166 36.7828558230 32.0824837313
48.0000000000 5496.5785646403 287.4640578335 39.4623347136 30.0265987923
49.0000000000 15294.9882673151 482.0650815958 74.5824495939 38.0009662045
50.0000000000 10841.7432094145 397.6804706272 55.6505868534 37.9380667936
51.0000000000 16723.9249122202 501.8186239467 71.1433990487 48.5582089956
52.0000000000 15056.8435509128 480.8718031683 66.8500644724 48.5426097614
53.0000000000 4632.4638934137 279.4361444526 40.5170685085 29.1050861106
54.0000000000 27237.5185430396 616.2942321150 79.3729663698 64.4682700275
55.0000000000 4222.5955917591 303.0370118024 55.3844952848 19.7284845715
56.0000000000 14174.0099488916 438.6068191440 57.7658323139 43.4107250497
57.0000000000 3404.9684529166 236.3907308365 30.4060450308 28.7013842440
58.0000000000 -35453.4495418501 1985.3016666558 379.6562853781 39.7995179594
59.0000000000 2215.6976182671 198.6639097972 31.1837421967 18.2808885100
60.0000000000 15617.9175088188 493.8277346296 75.9496947779 42.3961194246
61.0000000000 6140.7017531309 300.8120766611 41.9462220133 29.2199385822
62.0000000000 -15078.8240428686 1951.3462436889 355.4634761338 31.5620067352
63.0000000000 11337.7624322697 420.5732596354 65.4717294072 35.0553808602
64.0000000000 18997.5152396316 1881.5110232960 423.8819584174 28.4774861149
65.0000000000 47814.6790419881 2171.5527479957 445.6641487638 55.2308746644
66.0000000000 1542.3643370741 357.4746911650 67.2058901392 8.5827553681
67.0000000000 2408.7395058200 482.2871051977 75.9242373714 11.9566818038
