0.0000000000 656.5261588871 212.8486265629 44.2050562035 5.7732681219
1.0000000000 5291.3393831231 332.1426936405 53.9026990229 26.9309769342
2.0000000000 6815.3200646652 332.9650918135 50.8297506653 26.1863229880
3.0000000000 14391.3533706043 448.5593649795 58.1454285098 46.0025569939
4.0000000000 2885.8552594011 231.9568848780 33.2083411865 24.5011759139
5.0000000000 2067.1051141356 188.1886014108 26.6279864779 17.2043921368
6.0000000000 8184.2302142182 351.6407679521 48.6536380727 35.7432866294
7.0000000000 14423.7328349221 460.1096689456 67.5416840021 40.4657214843
8.0000000000 5028.7088374739 280.9649477510 34.8138599729 31.5807302225
9.0000000000 5734.9289110386 314.4536885359 47.7584047146 26.6533222761
10.0000000000 6633.5655720921 331.4664694407 46.7577120631 33.0555637986
11.0000000000 7600.5496772882 337.0419321302 49.3770255710 30.6129361249
12.0000000000 10960.1447509058 390.3660357638 47.3790625094 44.6910198133
13.0000000000 5303.7065342164 293.8936260363 38.8150966143 34.5803110000
14.0000000000 7299.8282784058 328.6558535357 48.5936682836 28.4089894769
15.0000000000 11986.5422476193 411.4157912325 51.4189158391 45.6234631541
16.0000000000 3097.7077892592 281.2687600918 54.1024440546 14.5615467136
17.0000000000 11524.8689983240 409.2673318087 53.0471290156 44.4760440675
18.0000000000 7650.8701393344 357.3139713738 53.6475616480 30.8441615775
19.0000000000 12074.8506183618 422.1825629677 60.1910063573 38.7527139756
20.0000000000 20162.5319617858 529.1042159558 71.1247050181 52.3504480203
21.0000000000 5586.7230970815 304.1122736576 43.1379935013 32.7536037510
22.0000000000 10812.6603549384 402.1502914076 55.0684973669 41.7924143273
23.0000000000 8467.2581151254 348.3241298865 45.8811325521 36.3765996460
24.0000000000 15516.7543431473 473.1615319105 60.3609555801 47.2533642518
25.0000000000 7030.4001792875 333.8287601849 50.5085903179 30.1974646047
26.0000000000 4821.0313582793 286.2359700544 45.5269768116 23.2479147517
27.0000000000 5960.1597919370 301.8199335676 39.8918512030 32.0198797800
28.0000000000 19313.5841171398 520.0174248763 67.3722164383 53.7141851317
29.0000000000 5784.4968050456 291.7378936296 41.0948069360 27.4160566138
30.0000000000 16021.9598221975 488.7612512733 61.4314213971 56.2806311278
31.0000000000 2841.9234998381 222.2215520351 34.4414485493 21.1131809959
32.0000000000 12717.0827936939 435.3474302204 53.8211041944 50.3691046738
33.0000000000 10296.1853267703 374.6103396383 46.9345600414 40.3946947117
34.0000000000 6848.5209999969 342.1242639410 53.1535433605 28.7519786137
35.0000000000 5588.5859283479 297.7101756875 40.0172581724 31.8466006364
36.0000000000 7818.0859136615 355.8701342877 49.8222612267 36.3938537168
37.0000000000 11590.7258181745 422.6704292146 63.0764822010 35.6471249186
38.0000000000 14251.0366519875 445.0823323383 58.0635513696 46.3931762361
39.0000000000 7843.0527032384 370.0694311346 50.9048836394 41.6102815690
40.0000000000 25703.5867432862 604.1198011439 72.0391742435 70.6509658672
41.0000000000 6591.9453535454 320.8335290527 45.0597801672 32.8638813197
42.0000000000 12904.5243374032 435.1532559910 61.1169263611 40.0704737736
43.0000000000 8690.3556306748 355.0300285996 48.8421102140 35.2816042866
44.0000000000 14740.5402449265 450.2252599664 57.3246439006 47.5296304595
45.0000000000 7933.3715592190 387.0884924891 62.6303396406 32.3438893019
46.0000000000 8355.6945204017 362.9001029781 54.0354824363 34.5260886714
47.0000000000 5121.4957951357 274.6591379442 35.1387285027 30.8191003939
48.0000000000 5608.0913327728 290.3156570347 40.1438981936 29.8394603695
49.0000000000 14462.8993110925 472.6006398994 73.6313245045 36.6428831626
50.0000000000 11109.4715222422 402.9770813717 55.5111102939 38.8583525908
51.0000000000 16353.3589644315 490.8566981870 68.1243948399 49.1069247562
52.0000000000 14626.0888528299 478.0621355835 68.5735713089 45.9229960935
53.0000000000 4611.1135306797 278.2713243194 40.0738322061 29.2693824909
54.0000000000 27413.1011325104 617.9923071986 79.7582985792 64.4167300597
55.0000000000 4179.7150522721 301.0046798445 54.1240776753 19.6878562548
56.0000000000 13881.6376929075 435.6545422311 57.3970933176 42.8738912466
57.0000000000 3502.7886883454 239.4511471560 30.4725566312 29.3863261525
58.0000000000 -35818.6480304384 1975.7113205761 379.8303117255 39.5482881825
59.0000000000 2368.9463719785 201.9288913670 30.4879621161 19.8052726385
60.0000000000 15332.9093526546 489.0140751938 75.4180634179 41.8842450139
61.0000000000 6458.1998477988 308.2626907491 42.8519846852 30.0305454427
62.0000000000 -15722.5082028631 1950.7596162962 355.2655297051 31.3286753063
63.0000000000 12001.4152487476 430.6937719430 66.3918347912 36.4137593394
64.0000000000 20125.0355770839 1886.6753326705 424.0406057207 30.0474593775
65.0000000000 47151.1600912701 2165.0165179556 445.7334198139 53.6460064974
66.0000000000 1461.9163625404 359.9339444430 67.3046346055 8.5873535990
67.0000000000 1981.2481825240 477.6463493018 75.2607242285 10.6374697240
