0.0000000000 651.3974873276 209.3022524571 43.6315289031 5.7937450295
1.0000000000 5266.8523239759 330.2433549750 53.7482617555 26.4941430927
2.0000000000 6529.5574760949 322.5851114293 49.1463555643 25.9861819038
3.0000000000 13699.5687353187 438.4424578452 57.3358683196 44.2489943120
4.0000000000 2822.4649177717 229.5487391502 33.3074033414 23.4773963979
5.0000000000 2137.1324353181 190.5423827227 27.3450936258 17.2928208624
6.0000000000 7882.4387793346 347.0416890068 48.6394775782 34.7434515497
7.0000000000 14431.4738662573 460.4775286791 67.4165440479 40.3653695942
8.0000000000 4936.2453045696 276.8315384410 35.3713367625 30.0989364015
9.0000000000 5638.9094724655 311.3795541339 47.3234773678 26.4668023160
10.0000000000 6695.8285269895 333.2795937438 47.4678062030 32.6225655219
11.0000000000 8058.2181219514 344.5813913548 49.7483014161 32.1095896023
12.0000000000 11643.9728748310 403.0754588231 49.2266669664 45.9311520412
13.0000000000 5435.0079443962 296.8430221281 39.8397060940 34.2334034815
14.0000000000 7586.7440617119 334.8709670660 49.0345333369 28.9591437698
15.0000000000 12197.1025850792 413.3669209304 51.6600633088 45.5210264576
16.0000000000 3327.2501648819 277.8678547382 52.4878449797 16.0376576452
17.0000000000 11637.3546122238 410.8044841601 53.2464657551 44.5063551467
18.0000000000 7345.4112799751 349.2666789209 52.0418526945 30.5594115853
19.0000000000 11576.0707653733 417.9739943336 61.2299568564 36.4899850890
20.0000000000 19476.2708863481 520.8410542599 69.3423238670 51.7566898136
21.0000000000 5201.8990529223 294.1084965497 41.6690810566 31.8119946341
22.0000000000 11099.7804789564 408.8077828768 57.3083005946 41.0949728679
23.0000000000 8727.3858403547 353.4367500925 46.4667959524 36.5224740145
24.0000000000 15530.3599515179 473.5630229087 61.2936378216 46.3224597095
25.0000000000 7551.7659287614 344.3564275790 51.4366839106 32.1643626265
26.0000000000 4245.1295652944 274.8772890059 42.3175627100 22.6698183136
27.0000000000 5880.8093135680 299.3613347903 40.4266722903 31.0560942895
28.0000000000 19624.3428506023 524.4641492532 67.4943000289 54.5942014933
29.0000000000 6002.4479507024 299.0767601301 41.8895209718 28.3757105349
30.0000000000 16756.3407279106 500.7506976557 63.5157086556 57.0100275286
31.0000000000 2810.8427798794 223.2549996659 35.1267436357 20.6954455062
32.0000000000 12773.6674588740 436.7062609981 53.9632844392 50.4942930970
33.0000000000 10281.6689255704 375.3049772386 47.5692402392 40.0018541999
34.0000000000 6655.4656273760 340.9590454272 53.9844021795 27.7941556955
35.0000000000 6269.5286854465 319.7886825577 45.4749687529 31.5342590113
36.0000000000 8255.6146604605 361.8479570575 50.0842511262 37.8060043901
37.0000000000 11314.2605703393 418.6023722251 63.3543435299 34.6986584374
38.0000000000 14272.9381949457 445.9398564581 58.5484546652 46.0168402347
39.0000000000 8139.5955112025 377.2749918314 51.6136142034 42.6472260953
40.0000000000 26506.1028448903 614.8984041659 74.1821058309 71.1369613288
41.0000000000 7461.8078512135 338.9185439397 47.8123753880 34.2151879622
42.0000000000 13265.8339242059 444.0628284151 62.2521257775 40.5207773880
43.0000000000 7608.8734097129 334.2129392793 46.2584001568 33.0577103692
44.0000000000 14655.2132103947 449.6349456208 56.9907427754 47.8930988380
45.0000000000 7758.2786046863 381.6965320337 61.6356886571 32.1245700887
46.0000000000 8284.8516535844 361.7201001497 53.9298763018 34.3118858874
47.0000000000 5583.7441673435 287.4371446019 35.9130038417 33.0072204829
48.0000000000 5318.5642721704 281.9744533125 38.5619143698 29.4831198929
49.0000000000 14936.0048040276 475.6149799324 73.3858114875 37.6976731738
50.0000000000 11351.3722217983 407.3069969988 56.5881570580 38.4110984593
51.0000000000 16499.3677567739 498.2328361434 70.5312641821 48.6520783275
52.0000000000 14217.7002589573 470.6053447341 67.3121446512 45.5757176181
53.0000000000 4680.5076359760 278.1865560836 39.1200560967 30.3048662817
54.0000000000 27124.5906289709 616.3072866021 79.8320532630 63.6760922334
55.0000000000 4182.0006476500 302.2329892086 54.5629820028 19.8716353862
56.0000000000 13975.4076620713 435.6103136026 56.8740994983 43.4933108507
57.0000000000 3052.9270777111 222.9459646118 28.8532308475 26.8326950217
58.0000000000 -34589.5663762185 1980.7022755835 379.8041963826 39.5416450877
59.0000000000 2399.5966667282 204.8186762378 31.6124143355 19.4523472380
60.0000000000 15191.1551100439 487.8104508225 75.7898327532 41.1708332419
61.0000000000 6783.5786337052 314.7206524233 42.8001033668 31.1547746563
62.0000000000 -14078.0025994473 1953.7325184961 355.0426481775 31.0863683935
63.0000000000 11865.9610512179 430.6851273492 67.3167362436 35.6879118087
64.0000000000 20212.4978439404 1885.4074843657 423.8859453212 29.8883114944
65.0000000000 44534.8162713889 2177.7405387908 445.8213119934 54.9307282448
66.0000000000 1952.1983281113 371.9070523227 68.9076408521 10.4163180331
67.0000000000 2771.8097544222 502.8112539402 78.2935863235 13.6124637804
