0.0000000000 679.1180743410 213.6084083643 44.9130415113 5.8610402014
1.0000000000 5164.6375779061 324.5991097451 52.6608516969 26.4467591157
2.0000000000 6509.8633668206 327.1438506538 50.7640712374 25.1738595745
3.0000000000 13525.5535691641 435.5629711189 57.4338865143 43.6132356063
4.0000000000 2592.5793881171 220.4479646572 32.2861486421 22.2196237568
5.0000000000 1961.3766506490 180.8900577128 25.6813422164 16.8679768400
6.0000000000 7687.4386558859 344.3953584899 49.4201755432 33.5278445212
7.0000000000 14106.3399565309 456.9992087939 67.3086039770 40.0617574548
8.0000000000 5097.0440012136 282.7755034923 35.9640551188 30.7142865188
9.0000000000 5456.9824186431 306.6799825518 46.6100524138 25.8964530376
10.0000000000 6738.5332607152 335.8717322034 48.4035521476 32.3865589582
11.0000000000 8012.7837090033 346.4764132686 51.2235946654 31.2831292824
12.0000000000 11141.5216265690 394.1764408980 48.1796012247 44.8995644224
13.0000000000 5711.8636329374 304.5891027186 40.8940380260 35.0824975722
14.0000000000 7450.1501501240 332.0454582953 48.9151775042 28.9431548751
15.0000000000 12116.1695506437 413.2528424882 52.2417517779 45.0699042157
16.0000000000 2829.2284163834 273.4110146178 53.1929904960 13.4819635681
17.0000000000 11817.6457901226 414.7527653347 54.2797455383 44.3592583768
18.0000000000 7540.2278573705 352.8513829688 52.1198234722 31.5394983593
19.0000000000 11929.1621654988 423.0195829761 61.4671167482 37.6419269876
20.0000000000 19551.6453301515 519.5150400765 69.1971304236 51.8374227718
21.0000000000 5407.2514297581 297.9932313897 41.7872603592 32.6440326436
22.0000000000 11672.4974738387 419.1677610888 58.5581521897 42.2072421331
23.0000000000 8593.8114277216 350.7944146292 46.2535400616 36.3986198187
24.0000000000 16512.2106040396 487.5388984826 63.0616963452 47.9261844744
25.0000000000 7930.7322473179 354.0667165014 52.8579118937 32.9286461835
26.0000000000 4558.4381776029 283.8799694477 44.7326313403 23.0784454101
27.0000000000 6070.5273391159 303.9328214499 40.8163090441 31.7643306495
28.0000000000 19462.4817224353 522.0489601132 66.7389213407 54.8917593231
29.0000000000 5981.8851037870 302.6145462929 43.7991544815 27.3153869394
30.0000000000 16917.0591574915 504.0953968062 64.0028066130 57.2131236506
31.0000000000 2974.3454824519 229.9158636098 36.4488265919 20.9163258188
32.0000000000 12748.4373503521 436.3303742800 54.7301181776 49.5682124768
33.0000000000 10039.0088822125 370.2396708134 46.1538477614 40.1479269040
34.0000000000 6745.8891600820 342.7729274485 54.1763314059 28.2389149137
35.0000000000 6072.1021708563 314.0684642375 43.9859467581 32.1107102435
36.0000000000 8318.8645405884 362.1611145047 49.2325022548 38.6525801370
37.0000000000 11891.3796881838 426.9097166457 63.6435416995 36.1621213055
38.0000000000 13592.7821843188 435.4704290226 57.3431807532 44.9684145577
39.0000000000 7928.5995084798 370.5173149195 50.4320415346 42.2201708937
40.0000000000 26722.1561036982 614.2893263923 73.0697459249 71.8220625380
41.0000000000 7130.3507143184 332.2234891621 46.7540074067 34.0904538594
42.0000000000 12398.4605194252 423.9879050530 60.8077697865 38.1471600735
43.0000000000 8447.8599481476 351.5748656312 48.5073405459 34.8775376199
44.0000000000 14545.2268266653 448.3093393876 57.1301716509 47.3646710309
45.0000000000 7658.0327863623 377.7462803913 60.4699600164 32.2168330854
46.0000000000 8060.4632888573 357.3625559445 52.8181821834 34.5449357968
47.0000000000 5564.5692237078 286.2980900243 36.0694179241 32.6612537276
48.0000000000 5147.4203885449 277.1289728664 37.9718729883 28.7805588562
49.0000000000 15158.7471718811 478.2908390800 73.7932990476 38.0799481655
50.0000000000 11256.6777584396 402.9761791531 55.4698946028 38.6755713755
51.0000000000 15632.1454701393 482.3721788362 68.7332139226 46.5306392189
52.0000000000 14663.4286457853 481.6752014325 69.8864583324 45.3013459529
53.0000000000 4599.7410510242 276.7224505669 39.1102851805 29.8823384949
54.0000000000 27694.0779445940 621.8065630804 80.7444427140 64.2765316906
55.0000000000 4679.7779648287 312.5866020211 55.4111494787 21.7050613887
56.0000000000 13751.6716255414 431.2653926596 55.4946049033 43.9559723372
57.0000000000 3102.0199831337 224.8213643283 29.0057258332 27.1361228244
58.0000000000 -33580.4740743621 1975.3955229885 380.2146208111 38.5772894327
59.0000000000 2621.4166577484 210.5763720157 31.1799353366 21.3500591381
60.0000000000 15118.9794441514 486.8381252262 74.5133460136 41.8777250906
61.0000000000 6410.1319289320 309.5354635032 42.2106001658 32.0193128570
62.0000000000 -16325.3166715865 1952.7986409746 355.0952334323 31.4633522136
63.0000000000 11933.7836417460 431.3408912321 67.1196366984 35.8861345638
64.0000000000 19980.4722566293 1882.8534239973 423.2428904682 29.8639601467
65.0000000000 45792.0148824742 2165.1817894765 445.1755935582 53.8592674933
66.0000000000 1140.6792261381 331.2830800391 65.6048624617 5.7783804427
67.0000000000 2581.0617587677 505.3014896269 80.0364425549 12.3671707765
