0.0000000000 1242.3860166006 241.6273061511 49.5352540050 9.6927175330
1.0000000000 3799.0699678635 291.8062272301 48.7922408481 21.4844482362
2.0000000000 5673.4453808216 302.8501763517 48.0142988487 23.6100724776
3.0000000000 10927.9531105440 399.3794353339 54.0952096488 37.9389478274
4.0000000000 2173.8734679388 203.5765102488 29.8767789127 20.5387811058
5.0000000000 1986.2960208821 177.3221944914 24.5614598026 17.6576950878
6.0000000000 5948.5042621985 310.8112331289 46.1052735746 27.2977410208
7.0000000000 10317.4306253578 396.1841256726 60.2049817526 32.3261660352
8.0000000000 4750.3863006314 268.3493209556 34.3884172768 29.4444630322
9.0000000000 5053.1065851621 295.7327405160 45.3381192746 24.7169849479
10.0000000000 3950.5853461846 273.0075670463 42.4262561204 22.1809533059
11.0000000000 5966.2317864881 294.2197381452 40.1296956058 29.3612095410
12.0000000000 10006.9353665547 375.4206600667 48.8935582944 39.4706856287
13.0000000000 2958.3993784120 219.3190734864 29.8779150008 24.8182061465
14.0000000000 6670.9807136805 318.0207386940 46.9923836606 27.0761422865
15.0000000000 8367.4483139638 345.5496759295 45.9791216094 34.9356235134
16.0000000000 2413.3397313500 243.6066572114 46.9556325611 13.1018764705
17.0000000000 10467.3458236298 393.1588166671 53.1391523378 40.4385123255
18.0000000000 6182.3367731754 316.8906005572 44.0386934169 30.4814611624
19.0000000000 7751.5243585682 352.5348970836 54.6490991035 27.3922430518
20.0000000000 15211.7298460630 454.4462004205 59.4547087493 46.1708365379
21.0000000000 4280.9632839860 263.8300609095 35.7485927575 30.1812347149
22.0000000000 13136.0306693859 452.0528599787 66.5178101191 42.0226984914
23.0000000000 6296.1557261716 301.8923666859 41.0359886584 29.7816435877
24.0000000000 11280.8603031793 413.1007018043 57.8845324421 36.1105258047
25.0000000000 7784.6051544247 346.7370903858 49.8975483725 34.4023533015
26.0000000000 4048.1418433453 267.9843006798 44.7227678084 20.1329572545
27.0000000000 7340.9573483178 329.8032293024 40.8846268194 38.3268249954
28.0000000000 14421.1371314190 447.0004153167 55.0886278449 49.5165854435
29.0000000000 8610.7128924501 364.9570406775 54.6668222341 30.5456989635
30.0000000000 15441.8586423192 493.6669156418 66.7264423589 53.5967879719
31.0000000000 3337.5851439953 238.3215858222 36.0979458288 23.4538894202
32.0000000000 10505.1580919087 397.8902594681 51.1839762093 43.8772466378
33.0000000000 8045.0282141774 330.7484758947 41.4180304188 35.6219080286
34.0000000000 6383.9602186284 330.3852701345 48.0642055744 30.6110340033
35.0000000000 4401.5702949653 279.7328013968 45.0610265214 23.2576291857
36.0000000000 6840.1495716955 344.6072960632 55.3064901376 29.2776995190
37.0000000000 9699.0784775091 401.4412913346 64.9919395696 29.2651057048
38.0000000000 11192.5889065543 399.1649252877 53.0209164356 41.3191295242
39.0000000000 5631.8315556597 316.5350447171 42.6675660117 36.4985394703
40.0000000000 23032.2696086706 574.9662421020 71.8217386429 63.9623314850
41.0000000000 4995.8043322285 281.0819891063 41.5219085408 27.2122978772
42.0000000000 10250.7588677808 378.9441505592 49.1085074866 38.9998755440
43.0000000000 6756.0889231036 312.5869487722 42.6250430730 31.2585478553
44.0000000000 12367.3278631179 413.0967100515 51.4563070818 45.0749264113
45.0000000000 4810.1197095671 299.9932246614 49.7261950815 24.4476418214
46.0000000000 7414.2978392237 340.7989257493 50.3517164818 32.6298506615
47.0000000000 4847.8166891645 271.4282310717 35.3979256227 30.0420286281
48.0000000000 5320.9858482560 282.3386600508 38.1913174647 29.7054656625
49.0000000000 12710.8495504526 438.9061932520 68.0698820237 34.8163140028
50.0000000000 9473.5877898649 374.2432049901 52.7610241215 35.1772867518
51.0000000000 12625.4407086314 440.7599891123 65.2909980335 40.3037970209
52.0000000000 9787.2370364871 404.6615403612 62.4904401210 34.4773928002
53.0000000000 4270.4529976114 265.6118998175 36.4039386244 29.8754557946
54.0000000000 21976.6329655007 553.4737171716 70.4862965044 58.6192917633
55.0000000000 3558.5047268189 283.5249252728 51.5203030019 18.5090496789
56.0000000000 12517.7311586361 415.3787311885 56.4864966775 39.2205774432
57.0000000000 3061.1558967366 226.8286717248 31.5945111518 25.0928851095
58.0000000000 7042.1835323497 327.2719896257 47.0779085381 29.3656138726
59.0000000000 1687.6169073185 180.1314787302 30.7484537245 13.8855410965
60.0000000000 13236.9534665080 439.9756850847 63.6799093477 40.3888287557
61.0000000000 5103.1800146740 278.9650928146 38.4302655112 26.1833023216
62.0000000000 4335.8098145848 256.6881795155 36.1026871366 25.8871078304
63.0000000000 9734.5083225073 371.9980926709 49.8782563510 38.0560629016
64.0000000000 1759.0505490667 193.3253709437 29.4106348045 23.0214381273
65.0000000000 8660.1318049255 379.5947775265 58.5394858839 29.7768090178
66.0000000000 4838.8940473915 315.0556350145 56.0331572741 21.8676922735
67.0000000000 7445.2562417855 342.4821298972 50.0652068517 32.2877916807
