0.0000000000 849.6327855158 220.2218090895 45.9525007890 7.1522706786
1.0000000000 5111.1941943366 328.2373204703 53.9973760757 25.7302018336
2.0000000000 6796.2626564613 330.7825958279 51.5263991899 25.8057718604
3.0000000000 13347.4815674073 431.9704497863 56.3160525886 43.9150077816
4.0000000000 2892.9619285565 230.4616425347 32.6258201053 24.5376184594
5.0000000000 2203.0211651975 190.3349382443 26.2876587727 18.6299660722
6.0000000000 7641.2157533721 340.9903236415 47.8608994982 34.0475107352
7.0000000000 13994.8651609229 459.3447216507 68.6950883140 39.3699307740
8.0000000000 5132.4960765718 283.4881508315 35.6279128390 31.3091716215
9.0000000000 5483.4564225099 305.2836201103 45.2212306045 27.0039070387
10.0000000000 6720.4988246881 335.2759016473 48.9012892078 31.6321806178
11.0000000000 7923.4328279734 341.9629864026 49.2045554346 32.0142065234
12.0000000000 10821.5326290947 389.3187588244 48.2555166899 43.7607190069
13.0000000000 5461.9143458371 296.9820593048 39.1146024238 35.0588530227
14.0000000000 6507.4519604248 313.2187082860 46.3663245828 27.3923259418
15.0000000000 11824.0047469292 406.6355175063 50.4334411178 45.2930265009
16.0000000000 3288.6858028022 287.8861990865 55.3973002104 15.0619653205
17.0000000000 11718.4725810476 413.1112346076 54.6013878003 43.7013570854
18.0000000000 7795.5252128984 357.8083607804 52.9428108716 31.9566731543
19.0000000000 12172.9483110184 428.6552928371 63.2277027831 37.2904857190
20.0000000000 19759.8749691796 524.0982450794 69.5517780774 52.3702423515
21.0000000000 4967.0743927946 285.9771782618 39.9325740942 31.5128830175
22.0000000000 12094.7131256430 427.5122437724 60.1572117556 42.5397248370
23.0000000000 8372.6414995534 347.7677397868 46.5273414878 35.4226372870
24.0000000000 16396.2480543945 488.1496708121 64.2491219710 46.7205740705
25.0000000000 8484.1605137163 364.8327832517 54.1803432977 34.7253116078
26.0000000000 5012.1225938917 286.0502931997 44.0904144365 24.6232061173
27.0000000000 5928.9414479255 299.3775731742 39.4207194784 32.1745550342
28.0000000000 18967.0145142648 512.3903946923 64.5740132332 54.8232380125
29.0000000000 6140.1877569714 305.6721910708 45.1700024343 26.7904675975
30.0000000000 17257.9254572694 506.6667116537 63.3326703504 58.8031648603
31.0000000000 2877.0587042974 225.1806588718 34.9464961029 21.4757896884
32.0000000000 12595.6413706136 435.2408449056 54.6473401325 49.2307238702
33.0000000000 10493.4327527214 377.8399847799 46.1065305515 41.9556017002
34.0000000000 6839.8883454691 347.7757779773 55.4079422421 28.1273636744
35.0000000000 6124.5990048764 312.8349497995 43.7223403952 31.7862987052
36.0000000000 8865.7194580790 372.8245503619 51.6224135707 38.8084543695
37.0000000000 11792.6542394566 423.8262748689 62.7188381306 36.6787211158
38.0000000000 13960.0279017701 441.1173728802 58.3701703463 45.1558578893
39.0000000000 7913.8913886429 369.2736941664 49.5943376813 42.6759720575
40.0000000000 26654.4716494760 614.7420925263 72.9339444113 72.1681730711
41.0000000000 6501.5032073888 317.4822987116 43.9665232926 33.2786392130
42.0000000000 11908.9960159025 418.5680598780 59.8887029808 37.7359123464
43.0000000000 8598.1799703691 353.3314599667 48.6893831190 35.0213382746
44.0000000000 14903.1364106556 453.2047796019 57.6744733580 47.8182635436
45.0000000000 8007.3158353858 383.0963442628 60.7532405319 33.4108650017
46.0000000000 7583.2211101011 347.7523642205 52.0791850466 33.0677671378
47.0000000000 5321.2068386507 281.4310290894 36.2564134954 31.0771913701
48.0000000000 5057.0331675798 274.2947909330 36.9933315835 29.0465195977
49.0000000000 15375.9209861920 482.2289398509 73.7821739770 38.5658037686
50.0000000000 11461.0113042703 406.3155130975 55.8288211586 39.6129609054
51.0000000000 15746.9727754678 481.8441361959 67.0207102557 47.8723376300
52.0000000000 15915.0678929986 497.7675506112 69.9208391337 49.2554305100
53.0000000000 4368.5131802548 270.0637441915 38.3028015489 29.0243080374
54.0000000000 27476.7004474446 619.3854216711 80.6049082168 63.7353109116
55.0000000000 4359.5790269529 310.8155449721 56.3754203442 19.6961828059
56.0000000000 13778.2222283298 431.1272133443 55.1851408120 44.2058746826
57.0000000000 3118.1401821004 226.4976064155 29.7190776360 26.8189713192
58.0000000000 -35911.7659589492 1951.7418765040 379.3160950053 39.6771550039
59.0000000000 2395.4772306800 204.8150174568 31.5937846599 19.2844300762
60.0000000000 15642.7134459321 493.9585720693 75.7725072392 42.6214436000
61.0000000000 7043.4038554302 323.0228866616 44.0850266715 31.9680897973
62.0000000000 -15244.4432560117 1943.9171548813 354.3823502444 31.1772194216
63.0000000000 11654.7526880357 428.2472595008 67.2554651993 35.1716955125
64.0000000000 19447.2506600573 1884.3165442391 422.1102818109 31.5198038844
65.0000000000 47308.4415985206 2173.2430967363 444.8793363884 55.0655483405
66.0000000000 1562.1227439479 360.9683363026 67.6317014931 9.2823951464
67.0000000000 2860.8236999765 509.3649109002 79.9179361280 13.2139647065
