0.0000000000 694.6256956402 222.6138672186 46.8530596226 5.7581702854
1.0000000000 5519.5336773172 331.0424286036 52.9682953651 27.9252477587
2.0000000000 6528.3479527980 324.5981595493 50.2126258631 25.7726573940
3.0000000000 13597.1264935260 436.9126437379 57.2035331972 43.9867615384
4.0000000000 2605.7991631678 224.8965764557 33.1313928641 22.2845402144
5.0000000000 2471.6947993248 203.3366624469 28.3104242637 19.5719231883
6.0000000000 7984.6184557820 348.1330678089 48.2695340770 35.5494279384
7.0000000000 14647.0473026527 467.7872695656 69.5170250827 40.3208569848
8.0000000000 4880.8696576089 275.5555469946 36.4600469126 28.9265552267
9.0000000000 5920.0653393523 311.1509082070 45.2311639619 28.6056668362
10.0000000000 7138.7535426220 339.8181356008 47.8737876331 33.9332581463
11.0000000000 7932.1012808163 344.7110844601 50.5915752165 31.0780762856
12.0000000000 10953.2157326720 391.8716315886 47.7821070191 44.7809812971
13.0000000000 5408.3171499537 295.6586886745 39.3423235823 34.4410125910
14.0000000000 6077.7092051921 303.0649099019 44.6443150189 26.1175913447
15.0000000000 11826.1559964826 407.2838990198 50.9368977983 44.9254849125
16.0000000000 3430.1160359821 291.4315120757 55.0280333853 15.8711313682
17.0000000000 10947.9815261341 403.1198716666 54.8246079984 41.1611054581
18.0000000000 7539.6461795160 348.4806339012 50.8542717957 32.3961198577
19.0000000000 12038.6949616463 426.6187536028 62.5977152994 37.2695453066
20.0000000000 19695.5540245739 523.0443982578 70.0646889514 51.9419829524
21.0000000000 4869.6359821100 283.6350320262 38.9664362471 31.8506694066
22.0000000000 12194.8852404702 428.0205376610 59.6051765857 43.2857944638
23.0000000000 8419.4710079894 349.4752556084 47.5725596726 34.7574910903
24.0000000000 16552.2701619384 493.2346704024 65.3536435601 46.5431543548
25.0000000000 8784.3104618597 369.2397729614 54.3180833596 35.4816304627
26.0000000000 5777.1487536178 301.2949046626 43.6647541523 28.4763547987
27.0000000000 6228.3766380501 306.9488312465 41.1562974383 32.4270517177
28.0000000000 19059.6702763916 514.7398950525 64.3641264197 55.6331707649
29.0000000000 6596.1970529875 315.6946123317 46.0747472514 27.8581850119
30.0000000000 16743.1294576698 501.3728400110 62.7407472797 58.2618490790
31.0000000000 2830.7977985755 224.7528239441 35.6211228881 20.6842908933
32.0000000000 12812.2526171611 437.7314680861 54.2773800959 50.3116655792
33.0000000000 9384.6382664831 358.9282792365 44.5201936535 38.9936950455
34.0000000000 6795.1182578609 341.8599888223 53.7688858501 29.3336089799
35.0000000000 7224.2859112817 339.8956608417 47.4329858857 33.8963343828
36.0000000000 8957.2434624130 376.6218063320 52.5028608026 38.9113095607
37.0000000000 12042.7908268745 430.6982584890 64.6129851614 36.1874350003
38.0000000000 13716.2090847723 437.1121967707 57.9829477449 44.6490873559
39.0000000000 7354.2880753260 355.9375073935 48.6996699255 40.2669785617
40.0000000000 27292.2989914523 620.7506714459 74.9454168458 70.9669420792
41.0000000000 7009.4118520554 329.3199075119 44.9464491359 35.2928340456
42.0000000000 12995.7285189988 435.1582707631 61.3497205976 40.0258394039
43.0000000000 8416.5187930077 349.4252209727 48.0372506600 34.9438244820
44.0000000000 14500.5453242434 447.9934034412 57.5918057493 46.9835149740
45.0000000000 8755.4193775644 398.3133850888 62.4643340923 35.5740322402
46.0000000000 7239.8805350750 342.3458346102 51.9738499034 32.0412107852
47.0000000000 5404.8146128930 283.9914936780 36.9925726157 30.9712921495
48.0000000000 5242.7686312490 279.1708631838 37.8089764441 29.4334036151
49.0000000000 14606.7189951070 476.5914089809 75.1399580480 35.7997453858
50.0000000000 11819.3660598240 414.9477342609 56.8785230876 39.7526062610
51.0000000000 16579.4547507035 495.1712277492 69.4667417866 48.8413277742
52.0000000000 15883.2807377150 495.4605596140 69.0975765931 50.0497797241
53.0000000000 4361.5768584552 270.3295615407 38.5730197464 28.7885213880
54.0000000000 28074.1468451403 625.7737336069 80.7342213311 64.9306528180
55.0000000000 4345.4151139103 304.3479118169 55.1468734333 20.2740444725
56.0000000000 14175.7156727952 436.8031975662 55.4620926001 45.3210263532
57.0000000000 3031.9595449970 222.9245910338 28.5162297342 27.1906681649
58.0000000000 -35689.1117687062 1933.0161081837 378.3569569043 38.9230977864
59.0000000000 2458.0076520211 211.0167801592 33.5960814208 18.6788407739
60.0000000000 15501.4218138140 490.4889683544 75.2298859624 42.0438141648
61.0000000000 6328.5362818619 306.4970655891 42.9645963411 30.4160768064
62.0000000000 -15960.1936754810 1933.5063439299 354.4134227054 30.4721231274
63.0000000000 11828.5164283564 431.9461329125 68.4959202952 34.9687674691
64.0000000000 17616.0876039525 1881.0628525267 419.7502585413 33.0330489602
65.0000000000 48923.1108609028 2177.8321172797 444.5371366820 56.4350913538
66.0000000000 1062.3523669159 334.1531982306 66.1070602773 5.5668483759
67.0000000000 2706.7418608551 522.0091041944 81.4957558791 13.3625464088
