0.0000000000 698.9437179904 219.7690739162 46.1161526576 5.8835985710
1.0000000000 5107.4418622139 329.4131450953 54.8071650190 24.9963202017
2.0000000000 6170.0688050488 314.2001093022 48.9686866041 24.7021299352
3.0000000000 13862.3200969671 439.4385026461 57.7324828478 44.2602907867
4.0000000000 2600.8939382507 222.9049288876 33.0707704929 21.7406181661
5.0000000000 2161.9690818614 188.8339029410 26.7253832520 17.7885075244
6.0000000000 7744.8714135451 342.5270122027 47.4553340008 34.9396631003
7.0000000000 14099.6935443164 459.7699991623 68.1516480516 39.7016602352
8.0000000000 5174.2024424611 283.9406665296 36.9114078925 30.2222833290
9.0000000000 5395.3800551559 302.6410708269 45.6586464204 26.1575030719
10.0000000000 6843.8793691325 336.0421555389 48.0652739232 33.0976427687
11.0000000000 7882.1133026517 342.3229137198 49.7419360443 31.4009272581
12.0000000000 10609.3592152020 385.5451698993 47.9922522638 42.9796379623
13.0000000000 5246.3587927154 290.8118786128 37.9422965079 34.6981291780
14.0000000000 6236.5000743168 305.5282898257 45.6325835995 25.9734114865
15.0000000000 12258.2444446030 414.0981789784 51.6999501506 45.2819880400
16.0000000000 3341.3459517833 286.4909429833 54.8195220052 15.4405463416
17.0000000000 11314.3293051324 407.2539100946 54.1577535139 42.9284504129
18.0000000000 6961.0084705481 339.2670670124 51.3761114216 29.5316280739
19.0000000000 12052.8736292952 429.5858638154 63.5433744141 36.7519727852
20.0000000000 19300.3338281502 518.2600582268 69.0262302649 51.9545289269
21.0000000000 4835.6966420387 280.4005529856 37.6353554528 32.4253855743
22.0000000000 13029.6578233717 443.1440886974 61.6703771600 44.9215395839
23.0000000000 9189.3333243465 362.8549383802 48.7153113591 36.8923047232
24.0000000000 16433.4827176960 491.1452082702 65.6494459206 46.0839983735
25.0000000000 9394.5216560372 380.1737276585 55.0082123637 37.3350874022
26.0000000000 5477.5530297338 302.1974152351 47.3531515377 24.9256085377
27.0000000000 6198.3668457264 305.2199364541 40.7473525881 32.7257869478
28.0000000000 18493.6848666409 503.3403489087 61.7221726349 55.3652345962
29.0000000000 7113.2055523527 328.1290758271 48.3681969097 28.6826108091
30.0000000000 16860.9655287776 507.8862253308 65.3633076347 57.9753568021
31.0000000000 3008.6754485339 232.3938426566 37.3893986781 20.8291899477
32.0000000000 13737.0104076801 454.1154832395 57.5914437232 50.7978169246
33.0000000000 9159.2162480760 353.6644415595 43.6122091046 38.6009954587
34.0000000000 7365.0642600568 355.2923457846 54.9181818165 30.3377113818
35.0000000000 6202.6163156336 313.3834200019 43.9053364032 31.8268035469
36.0000000000 9218.2176347694 382.4989000147 53.1677386115 39.5734423832
37.0000000000 12052.4076493733 431.7103381916 64.6627006464 36.2417408868
38.0000000000 13462.3391549004 433.8588991464 57.8577278138 43.9787390281
39.0000000000 5955.4856159236 321.7438782433 43.4599593020 37.1098759256
40.0000000000 26338.9287937336 610.0684435769 75.1189415196 67.9317032811
41.0000000000 6160.8297265465 312.7077952566 44.1430145920 32.0636193450
42.0000000000 12769.0231552285 427.8312093619 59.4912342813 40.5908940503
43.0000000000 8934.7891156286 361.8900110125 48.0574439165 36.7362818505
44.0000000000 14690.9629809927 450.8259657900 58.1274955963 46.9429706961
45.0000000000 7747.1197221000 385.9373466830 62.4369192453 31.7766003513
46.0000000000 8083.3203485052 358.0335297839 52.9683505384 34.6125021794
47.0000000000 5575.3778807614 289.0082103633 37.6223090530 31.4559916268
48.0000000000 5333.1538788152 281.5785224699 38.0679579156 29.6583181503
49.0000000000 14186.2723135605 473.5256230195 74.7362115332 35.6198973983
50.0000000000 11703.3003144787 410.0132557579 56.3498974968 40.0548333921
51.0000000000 17257.5965004847 506.6305056253 70.6616117247 49.2505605599
52.0000000000 15702.6311899076 489.9496434085 68.4148504018 49.0903905546
53.0000000000 4449.1973887966 274.8492417456 40.1615871616 28.2525725976
54.0000000000 27855.2133520153 624.1311925909 81.0929913227 64.3308622769
55.0000000000 4033.7527612956 299.8417746332 55.4246288276 18.4697824398
56.0000000000 13884.3290103167 432.3951207525 55.3087762959 44.4800853537
57.0000000000 2971.8771770511 221.9098122129 29.2645789596 26.1386867253
58.0000000000 -37382.1021080530 1967.5610547626 379.1873853414 41.0754076477
59.0000000000 2508.1286673307 208.1402020261 31.3855195167 20.4850881293
60.0000000000 15822.5349349598 494.5052831784 74.9210793716 43.2831190167
61.0000000000 6398.0791726402 307.6924142392 43.3123357919 29.9862917272
62.0000000000 -12775.3707105086 1950.9568568743 354.5264898492 31.0946290632
63.0000000000 11992.3284146275 433.2077819869 67.0927905003 36.4460762453
64.0000000000 20761.7828898034 1880.6678710045 422.4525066130 30.3689043323
65.0000000000 44807.3512709107 2180.8105995070 444.4275459186 56.2553654603
66.0000000000 1125.3578799737 339.2793378482 65.7918214459 6.2253642901
67.0000000000 2594.0027554794 519.9870580772 81.2782238488 12.7157107853
