0.0000000000 637.0322191661 213.6539185060 44.7646230240 5.5287285322
1.0000000000 5317.2323197093 330.6194270154 54.0567610608 26.4701740488
2.0000000000 6459.7309896568 317.9645946057 48.7497563004 25.8574981288
3.0000000000 13872.3018846992 440.1941477178 57.7573432285 44.4593291821
4.0000000000 2812.8356987784 229.9299932565 33.3986454774 23.4203702036
5.0000000000 2304.9985536689 194.4002790304 27.2994989092 18.6160320681
6.0000000000 7835.3249248954 343.4974177266 46.7406284125 35.9438686742
7.0000000000 13840.6310886696 458.1268092121 68.7718969358 38.8294290680
8.0000000000 4969.2839878949 277.7199982456 36.4197496930 29.4091453094
9.0000000000 5613.3173548304 307.3297907535 46.5604514007 26.6590563694
10.0000000000 7322.7548508278 346.7178532270 50.2428094121 34.0302360525
11.0000000000 8096.6857293895 346.4928147566 50.2774828707 31.9825218515
12.0000000000 10689.2042696163 386.3533432376 47.2743208937 43.9364105030
13.0000000000 5315.2327645418 292.9091823175 38.2240654357 34.9524995626
14.0000000000 6105.5530322325 303.6939294063 45.3931592140 25.7510256396
15.0000000000 12215.4821696920 412.8634941297 51.0374060124 45.9097147375
16.0000000000 3240.3665927257 287.0927322271 55.4439730388 14.8529652058
17.0000000000 11899.3671284596 416.7789974759 54.6245861507 44.6164718151
18.0000000000 6979.7654347878 342.8044568822 52.3754201977 29.2305046866
19.0000000000 12981.9136075346 440.6640082799 63.9125520243 39.4758370112
20.0000000000 20004.2237696963 525.8124733132 70.0100644176 52.0306582425
21.0000000000 5162.4665221869 291.2243624092 39.5552432051 33.1551750483
22.0000000000 12454.3371115940 433.4133636999 60.9350063209 43.3732415668
23.0000000000 8557.0882948032 353.9155733862 48.3830421829 35.0777050730
24.0000000000 16894.3916166129 497.7882257500 66.5320134155 46.8725018275
25.0000000000 9740.9168236763 386.6245763958 56.0823906333 37.7976756125
26.0000000000 5576.6699107348 302.9947249069 47.1444442725 25.5123912185
27.0000000000 6168.5270749419 305.3358993579 41.1050276787 32.2192204762
28.0000000000 18671.3959040156 505.3214577098 62.7564765050 54.7807888459
29.0000000000 7812.4813262621 340.8896746444 49.6217810630 30.7099841560
30.0000000000 17564.8822470290 511.4330755948 64.3202087456 58.9296691396
31.0000000000 3259.6638355116 239.7830525973 37.9539718780 22.0599027545
32.0000000000 12563.7536404426 433.7864731168 55.7923068131 47.8288394515
33.0000000000 9463.4378002107 359.3298836424 43.4093675568 40.0435877672
34.0000000000 7195.3615516939 350.5768185563 54.5569402361 29.9486464788
35.0000000000 6453.4391043374 317.6023435213 44.5243098117 32.5023370491
36.0000000000 8713.4806980949 372.3706331306 53.7843931103 36.7265857142
37.0000000000 12709.9109988589 439.7948021429 64.8092685656 38.0670775534
38.0000000000 13598.4322546335 435.1845548385 57.1517759435 44.9443705417
39.0000000000 5697.0869634921 312.8743458293 41.9086133212 36.3798442811
40.0000000000 27321.4418658861 619.2269464914 75.8868694988 68.9080416265
41.0000000000 6219.8541914308 310.1635918968 42.5542882817 32.6329878964
42.0000000000 12904.3412195992 428.5756341567 59.0184416302 40.9914359901
43.0000000000 8535.7284166259 350.6423993155 46.5839825451 35.6630070525
44.0000000000 14688.2741910680 449.7101378125 57.7944672036 46.9605422125
45.0000000000 8235.0806107003 392.5032197148 63.0903107830 33.4339702196
46.0000000000 7728.2632051048 349.5480162335 51.9303677620 33.4066722929
47.0000000000 5553.9193984484 287.6667411251 37.4428181122 31.4516621527
48.0000000000 5715.2347664067 291.8491270244 39.0371471374 31.0925058658
49.0000000000 15032.1164162294 483.1154513606 76.1106891624 36.6055348230
50.0000000000 11975.2970507803 416.2455046210 56.6608178588 40.8114586511
51.0000000000 16755.9086753594 499.6019861893 70.7229270542 48.3307935116
52.0000000000 15430.9569763506 488.0221439710 68.6370745173 48.5222607950
53.0000000000 3955.7347354266 257.7658774585 37.5245394565 26.7379860719
54.0000000000 29113.6782956482 636.5391472592 81.9310816263 65.9986506190
55.0000000000 4438.4123677704 310.7480871907 56.5183170015 20.0415684578
56.0000000000 14068.6262386371 435.6089605932 55.5956965838 44.8342840077
57.0000000000 3282.7299261596 231.6079804228 30.3234569540 27.5378259885
58.0000000000 -36473.3506368314 1942.5572047885 380.8004269771 39.5399376155
59.0000000000 2580.7989418001 211.4531739799 32.0327813618 20.6174512441
60.0000000000 -27422.3337495401 2393.1618568930 376.3318586965 67.2383260976
61.0000000000 6304.9055717662 307.4242639163 43.5773720968 30.0129536478
62.0000000000 -13682.6423080298 1955.0453083181 357.1090905788 30.0290110118
63.0000000000 -24301.3721929396 2207.2188644353 351.8019717808 54.7792650437
64.0000000000 18345.8655240661 1893.2757685066 422.1228481771 33.9206893635
65.0000000000 49149.5351954181 3856.1691938582 468.0973334192 35.0468864493
66.0000000000 7847.6471211248 2163.2178969574 458.3214662844 11.0710088496
67.0000000000 81353.6081565440 4250.2029649068 490.4268097538 71.5916205617
