0.0000000000 811.1986848173 220.7787138595 46.3034887475 6.7794680927
1.0000000000 5428.5172958723 331.6530775275 53.7215798637 27.1562828397
2.0000000000 6371.0553516018 324.0448533846 51.2716840685 24.5523191782
3.0000000000 13662.1543627469 438.4875140933 58.2937681631 43.4448424720
4.0000000000 2819.6702935807 231.5153662952 33.3157715598 23.8716734615
5.0000000000 2117.4229490619 187.2394078407 27.5104686067 16.6999481978
6.0000000000 7928.8487928684 344.7092852436 46.6776929226 36.1754666038
7.0000000000 13652.2026315527 455.2134108767 68.6928773409 38.2699686389
8.0000000000 4828.9081512300 273.1390439208 35.5319994139 29.3091054665
9.0000000000 5462.0658076558 301.7385572491 45.1552198482 26.8189700864
10.0000000000 7362.4046168279 344.3276768668 48.8767599452 34.0970587560
11.0000000000 7927.5639884398 344.2053142272 50.1797886849 31.4193712837
12.0000000000 11143.8928861240 394.6066008930 48.5273917704 44.6240047190
13.0000000000 5306.2196020645 292.2175383798 38.3236250380 34.6925980496
14.0000000000 6157.9102673744 302.9926217203 44.7836120308 26.2296259995
15.0000000000 13002.5946215845 423.7800537184 51.1021043284 48.1692954121
16.0000000000 3766.2004082919 303.4509762653 57.4653486621 16.6438976024
17.0000000000 12038.1261685136 418.3693888572 54.6222647065 44.9619501432
18.0000000000 7339.1860263499 345.8752029791 51.6082291977 30.9079170638
19.0000000000 12345.2250324549 429.7676892953 63.2087796937 37.8982737276
20.0000000000 19844.6695533516 524.8799747610 70.1264905927 51.7934805784
21.0000000000 4755.4423293533 277.9601357372 36.9693750867 32.4842199283
22.0000000000 12881.3694545324 439.9545436171 61.2991039679 44.5877566781
23.0000000000 8521.0798587469 353.3202555270 49.7214683737 33.5594143189
24.0000000000 16052.3388370434 488.0569600531 65.8787303982 45.0953450890
25.0000000000 10124.5338576492 391.8762079631 55.8150458708 39.0009781747
26.0000000000 5449.4787719263 298.8528472132 46.8243079916 25.2532445181
27.0000000000 6508.3131566305 315.6501473327 41.3864251501 34.6102141562
28.0000000000 18658.2766456300 505.3223833880 62.0171072697 55.4236166287
29.0000000000 8536.6175367970 357.4551266330 52.7176387060 31.7698962645
30.0000000000 17545.0582315559 515.5915731369 64.9427674806 60.0776080361
31.0000000000 3395.8742652296 243.7233655429 37.9526674354 22.8931805774
32.0000000000 13092.4090272627 445.0526121985 57.6141301555 48.5274426356
33.0000000000 8008.9179411295 331.7976712506 41.7630508500 35.4986692367
34.0000000000 7529.5562754969 360.8788608265 55.8700900945 30.7918787513
35.0000000000 6352.0005739947 319.0647493500 46.4796056768 31.3398595327
36.0000000000 9376.1328744065 384.6238678490 55.2765065772 37.9080161512
37.0000000000 12857.6125504864 442.4002326117 65.0994614371 38.5522953246
38.0000000000 13494.6867469907 435.5669803215 57.8178517460 44.6610129596
39.0000000000 6066.3673660394 320.0974576200 43.6648937997 36.2401062207
40.0000000000 26814.7255341767 615.3821938318 77.2258044232 66.8400055440
41.0000000000 6229.1038168850 309.9460676525 42.1595963688 33.2198167722
42.0000000000 12517.4643024287 423.4795843968 57.9532573351 40.8796803745
43.0000000000 7864.4003480208 338.5328319403 45.7184939136 34.4309946874
44.0000000000 13405.5791574767 430.3926124055 55.8298401826 44.5221763043
45.0000000000 8230.9745220826 386.2576639080 60.7672966554 34.5690200869
46.0000000000 7327.5357841293 341.6183558038 51.0148863402 32.7298612498
47.0000000000 5549.7696189169 287.5087835517 37.2228587928 31.6127465556
48.0000000000 5449.9713465203 285.3831406586 38.9253799424 29.6312146924
49.0000000000 14560.1540716719 479.8834042305 76.1167199343 36.0927144391
50.0000000000 12108.8033215509 418.0515571263 56.6858264875 40.8752270968
51.0000000000 17352.5914737664 510.9029188807 73.1889249575 48.0499574635
52.0000000000 15720.5524418759 492.5529909807 68.3340202872 49.8140110811
53.0000000000 4412.7550811627 273.8818795867 40.2024301647 27.9678765255
54.0000000000 30013.3249893048 648.4821501509 82.4405947188 68.3515173165
55.0000000000 3962.1722444675 303.1206798566 56.1307960058 17.9472426700
56.0000000000 14137.0453011806 435.5957272727 54.9716378761 45.6245338040
57.0000000000 3164.5000229975 227.7550561392 30.3553827830 26.5017482813
58.0000000000 -38729.9043894212 1965.5658583128 381.0199556115 42.1957893370
59.0000000000 2706.9773778388 217.2965699439 32.9628034650 20.9337040123
60.0000000000 -26672.0166497874 2378.7243313249 376.1315385486 66.0705309320
61.0000000000 6387.1421262066 306.9426512990 43.3592568698 29.6664988716
62.0000000000 -11375.5565565145 1955.4957421034 356.8139841883 29.4026633979
63.0000000000 -27592.4105299243 2201.9682872848 351.6696425410 55.8848167688
64.0000000000 19593.7159360073 1890.8274083903 423.6002819931 31.6597915696
65.0000000000 47912.9765783942 3846.5220944677 467.3393541809 34.2652292338
66.0000000000 5481.9615745255 2160.5388840788 458.1969535167 9.0826467179
67.0000000000 86842.0867397893 4260.0500954510 489.7593402029 75.7154002654
