0.0000000000 816.8661580669 220.7527061644 46.5861621115 6.7784935525
1.0000000000 5457.1861362410 334.3027910810 54.4154348485 27.0930134787
2.0000000000 6393.3088891426 320.5189128978 50.5075395659 25.2401281550
3.0000000000 14092.2342389767 443.1268072260 58.4812487143 44.5097646905
4.0000000000 2890.9123159076 230.9350554775 32.9683308111 24.1838767960
5.0000000000 1880.5226532766 180.0607880993 27.2342487978 15.0027163453
6.0000000000 8135.0975386257 347.8085366036 46.0766131848 37.7235356680
7.0000000000 13963.3602123353 459.5282740881 68.7492951161 39.4976938616
8.0000000000 5386.3281439899 287.3192465893 37.2204923272 31.1311211232
9.0000000000 5312.6255374140 299.2352086894 45.7007714362 25.6595828498
10.0000000000 7750.8609681444 354.4332100130 50.2024275981 35.7081613949
11.0000000000 8060.6787155292 347.2911025049 51.0964639419 31.5000029877
12.0000000000 11014.0849971988 392.5175227295 48.1310931009 44.5845659253
13.0000000000 5392.1163588495 294.6451176209 38.6036413260 35.0260531182
14.0000000000 6068.6785631001 305.5526178550 46.5106524181 25.3388430531
15.0000000000 13276.3295659912 428.2169963922 51.8345418658 48.3113320443
16.0000000000 3491.5196473577 295.2606913147 56.5543729867 15.6482712100
17.0000000000 12346.8020799773 424.0405388453 55.4089867344 45.8336285820
18.0000000000 7167.2789922616 344.3445091917 51.5621883302 30.3060958317
19.0000000000 13222.4315818311 443.4063759466 63.8965432487 40.1281562310
20.0000000000 20149.0339035883 528.9033028725 71.0846148087 51.8796214466
21.0000000000 4933.6827028341 283.0564981527 37.7309669795 33.0255515328
22.0000000000 12814.2679958420 438.4651906846 60.9140618798 44.7182007266
23.0000000000 8034.5909876027 344.3065731575 49.4208802110 31.9123407374
24.0000000000 16130.2307691102 488.8469686942 66.0602560073 45.1745367741
25.0000000000 10424.0333770572 397.9842246001 56.4783690170 39.8299821158
26.0000000000 5768.2885837688 309.3610578261 48.4594897311 25.9187125013
27.0000000000 7153.9759591968 328.1197518996 43.9054276464 35.2023439809
28.0000000000 19174.5831688876 512.1812014884 63.4759236955 55.3470114215
29.0000000000 8835.7540707759 365.1402539870 53.3355688235 32.3159392774
30.0000000000 17668.4592979985 517.0802529293 63.6386598718 61.6134147331
31.0000000000 3238.1594000389 237.4374640848 37.0217369623 22.4475749159
32.0000000000 12632.5957828331 436.0066959492 56.5973688496 47.5733992555
33.0000000000 7742.4918331150 325.3959460941 40.5287143751 35.0756253183
34.0000000000 6724.2521116071 340.1314464411 52.4074993730 29.2836312256
35.0000000000 6589.4300413696 323.3567577162 46.3529223049 32.5188825789
36.0000000000 9686.6754961812 388.4546110671 55.3215734136 39.2071497305
37.0000000000 13378.0463096356 450.5221949963 66.2803459308 39.3290295133
38.0000000000 14122.5232281984 445.1848714081 58.7280946001 46.1547739339
39.0000000000 6416.4626142033 331.8770740206 44.4065370523 38.5703299610
40.0000000000 27436.0820176892 623.2526352587 78.0217212095 68.6634868810
41.0000000000 6300.0459524556 311.3623375866 43.5959250231 32.0118489124
42.0000000000 13131.6718190686 431.4209132295 58.9460604355 41.7493683065
43.0000000000 7805.3695830446 338.0115334347 46.1669770924 33.8982135312
44.0000000000 12056.4679749238 406.8691563637 52.4447052322 42.3544212827
45.0000000000 9137.3152745662 407.9331312160 63.8118113202 36.7368752035
46.0000000000 7326.2504219519 348.5023075953 55.2830039597 29.8511293832
47.0000000000 5504.3060675337 285.7624847886 36.3887055366 32.0872422349
48.0000000000 5274.4767736288 283.0565499163 40.2393771288 27.9882991899
49.0000000000 15393.6524359355 489.2295964147 76.9036339240 37.0170531550
50.0000000000 12151.4574836450 414.9368542050 55.3609918487 41.8422533139
51.0000000000 17515.4204543594 511.5721043011 73.1261380388 48.7918572695
52.0000000000 16513.8592555716 502.6787964342 68.1601885943 52.2028398955
53.0000000000 4153.7335282120 268.9972102112 41.3945447186 25.4761471667
54.0000000000 30273.5110618863 649.4132132456 81.2817871992 69.8893277258
55.0000000000 3710.3606535481 288.9773548372 53.5417291960 17.6345539275
56.0000000000 14250.9774129433 436.5836663114 53.8142979066 46.9357844456
57.0000000000 3095.5967358348 224.6971197007 30.3584824752 25.7755778682
58.0000000000 -38987.7432179081 1967.7846763070 383.4757056703 42.9079079156
59.0000000000 2349.9942761135 205.6728314208 32.5868445658 18.4775295886
60.0000000000 -25328.4664081043 2402.1975995449 379.0266133106 65.8004413694
61.0000000000 -20243.1840835577 2366.7626296687 394.6820012352 35.3667746105
62.0000000000 -12942.5400179122 1973.1564224199 360.0114949944 30.6341358993
63.0000000000 -24287.0376874422 2220.8519364989 354.5887325726 54.9534832414
64.0000000000 20063.9935752990 1902.8177547748 424.9485536594 33.6580797824
65.0000000000 49073.3735230166 3880.5260410975 470.8613722682 35.2850193989
66.0000000000 0.0000000000 2127.8933720204 460.7024291785 0.0000014244
67.0000000000 0.0000000000 3935.4109262870 481.4722334502 32.3171274954
