0.0000000000 848.6591294932 214.1349094382 44.1130426024 7.4435879586
1.0000000000 5834.9199204883 341.1068323393 55.1051017143 28.3446847271
2.0000000000 6179.4045356522 311.7197350079 47.9919831302 25.1276769804
3.0000000000 14265.1051679308 445.9450479913 58.9136997948 44.8591675874
4.0000000000 2864.6348634350 229.2706962220 32.4134552090 24.4527088196
5.0000000000 2385.3857667440 198.0677545526 28.2701155936 18.3876457756
6.0000000000 7785.1437292580 341.1156683068 45.0613836300 37.0818494853
7.0000000000 13528.1585782890 452.7779271177 67.5465289492 38.7965663540
8.0000000000 4751.2760379844 272.3420339399 36.3743878039 28.0619045310
9.0000000000 5254.1558891854 298.7752499319 45.0645139249 25.7194892855
10.0000000000 7821.5909210318 355.1447742850 50.9392077750 35.1979214361
11.0000000000 7967.1399797937 344.7821666812 50.2843334985 31.5430307048
12.0000000000 10699.2605592944 386.4933040339 47.6714295132 43.4867654407
13.0000000000 5137.6456782270 287.2459622535 37.0519353621 34.7445496319
14.0000000000 6147.8727234640 305.2605169120 45.7098265251 25.8219841852
15.0000000000 12979.0880393148 422.8627917998 50.4693444199 48.5710277431
16.0000000000 3232.1552418137 294.6654003207 57.3754345137 14.3030111338
17.0000000000 12084.9962609418 419.9915548362 55.4781252088 44.6207216882
18.0000000000 7147.4844252681 340.9850452542 50.8007689922 30.1844128091
19.0000000000 13619.7202391298 449.5406342191 64.9150894820 40.6436417024
20.0000000000 20556.2556392780 532.1119866709 70.3067251067 53.3193837757
21.0000000000 4887.7027655610 283.0332660036 38.7400494888 31.9337559500
22.0000000000 13145.4479955868 445.4192499818 62.4249087564 44.7502062000
23.0000000000 7370.6460940730 336.4478949692 50.5649253019 28.4341345028
24.0000000000 16606.9488665681 492.8757921800 66.0805687117 46.4070393455
25.0000000000 10473.9932153624 399.1177099842 56.8556640577 39.9706029639
26.0000000000 5694.2802620431 309.7552099408 49.0253323019 25.2163051730
27.0000000000 7347.1235698778 332.6831347070 43.9847030647 36.1633244474
28.0000000000 19109.5230707586 514.0213743426 63.8853050208 55.5163282177
29.0000000000 9350.8056121172 374.3948225093 54.8295204024 33.2867371540
30.0000000000 18462.3357842929 527.3692533147 65.4453567769 62.3158852263
31.0000000000 2889.9199422401 225.5192161034 35.6068184185 20.8159146016
32.0000000000 12605.7451356214 437.2425686923 57.1957422449 47.0940948300
33.0000000000 6713.0970129336 306.3236674130 39.1343316541 31.6409674741
34.0000000000 6769.5192862518 345.5218444527 53.4989117147 30.0857140751
35.0000000000 6574.0338366686 321.1002830497 45.5053020535 32.4716490973
36.0000000000 9972.2322686948 396.1656057425 57.6418756333 38.6317752501
37.0000000000 13434.9744029010 451.8178931091 66.5104736612 39.7028788300
38.0000000000 13635.4729346720 437.6887518320 58.5104471035 44.4431453781
39.0000000000 6068.8023021302 323.0490331602 42.8299671907 38.0777559262
40.0000000000 27903.9513466151 627.5875630758 78.9555398198 68.3511590181
41.0000000000 6352.6990407956 314.7517950512 44.9636522734 31.1444526128
42.0000000000 13071.7540583819 430.1592649835 58.5904547422 41.9466618067
43.0000000000 8020.9640270765 343.9543262744 46.3981175928 34.6166757890
44.0000000000 12600.5166581453 416.1271219221 53.5686704306 43.3973227533
45.0000000000 8574.5969137665 404.9712454371 66.2763799347 33.1390242990
46.0000000000 6726.2996880365 334.2608969757 53.4368658653 28.3515975943
47.0000000000 5388.4513419116 282.7710245263 36.5801658615 31.2048147392
48.0000000000 5288.9883380515 282.3800599754 39.3314322951 28.5114398666
49.0000000000 13860.0234089797 471.2827559592 75.5383811735 34.2360292450
50.0000000000 13028.1215593443 431.7516542181 58.1333969473 42.5945525679
51.0000000000 17846.2330242064 514.7596371658 72.6357701708 49.8077122258
52.0000000000 14498.9385911667 471.2479704128 65.9379742247 47.5946568300
53.0000000000 4369.7803735970 274.7254673293 41.3764106073 26.9044264025
54.0000000000 30477.0073764151 652.9235192593 82.6803136980 69.4661984064
55.0000000000 3857.9518489294 289.0373407385 52.7575296966 18.5354511725
56.0000000000 14581.6534314527 441.5865795902 54.1797370709 47.7816390774
57.0000000000 3137.0903931793 228.0549684482 30.1954562790 26.6999251764
58.0000000000 -39909.7515831404 1975.9242174524 384.3210762993 40.1819107095
59.0000000000 2728.6524349666 222.7876781188 34.7368725522 20.2459504178
60.0000000000 -25397.4287838548 2411.2013562053 379.0771687886 66.9337031584
61.0000000000 -18745.4888605527 2371.2484866827 394.9254583533 36.2287331249
62.0000000000 -12129.6345784285 1966.8553055014 360.1416421574 29.0304477235
63.0000000000 -23309.7799999038 2226.9511252380 354.5621048378 55.1567318273
64.0000000000 18811.6119309072 1901.0067123035 426.2495853088 31.2731229069
65.0000000000 49764.9320743514 3882.8657874114 471.0278207587 35.8683796811
66.0000000000 0.0000000000 2127.5138912994 460.6202691924 0.0000024944
67.0000000000 0.0000000000 3939.4760150418 481.9799711931 32.0277027196
