0.0000000000 762.6064583417 231.6239605047 48.9764558744 6.0435070509
1.0000000000 5701.8826291066 341.4610164186 55.4025924225 27.8410216576
2.0000000000 5953.4753766595 314.4476882398 50.4382976723 23.8880359805
3.0000000000 14326.6890004339 446.5961895978 59.2134739014 44.6815793634
4.0000000000 2830.6213767515 227.5762503123 32.5422071610 23.7655723982
5.0000000000 2051.0542416705 184.8119221694 27.8180692239 15.8491451118
6.0000000000 7846.3975619209 342.3890349988 45.0055093085 37.2667942659
7.0000000000 13803.7397576056 458.9650060962 69.0432448983 39.0145475514
8.0000000000 4958.1743772166 275.6942583828 36.1010919793 29.4346905634
9.0000000000 5231.5508476114 297.8103979586 46.0721529638 24.9806738574
10.0000000000 7754.2198305180 352.2151937778 49.5738613544 35.5195833903
11.0000000000 7628.2037861770 338.0943466849 49.1662012980 30.7784785901
12.0000000000 10336.4904324561 379.5238566834 46.5523438719 42.9934941792
13.0000000000 5144.7649824268 287.3585192044 36.6022885481 35.2324715692
14.0000000000 6251.1822008477 306.6250875378 46.3714100956 25.7347868155
15.0000000000 13441.6275691884 429.7050403388 51.1883720002 49.2360259603
16.0000000000 3396.3648684978 300.9187197063 58.1219587994 14.8989732942
17.0000000000 12103.3038758678 423.0241650310 55.8322193160 45.2387921341
18.0000000000 7322.2983470231 348.0055622655 51.8814490048 30.6725953117
19.0000000000 13329.5753541313 445.8190982319 64.7281998502 39.7878026057
20.0000000000 20702.5117240512 534.0720129789 71.2243053091 52.7124914050
21.0000000000 5228.9531130084 291.9597022398 39.6380008618 33.3189048748
22.0000000000 12997.4267336639 442.1269707396 61.5605419912 44.9636998180
23.0000000000 7488.1072762343 336.4313254722 49.9532602412 29.2828472708
24.0000000000 16339.8116083635 492.4609696768 67.2439271856 45.3664029980
25.0000000000 10943.8735025722 407.1372719035 57.5672290211 41.0407318519
26.0000000000 5540.6839038339 306.0889901460 48.7673211818 24.5522074150
27.0000000000 7095.7398856194 327.1119093410 41.8511822307 36.8950896341
28.0000000000 18938.1672681538 513.6365506003 64.9237489041 54.2433891348
29.0000000000 9586.6801828422 379.6135865700 55.5503968211 33.9465861396
30.0000000000 18607.2304505140 530.2175521819 66.1351602337 62.3079315566
31.0000000000 3463.1092433736 245.7865605938 38.6336233627 22.8544129051
32.0000000000 12657.0253711731 437.5122795174 57.4343718874 46.9864718184
33.0000000000 5836.5928089009 284.5030131950 36.0207144399 29.7835086159
34.0000000000 7479.6153792855 359.0231026812 55.6313482787 31.1492155025
35.0000000000 6850.0767453252 328.0478074227 47.5662616959 32.2238583651
36.0000000000 9559.4861741443 390.8906436011 57.3471094893 37.7566174734
37.0000000000 13709.3962918188 458.3844116839 67.8301825130 39.3987645892
38.0000000000 13696.2897897655 436.0413922805 57.3202250931 45.0353061558
39.0000000000 6006.6087270293 323.1717350221 43.2730069360 37.7535066579
40.0000000000 28156.8766573079 630.3899077570 79.8579951234 68.0536270891
41.0000000000 6398.9290547761 323.4621434172 49.2758881727 29.6182596192
42.0000000000 12988.1611845582 427.4407654951 58.2791645531 41.4407271222
43.0000000000 8553.2295889674 355.8996474743 50.1016065982 34.0203700122
44.0000000000 13305.1081286259 427.8069894680 55.0946378720 44.6264355427
45.0000000000 8624.8196409909 400.7132399766 64.3810528464 34.4166955282
46.0000000000 6726.7447361911 332.5741468630 52.7174107383 28.2391713654
47.0000000000 5969.7896852280 297.1880634028 38.5956545982 32.7739267462
48.0000000000 5645.9053590168 289.5770482885 39.0655388215 30.6974733987
49.0000000000 15351.8255191738 488.6513139357 77.2533189543 36.6126568647
50.0000000000 12537.7796654628 425.9693577726 57.9122429160 41.7510456924
51.0000000000 17306.8513592857 512.0213367371 74.5135138725 47.3818101550
52.0000000000 16331.0834940037 501.0251104449 68.7385824426 51.4147571183
53.0000000000 4235.4967796139 269.3752205015 40.8239662842 26.2764501851
54.0000000000 31454.1697682771 662.8033347313 83.2646444226 70.5444359937
55.0000000000 3413.4876109253 289.8077024634 55.6187343786 15.7780565612
56.0000000000 14504.9191679011 440.7362278014 54.3570593676 47.1913428206
57.0000000000 3059.8290576030 225.3439837568 30.1222830615 26.1126888040
58.0000000000 -39383.2309531881 1971.3735514644 384.1430589590 41.9995731555
59.0000000000 2432.4378256419 216.4169315353 35.5396756960 17.8737234581
60.0000000000 -26433.2293275944 2405.6050230755 379.6112939691 66.4545164210
61.0000000000 -16751.4140128852 2373.8288591294 394.9913017475 35.1660650577
62.0000000000 -7804.2783734385 1976.3577155035 360.1390492540 27.8999248492
63.0000000000 -25638.9487817696 2232.9730264179 355.1476747365 56.8790143972
64.0000000000 16311.0259883441 1894.7777318101 425.0442768761 30.3927180563
65.0000000000 48404.1079056444 3871.3461885599 469.8917881529 34.3963720144
66.0000000000 0.0000000000 2131.0006932002 461.3751839484 0.0000038147
67.0000000000 0.0000000000 3926.4546576720 480.3325178994 34.5794566270
