0.0000000000 871.7071799210 216.0209062717 45.6359348223 7.3692218834
1.0000000000 5596.8934147434 341.5809877643 56.0154871418 26.9833611592
2.0000000000 6087.6563982948 316.2771364421 50.3141302424 24.2211563940
3.0000000000 14014.2955440672 442.5376738558 58.7361452558 44.3368083238
4.0000000000 2865.9516245191 231.0702298623 32.9994118025 24.1557042205
5.0000000000 2116.5037816370 190.1226074289 28.3453906709 16.4829435447
6.0000000000 7838.4764557670 341.2045591009 44.3136289002 37.7398696870
7.0000000000 13464.3265705417 450.9713710857 67.6130679694 38.2129202877
8.0000000000 4598.6882745764 267.5380190683 35.6445838799 27.8649122429
9.0000000000 5639.6133016342 304.3911591378 45.4633816501 26.9099517748
10.0000000000 7736.2366404649 353.2202253191 50.3495517895 34.8396710096
11.0000000000 7821.0453644811 340.5787754936 49.4320934562 31.1361661850
12.0000000000 10419.4544735259 381.7582359701 47.3984043618 42.6796485534
13.0000000000 5109.8153170509 286.4480715315 36.5612989126 35.0461308808
14.0000000000 6113.2852717463 304.7936084327 46.5760874086 24.8378860677
15.0000000000 13483.6223889846 429.2218947046 50.9279889999 49.2993294088
16.0000000000 3504.0697769301 302.8497614313 58.3592181518 15.3129827410
17.0000000000 12092.6305230692 421.9978343812 55.9285176703 44.8909463839
18.0000000000 7368.2580191634 348.5678976159 52.8339590734 30.3205252795
19.0000000000 13551.3073827407 449.8828021315 65.3346730764 40.1358012015
20.0000000000 20529.5136854009 534.7347028585 71.3762000862 52.4690480391
21.0000000000 5480.9372136432 299.1679001091 40.8055274100 33.9244128791
22.0000000000 13195.5949313325 446.2776539123 62.7695896659 44.7081005589
23.0000000000 7723.0687468148 341.6533836005 50.8156232433 30.0476012982
24.0000000000 16209.1475177994 488.4345268216 66.6123443830 44.9401810709
25.0000000000 11005.9851536312 408.1850996255 57.4662325782 41.4552612021
26.0000000000 5763.6182102249 310.2570904750 49.4887487427 25.4085836901
27.0000000000 6854.0521851627 321.5955266358 42.8038564186 34.8734025074
28.0000000000 18590.6042884223 508.6862212836 65.5278472965 52.6390870307
29.0000000000 9872.5122920874 383.0436241182 55.7445990581 34.8907138212
30.0000000000 18735.1738197820 531.6236283945 64.7801864051 63.9085267491
31.0000000000 3249.1755647286 239.0077566491 37.8553976851 21.9675538749
32.0000000000 12563.2495603880 436.7559546382 57.6757873445 46.4820308493
33.0000000000 5911.8143280794 286.8600416829 36.5440423607 29.8299394837
34.0000000000 6786.2003088056 347.2602347385 54.5905372730 30.4043187365
35.0000000000 6680.2501132109 326.4633891185 48.4042670108 31.0984829586
36.0000000000 10797.5567013118 412.3423358439 59.6288132419 40.5087793275
37.0000000000 13008.7122834541 449.9523488526 67.4505576189 37.8900384828
38.0000000000 14055.0485036573 442.0143839956 58.5496437336 45.0268899456
39.0000000000 5985.9050057501 321.3200155786 43.4202615443 37.1397843586
40.0000000000 29714.8559136414 648.4264087494 81.3110747252 70.5834208817
41.0000000000 6291.0668433293 318.1152319017 45.2279468780 32.7947119795
42.0000000000 13133.9733052519 430.3912799167 59.0364255438 41.5402317209
43.0000000000 8469.4916010915 354.8499865046 50.3068120354 33.5227478231
44.0000000000 13273.4293056912 426.4591424062 54.8146625085 44.4101569313
45.0000000000 7913.5390063982 390.3414197584 63.0691848894 32.4972171697
46.0000000000 6773.4684783013 336.4928664147 53.6028570844 29.5300584131
47.0000000000 5794.5059961069 291.8160461593 36.9440081689 33.1330891044
48.0000000000 5187.1592075264 279.5620970642 38.6892394133 28.3827494685
49.0000000000 15029.7337609853 491.5829287837 79.8684954706 35.0600031576
50.0000000000 12948.0702994109 432.6691446252 58.4872452656 42.0411331054
51.0000000000 17227.8449802366 510.7809515192 73.9024458270 48.4783181279
52.0000000000 16002.5942466508 494.4848039592 69.3036325159 49.4686953271
53.0000000000 4219.9625720990 273.2354206358 42.1764315064 25.5296293662
54.0000000000 31484.9900844458 662.9729047486 84.8317081463 69.6138967229
55.0000000000 3652.0735883375 294.9591662685 56.2603421834 16.6442394554
56.0000000000 14354.0269312874 438.5952214777 53.8144670069 47.2895130635
57.0000000000 2821.0255281675 215.1180697256 28.7998641516 24.9181849011
58.0000000000 -40282.1134412707 1963.8824340199 383.2819352645 43.0263860075
59.0000000000 2507.1359560721 214.1608260261 33.9012211382 19.4309893582
60.0000000000 -24938.2775565783 2414.1707822758 379.5279852889 67.9466937930
61.0000000000 -19474.3675419527 2364.1101864912 395.4259400057 35.5701298508
62.0000000000 -10060.4378159764 1970.7048183473 359.4639939099 28.9583884769
63.0000000000 -23453.9588163733 2225.1896855544 354.3394931412 54.9820453355
64.0000000000 17818.7838686023 1898.6546621630 424.4239055842 32.6077944120
65.0000000000 46241.7776114073 3864.9239169377 469.8096786610 34.1478314552
66.0000000000 0.0000000000 2129.4536139482 461.0402314649 0.0000028811
67.0000000000 0.0000000000 3926.8106067239 480.3567734724 34.5656082074
