0.0000000000 695.5193691980 233.5717479720 48.8137974215 5.5677858803
1.0000000000 5538.2279761967 332.6565349140 53.6234823750 27.5774078117
2.0000000000 6068.0962834641 317.9250242940 50.7517918681 23.7061642106
3.0000000000 13788.0111456461 439.4724707634 58.5294691346 43.6412995424
4.0000000000 2881.5526606634 231.0755283632 32.7990642397 24.3581520879
5.0000000000 1956.2306308690 182.9351942741 27.4244925522 15.2207916698
6.0000000000 7438.2937571620 331.9553601276 43.0433101986 36.7010425758
7.0000000000 13490.7666300039 450.2421264733 67.2917992563 38.3472873149
8.0000000000 4827.5112865764 271.6849709140 35.9813036109 28.7023990891
9.0000000000 5100.7234419853 293.4755228213 44.3984753227 25.5702007619
10.0000000000 7577.8909143044 349.8414250413 50.8970703822 33.6621939909
11.0000000000 7344.4403585912 330.6847390043 47.6420727046 30.4179428962
12.0000000000 10496.7119295124 382.9865135460 47.5865980708 42.7720819819
13.0000000000 4897.2471316931 280.2767009965 35.2196636008 34.8491654162
14.0000000000 6356.4600398151 310.5760022290 46.7697021325 25.8121369701
15.0000000000 13540.6754208930 431.4108190057 51.3064343214 49.5006729719
16.0000000000 3557.7090190296 307.5596556008 59.3799651896 15.2576502557
17.0000000000 11769.8025750990 415.2552083730 54.7633198701 44.4951507571
18.0000000000 7193.9179357963 344.6817786128 52.4894641294 29.4944709491
19.0000000000 13785.3635334667 455.1522785153 66.3733206997 40.0883762161
20.0000000000 19931.2046596244 525.9585403521 70.9582221942 51.1798368926
21.0000000000 5118.5723072402 290.2151282726 40.5535089749 31.9566914106
22.0000000000 13183.8772759833 444.7833836799 61.8706602979 45.3827020874
23.0000000000 7538.6156302246 336.9029970398 49.9758762534 29.4801925035
24.0000000000 16089.7022894299 492.6422630590 69.1302943256 42.7193980787
25.0000000000 11437.0622160971 415.5515787039 57.8781055911 42.7961550239
26.0000000000 5485.2915474178 305.6899640481 49.2556551655 23.8721654292
27.0000000000 6885.7999943041 323.3693783597 43.2656132948 34.5863804197
28.0000000000 19252.0051528957 518.3292175716 66.2647040483 53.7676376472
29.0000000000 10499.9952014046 396.6390766400 57.3055165864 35.8025750769
30.0000000000 18896.3241920795 535.4655280424 66.4098291168 63.2637419118
31.0000000000 3749.4614118673 258.0179208267 41.1820103738 23.2590757342
32.0000000000 12839.7396692099 442.9220183494 59.7449845694 45.7759449803
33.0000000000 6773.3844856109 307.2973074655 39.5476527011 31.4143542341
34.0000000000 6612.0095163805 342.5456415803 54.1170728878 28.6972453640
35.0000000000 6597.7619967449 327.0309813564 48.8259334373 31.0884375804
36.0000000000 10981.8716426807 417.8457567126 61.1943595675 40.5505196548
37.0000000000 12774.2315514119 446.4316662897 68.1746828045 36.9933119606
38.0000000000 14041.7677309939 441.7653975097 57.2591466821 46.4846772989
39.0000000000 6136.9329241537 325.8876600834 42.8895170082 38.6995388478
40.0000000000 29200.3139575588 641.6723453928 81.3728688376 69.3972314802
41.0000000000 5916.5852071764 304.7879822189 43.1914326576 30.9196357628
42.0000000000 13196.8194007274 432.1159275533 58.6354410438 42.3753047226
43.0000000000 8656.1221430566 358.1993895390 49.1943089149 34.6618566722
44.0000000000 13383.1837950622 427.8955948173 54.2171057376 45.3119326809
45.0000000000 8128.4826693933 393.0026349689 63.1602908766 33.2392351137
46.0000000000 6620.4122466829 332.6542708553 53.4272428947 28.1329272226
47.0000000000 5981.0390204767 297.2662881928 38.4583416529 32.8870690898
48.0000000000 5474.5923280816 286.4512310982 39.1994053630 29.5678412899
49.0000000000 15740.5134377631 504.0388770987 81.0585594886 35.8297638989
50.0000000000 13140.5260250301 431.7990999325 58.7812136541 42.0694995354
51.0000000000 18380.0602251084 524.4994789531 74.6940551359 50.1459727481
52.0000000000 15633.8211823643 491.8041498587 69.7990120950 47.9042268943
53.0000000000 4183.8354384925 268.3522178496 40.5053747844 26.2490083307
54.0000000000 31295.2562357650 660.8574791936 83.0862466347 70.3936668520
55.0000000000 3058.3157015172 282.4922258801 55.4192730960 14.3722238689
56.0000000000 15224.1241881603 450.6482710681 54.3696633907 49.5696935596
57.0000000000 2641.6628106928 209.1084366088 27.9886233995 24.1979518281
58.0000000000 -41087.5059765105 1956.8083308534 383.2528130841 43.3080954764
59.0000000000 2007.4296224936 202.0000141041 34.4799271298 15.3632889211
60.0000000000 -23338.1074628434 2418.1990800766 379.4555333923 67.0574267184
61.0000000000 -20888.8666355515 2374.1829756277 395.6533645389 36.7670369723
62.0000000000 -10313.6684868770 1960.1557370175 359.2215493309 28.6452467940
63.0000000000 -22952.9894888021 2222.6881900764 354.4059292514 55.9261910456
64.0000000000 16702.7001149385 1894.0393600473 423.7618356598 31.8249874293
65.0000000000 51547.6759080030 3873.4234121440 469.3924017180 36.9205371111
66.0000000000 0.0000000000 2130.5525296763 461.2781536992 nan
67.0000000000 0.0000000000 3930.6758835227 480.9238280816 32.1119784385
