0.0000000000 1235.6700137466 237.6764215190 49.1642113445 9.6978347164
1.0000000000 3756.6213249851 284.6250940623 47.0321987451 21.7481594039
2.0000000000 5983.3033674721 314.0415435174 50.2323918396 23.7205230177
3.0000000000 11768.3916217731 410.1805700298 54.7751786012 40.0401296499
4.0000000000 2329.1151446137 209.0471607120 30.9389067469 20.8682958848
5.0000000000 1813.4568723081 171.7765432282 22.7463098999 17.6718673063
6.0000000000 6208.0409516102 318.0143048997 46.9589626815 28.0494445107
7.0000000000 11124.8346639421 408.8525539867 61.6910556911 33.9278823771
8.0000000000 4222.8632607766 254.4396219663 32.2769217004 28.1132104368
9.0000000000 5510.2651790531 306.7710764936 46.1211347970 26.2379265243
10.0000000000 4429.4349242638 283.1859759488 42.8449198372 24.6170110649
11.0000000000 6042.7209414528 296.2150744502 40.9741591951 29.1589270828
12.0000000000 9744.8443687152 370.3238524637 48.5828544814 38.7224275466
13.0000000000 3369.0322564329 233.9512844514 31.2961210294 27.0626923981
14.0000000000 7249.1005674467 325.5395100561 46.3583134721 29.6849751453
15.0000000000 8643.9352237444 351.4981918975 47.2997392790 34.8065337378
16.0000000000 2545.6876809646 248.5892497191 47.4093573947 13.7937169564
17.0000000000 10811.0204700702 398.7013090456 53.5673322444 41.6687094306
18.0000000000 7186.6117239699 336.8467857255 44.9861299805 34.7676904243
19.0000000000 7482.3140979694 345.6967749859 53.4418679242 27.0652131738
20.0000000000 15315.3508052498 457.0912842242 59.2890980220 47.1422689165
21.0000000000 3947.5025945253 252.2538676049 32.3252629827 30.7366685067
22.0000000000 13063.9424418228 450.9534741076 66.5120270384 42.0355670740
23.0000000000 6515.4242343345 303.2452599108 38.9347639185 32.4252254891
24.0000000000 11759.2068884414 416.8157407076 57.2305845710 37.8246347072
25.0000000000 7650.0764954071 343.5497770519 49.2775600475 34.0671531527
26.0000000000 4097.9509246436 267.5025504340 43.9102747756 20.6385912265
27.0000000000 7806.0708641946 340.6190204120 41.3930952612 40.3193995510
28.0000000000 12934.4414679014 424.1139226298 52.3551700679 46.4211842183
29.0000000000 8478.3637808081 363.7661341745 54.6049771894 30.1846374689
30.0000000000 15312.8427165181 491.4406407227 66.1126694947 53.9081435718
31.0000000000 3093.2967998096 231.8823844403 35.8338357350 22.1980477047
32.0000000000 10865.4492947948 403.6816024359 51.4023589996 45.0905497289
33.0000000000 8147.7496338123 333.1224850053 40.8248037222 36.6780955751
34.0000000000 6762.0048151795 338.7433865777 49.3952043118 31.8100638236
35.0000000000 4596.9004364855 286.1861677600 45.7793911147 24.0661515838
36.0000000000 7164.7040083729 349.4358422596 55.7079362213 30.0620533252
37.0000000000 9934.0165917238 409.0200141379 66.2186762474 29.3377314620
38.0000000000 11714.0909797791 407.2567204702 54.0046174768 42.2087663969
39.0000000000 5795.1006683314 318.8993560729 43.1689386006 36.4409180725
40.0000000000 23166.1718071596 576.7459364916 72.4554438652 63.8995383178
41.0000000000 5732.2482733196 296.6089996889 41.6145901381 30.4525209611
42.0000000000 10064.3859399374 376.6019411542 50.0321832395 37.6537801369
43.0000000000 6169.6298106113 299.6436929844 41.7428755792 29.1514806405
44.0000000000 12296.9274040737 411.9995911152 52.1403335124 44.2669654861
45.0000000000 5186.7080643719 307.3005854089 50.0365230374 26.1198845680
46.0000000000 6913.6332647329 330.7055863148 49.5409939937 31.1482218138
47.0000000000 4664.6624113694 264.3408097416 33.9847391998 29.5760303765
48.0000000000 5009.9799080036 275.9032931364 38.3249487123 27.9269774951
49.0000000000 12091.9801388873 432.2301809288 67.5456244403 33.4025917383
50.0000000000 9636.9106100106 375.0922209048 52.3382519280 35.4504216217
51.0000000000 13189.9201730736 449.0638406213 66.1173490209 41.5422800530
52.0000000000 9643.1390159650 402.4611684082 62.0625509103 34.3979283552
53.0000000000 4353.1037022257 268.1928954179 36.5167967265 30.4035996347
54.0000000000 21972.8436405833 553.4406374067 69.9564308909 59.0669159300
55.0000000000 3661.7967368483 280.1853773539 49.7077188701 19.2726587718
56.0000000000 12642.6400281712 417.1154960062 56.6968188233 39.4495610858
57.0000000000 3024.1149193016 226.1815279392 31.7373061256 24.7390140527
58.0000000000 7183.6316871110 330.1195907612 47.1448181798 29.8736454017
59.0000000000 1979.5015914686 187.0367281901 29.9219311918 16.6380195045
60.0000000000 13574.9599648541 444.5280478982 63.4628859105 41.6476095060
61.0000000000 5482.4151929256 284.4109114141 39.3161008437 27.2477210093
62.0000000000 4282.3683840111 255.7562785668 35.8763460467 25.8289698700
63.0000000000 9831.1332147187 374.2151579997 49.4982050798 38.9103903712
64.0000000000 1939.3406789421 204.4158482148 31.9826861557 23.3402035415
65.0000000000 8332.0221772258 374.7708090410 57.5458298476 29.3768586997
66.0000000000 4977.9939825218 322.5488525835 57.0271440601 22.3907279527
67.0000000000 8015.2019983687 351.9871329712 50.6899332901 34.1158785393
