0.0000000000 767.3819639939 233.3026834640 48.9137847441 6.1028810435
1.0000000000 5518.7459501667 334.2730543821 54.0661508247 27.2825768755
2.0000000000 5874.4334888029 313.7014728281 50.1152354152 23.6440545031
3.0000000000 13914.3271800159 440.6329927957 58.1089820109 44.3109357707
4.0000000000 2797.9804292211 225.5703471648 32.4524766157 23.3917611678
5.0000000000 2085.1706383257 195.5041647338 29.7396404559 15.1914130987
6.0000000000 7148.2873725239 327.2302754847 42.7488522019 35.9436159326
7.0000000000 13608.4923095123 451.0981626951 66.7012396122 38.9628238302
8.0000000000 4731.3344372332 270.5011484862 35.7683203677 28.3659738429
9.0000000000 5302.8162507577 300.1154467024 45.4251970636 25.3787285756
10.0000000000 7638.4531083950 349.3159124868 50.6055176313 33.9952375169
11.0000000000 6935.1915079038 321.9661345811 47.1144261341 29.3902264656
12.0000000000 10414.8854337409 381.1142765215 46.8041075220 43.0182561138
13.0000000000 4945.9670774700 281.6969258868 35.7050861942 34.7154061142
14.0000000000 6577.0649201154 314.2902648917 47.4702595273 26.1902288825
15.0000000000 14140.5402517939 440.7058173444 52.5378709479 50.1007723266
16.0000000000 3449.3030095534 310.7456323631 60.7692884726 14.4423222420
17.0000000000 12284.8192551031 424.0939385062 56.4480581807 44.7197075624
18.0000000000 7008.6611868833 339.5816858066 50.6487277366 30.0827625866
19.0000000000 13591.5090665374 451.1448071869 65.8938481904 39.8358584105
20.0000000000 20612.9200181219 533.6790826443 71.7208563188 52.0063863550
21.0000000000 4972.6032357570 285.3600258459 39.5206567950 31.7776054294
22.0000000000 12872.0289438615 440.8084595900 62.1624444301 44.2168109702
23.0000000000 7394.2743762288 334.8181695872 49.7583356768 29.0543829181
24.0000000000 16432.8712910210 493.8876154161 67.5458722830 44.9373998373
25.0000000000 11571.9883231401 416.3759238767 57.3621473661 43.3913078510
26.0000000000 5536.6464481575 304.7237688224 48.5898843247 24.5909275220
27.0000000000 7056.5765963769 326.4875683976 43.8787811194 34.6408986707
28.0000000000 19172.9300666696 514.9020226814 64.5617903828 55.1304048879
29.0000000000 10669.3520515146 398.6594436766 57.8032690669 35.9987053555
30.0000000000 18912.1960300694 534.8364790794 65.1008128616 64.2093534831
31.0000000000 3272.2849656959 242.5695231834 39.4365611562 21.2304778027
32.0000000000 12204.0731045817 431.4106188686 59.3760246877 43.7201871773
33.0000000000 6894.5842214422 310.9307706623 40.0757641429 31.8433714447
34.0000000000 6855.4413333981 345.1133063109 53.8503587479 29.8045301258
35.0000000000 6953.9280879382 334.8154455883 49.5482005325 32.2393579067
36.0000000000 10537.6738519166 409.2712167790 60.5126778731 39.1144660336
37.0000000000 13781.6804846553 459.3139631244 69.0008209088 39.0892608493
38.0000000000 14149.1130752439 444.2837484515 57.4038844987 47.1665146190
39.0000000000 7042.9773401000 346.0661325902 46.6963808666 39.8969432081
40.0000000000 28935.2109865237 642.1769732091 82.3961595579 68.8367875795
41.0000000000 6005.2689265153 313.0181884140 46.1850817286 30.3638505138
42.0000000000 13154.5199339906 429.6147185177 57.9942609884 42.3133064613
43.0000000000 8336.7775362697 351.5590753382 48.6684653162 34.7310112264
44.0000000000 10642.9089205104 384.6800698161 50.3636295748 38.9278048376
45.0000000000 8491.8416711956 397.5736609248 62.5687164384 35.0962292882
46.0000000000 7636.0956040031 350.6762033205 53.9071343450 31.8942753577
47.0000000000 6379.4636438399 308.7316126767 40.7103318970 33.4033237326
48.0000000000 5494.0560240479 289.0531903186 40.9796532161 28.5855158122
49.0000000000 14648.3038543794 484.6719647133 78.9437339599 34.4668797109
50.0000000000 12632.1075068651 427.7285098548 59.0095037258 41.3461178243
51.0000000000 18695.8586990656 533.7957960257 77.2207818359 49.5876679331
52.0000000000 16808.4075765671 506.4854364825 70.0420491703 51.5826510309
53.0000000000 3992.8551781201 268.5022038614 42.9206779382 23.6182445158
54.0000000000 31869.1578736365 667.6521620198 83.0625632352 72.2847272831
55.0000000000 4172.1820765620 305.5887578523 56.4195305662 19.3326336119
56.0000000000 15182.7606656410 449.8450726128 54.7467262426 49.0385712065
57.0000000000 2888.4784748353 218.9798780969 29.5731179313 25.0664312189
58.0000000000 -41527.7766359512 1954.2867457450 382.7494077742 43.0550056531
59.0000000000 2627.0086490715 218.4766337205 34.3432841881 20.0366117714
60.0000000000 -23996.0521934471 2421.7967294161 379.5364501626 67.9302035708
61.0000000000 -18775.5932932522 2366.7296692093 395.6837430093 35.1848868290
62.0000000000 -10003.0000004596 1958.8380054178 358.9107163971 28.2667538272
63.0000000000 -24514.9756007264 2219.2142454165 354.0095590938 55.7716508237
64.0000000000 19424.3822779985 1894.9128622232 423.3398002031 33.1413515210
65.0000000000 45733.7449644435 3858.1594158624 468.9519308432 33.8266605583
66.0000000000 0.0000000000 2133.2789431086 461.8684395226 0.0000016584
67.0000000000 0.0000000000 3927.3200628750 480.3972094736 35.2755269301
