0.0000000000 702.6123979407 231.2371569071 48.7608070208 5.6093708427
1.0000000000 5451.2333008335 335.8847734397 54.8849826492 26.6939312682
2.0000000000 5938.0329874971 315.4435950026 50.5167830195 23.6532290280
3.0000000000 13951.2834043016 443.4695995784 59.4454018791 43.3735277138
4.0000000000 2515.1142198756 219.7282894072 32.1574117994 21.9815302294
5.0000000000 1954.0845787419 190.4559496285 28.4612161415 15.1201578238
6.0000000000 7321.9676342832 330.3235527392 43.5029256973 36.0399181426
7.0000000000 13370.0288987808 447.4062004321 66.2922099169 38.7222513896
8.0000000000 4552.9581451220 267.1216933073 35.3015779123 27.9322741085
9.0000000000 5125.6906201790 299.8729626194 46.0098057176 24.0242978271
10.0000000000 7628.4474199518 349.2863233488 50.1996875759 34.2750804458
11.0000000000 7244.8297683920 329.1610418322 48.6192311469 29.6439900702
12.0000000000 10534.6760771012 383.3090881607 47.2923430836 43.1024406702
13.0000000000 5002.0569845150 283.2972168539 35.7341094781 35.0893045835
14.0000000000 6663.6824065732 315.9459713120 47.4404665739 26.6486601306
15.0000000000 13915.4485780055 436.2928225203 51.8909037358 49.9040455211
16.0000000000 3697.2570386931 312.2026772050 60.5991048337 15.4829280555
17.0000000000 12234.3928481988 422.2320705622 55.1115859704 45.5298251673
18.0000000000 6758.5769052323 335.2004719553 50.9429861880 28.5561295839
19.0000000000 13498.3171607319 449.8942555703 66.2602800263 39.3815820606
20.0000000000 20759.8665278430 534.5687866195 71.9383799506 51.9671661982
21.0000000000 4865.7872565398 281.7191278728 38.7745669825 31.6300292725
22.0000000000 12937.4136188177 440.8655243388 61.7239355928 44.5966770794
23.0000000000 7574.9755728524 336.8587914465 49.3122363600 29.8908831980
24.0000000000 16574.8779636499 498.0418173031 68.3347249040 44.8892484607
25.0000000000 11641.1135542303 418.0800883843 57.5822207628 43.7163093786
26.0000000000 5651.3652370286 311.7046290004 50.4084986116 24.2163378281
27.0000000000 6716.2446106316 319.5512703574 43.3985268451 33.3533104874
28.0000000000 19423.6127059522 517.0388413680 64.3687444134 55.7280308957
29.0000000000 10742.2700549346 401.0510729572 58.7542149584 35.8397333921
30.0000000000 19569.8301885097 550.7000208299 70.8325700278 62.5576056485
31.0000000000 3557.5533993051 247.5793256245 38.4197941392 23.5426922659
32.0000000000 11434.6179007493 425.8567540868 61.8833558418 39.9059486973
33.0000000000 7723.9987791805 328.3702758685 42.6600864273 33.3798952103
34.0000000000 6584.6648749316 342.6118422600 54.0064070233 27.6539220002
35.0000000000 6787.2170110241 329.0279029625 48.2139182166 32.2939782287
36.0000000000 11090.3423074172 416.0322111974 60.5403734685 40.4951167450
37.0000000000 13527.6804835234 453.2631842564 67.2046569385 39.2138961191
38.0000000000 14667.9425265119 454.9307200219 57.2233300333 49.8792173901
39.0000000000 6945.4786244040 342.6492346495 46.5062339373 39.1769246844
40.0000000000 29328.0709809179 650.6440623726 86.1473478723 68.1822297306
41.0000000000 6127.1706427217 313.2652382846 46.9169398718 28.9737566360
42.0000000000 13415.2715749416 434.9982433867 58.1144056983 43.4362889446
43.0000000000 9044.5936695172 363.8063679908 49.8565391484 36.2328183841
44.0000000000 6628.6027690303 308.2308306439 40.4952426189 30.2970429684
45.0000000000 9190.6290699018 411.4057862527 64.4161017408 36.8485137629
46.0000000000 7506.4832268149 348.1955481881 54.2904217905 30.5964063550
47.0000000000 6101.4977744004 301.2155191839 39.2152139926 33.0545797378
48.0000000000 5592.9481916001 296.7839540889 44.4989984339 26.9102432186
49.0000000000 14678.9682933397 484.8461343702 77.7867029066 34.9044298601
50.0000000000 13637.4722822506 440.8440658629 59.5795737632 43.2324312889
51.0000000000 18693.1596768582 525.2201946295 73.8119493539 51.1790335134
52.0000000000 15974.5989493080 494.7938120162 67.9356526032 50.7837968842
53.0000000000 3628.1173510124 265.6574509019 45.2585789396 20.5058384643
54.0000000000 32493.0246748861 676.0172100008 81.5957272714 75.9149371503
55.0000000000 4277.0465901409 311.2103879041 57.5140681094 19.0019089164
56.0000000000 15486.4188492471 454.4271346444 55.8249995819 49.0491107486
57.0000000000 2724.6824001333 212.6083264333 29.7028132549 23.3211311487
58.0000000000 -37495.8695076440 1953.3037548313 382.4796567024 40.7048691317
59.0000000000 2654.4930353728 221.9725807924 35.1679060740 19.4748689421
60.0000000000 -22916.2803194460 2425.6308394281 379.4840934560 66.4294960186
61.0000000000 -17983.0251229306 2380.7132519693 395.9658432494 36.0422746307
62.0000000000 -10580.3229675676 1962.6806055155 358.6197077959 29.2363467133
63.0000000000 -24105.2340172285 2231.1854193262 354.0821023585 56.4640144747
64.0000000000 15878.1723236712 1890.0903574573 423.4749688359 30.8377810453
65.0000000000 46835.3404600165 3857.3908131806 468.6056266095 34.2464220120
66.0000000000 0.0000000000 2133.5864048918 461.9350069514 0.0000000000
67.0000000000 0.0000000000 3926.1061063985 480.2591913125 35.7253355150
