0.0000000000 666.1353233604 238.5513060782 50.0516675827 5.2174228216
1.0000000000 5601.1157975348 339.7654521710 55.4154877007 27.1380378317
2.0000000000 5688.1824051279 308.3672669832 49.8814751395 22.8868688732
3.0000000000 13921.4773734617 442.0243336772 59.1490649181 43.6248311718
4.0000000000 2696.5916684627 225.3628523994 32.7944794103 22.7582598815
5.0000000000 2109.6684850271 197.9732094662 30.1004506267 15.1654849158
6.0000000000 7487.2560086806 333.5286978201 43.3313297957 36.9452705724
7.0000000000 13572.1007100024 448.2051354291 66.1086542434 38.9911902536
8.0000000000 4399.2625021301 261.5517881631 35.2645837420 26.6595273912
9.0000000000 5163.4889568821 296.7642724967 44.5133610833 25.2052489182
10.0000000000 7907.7847555178 355.3183553081 51.0019681334 34.7784368606
11.0000000000 7263.2387757624 329.5035219355 48.4704982851 29.6011867363
12.0000000000 10619.5254897660 384.5545625695 47.2132994342 43.4654897022
13.0000000000 4910.3537371235 280.8841105550 36.0148318899 34.2059018531
14.0000000000 6352.0061007297 310.6676044078 46.9688017388 25.5285340272
15.0000000000 13817.1203730787 434.7414596853 51.8323186817 49.6371780683
16.0000000000 4024.8861371616 316.5935251139 60.3374648679 16.9378553503
17.0000000000 12107.1019609001 419.8114783365 54.7772322047 45.3366059315
18.0000000000 6607.4529951963 334.0195688590 51.4836403938 28.0651466254
19.0000000000 13287.9934664411 447.7111260836 66.1164371230 38.8348022223
20.0000000000 21036.2935474938 538.5845458857 72.5306526609 52.7243078095
21.0000000000 4966.1926077590 284.7739628845 38.8644872495 32.2937605281
22.0000000000 13019.0715890463 441.8560439808 61.3203250377 45.2280425124
23.0000000000 7817.3269748435 339.8780553064 49.0185858112 31.2939469849
24.0000000000 16959.3963984947 501.4755040395 67.9977358437 46.0748654762
25.0000000000 11515.4605830233 416.1516051892 57.4029440798 43.3944203475
26.0000000000 5472.6553717417 305.0035481502 49.1585111632 24.0985707764
27.0000000000 6262.9562385321 310.0026376203 43.4376938954 31.2645535501
28.0000000000 19713.1487564697 520.9674495095 64.6317983242 56.5800231468
29.0000000000 11273.8940017167 408.8782698302 58.9424089713 37.4849976866
30.0000000000 19267.1973845105 546.8146171360 70.8253624959 62.1101370956
31.0000000000 3372.1081516607 242.2653097833 37.9684631470 22.8027519520
32.0000000000 11965.5688351159 436.2266361193 62.8777993057 41.1780192777
33.0000000000 7957.4945050227 332.6828031917 42.9935258651 34.1731468031
34.0000000000 6596.4504533080 339.7854435279 53.8789473872 28.0129610878
35.0000000000 6846.9428304880 332.4717886155 50.4311081351 30.7513605602
36.0000000000 11174.2881178509 419.6850370566 61.5176038420 40.5620551211
37.0000000000 13833.5908587267 459.4157064429 68.3590433580 39.7127606161
38.0000000000 14781.0601675011 455.7454589333 58.0092020414 49.0897738972
39.0000000000 7066.6645955798 345.3475374468 46.6195834414 39.7912405649
40.0000000000 29586.3983285310 652.5640023599 85.5775748967 69.2483170272
41.0000000000 5495.4307384266 299.0232054343 44.1647678082 29.5247922291
42.0000000000 14211.7715565240 446.0969914824 58.1964164048 45.7587315397
43.0000000000 9256.0714210438 367.8260339402 51.8167857276 35.2548319600
44.0000000000 6345.4121132070 303.5175048104 40.5120651384 29.1065412810
45.0000000000 8354.5138840522 394.0994490355 62.9238530083 34.1651593326
46.0000000000 7833.4412350491 354.3547205495 53.9847467479 32.8913806067
47.0000000000 6385.0400571836 307.5710334874 40.4724601379 33.3832767017
48.0000000000 5240.0163084513 286.6184453222 42.8606419677 26.7229728617
49.0000000000 15382.3545425200 493.5807289694 80.1294978585 35.8471232469
50.0000000000 13378.6862697009 434.9211256617 58.6300078845 42.9515712102
51.0000000000 17773.5289804479 512.5526947201 72.0281849257 50.9051117040
52.0000000000 15790.8826672749 494.0601159241 67.3963391437 51.1386497690
53.0000000000 3772.1222530388 275.3032621767 48.0261819058 20.0801851972
54.0000000000 33049.4832664575 680.5422492057 81.4760249759 77.6288596104
55.0000000000 4068.3094570307 311.3423232336 58.8847901593 17.8426456844
56.0000000000 15484.7321789111 454.8226576828 56.5881404238 48.4212273727
57.0000000000 2699.4829052853 211.0585965697 29.2573471627 23.4167220762
58.0000000000 -39386.4558589645 1946.9234530267 381.6719769772 41.1256605816
59.0000000000 2107.6600179080 194.7794200010 30.8420183716 17.5179213459
60.0000000000 -22777.5221177641 2415.7479404558 379.1643809981 66.4825878658
61.0000000000 -22570.2600511131 2359.1271938955 395.5792804848 37.0201951028
62.0000000000 -11117.0117589362 1960.2110414730 358.5437716880 29.4673159583
63.0000000000 -23249.9704644456 2227.0506189716 354.0562382459 55.8584767805
64.0000000000 16368.0545750424 1886.1130685165 422.3196833404 31.1574033686
65.0000000000 47548.4744276046 3854.2339087453 467.8196851087 35.3486563109
66.0000000000 0.0000000000 2126.0872517832 460.3113926766 nan
67.0000000000 0.0000000000 3917.7725883533 479.2342285094 35.8766430170
