0.0000000000 820.3707816433 239.3764415156 49.8780617959 6.4077872644
1.0000000000 5958.2096456498 346.4469980929 55.7988266449 28.6686640518
2.0000000000 5483.8064909849 307.4145317384 50.0234903766 22.4244186452
3.0000000000 13730.2086860895 439.6943886037 59.2407306058 43.1952641070
4.0000000000 2957.1052631552 233.0161269660 33.4775321658 24.1351974353
5.0000000000 2024.1347672486 197.3605091727 30.4482474785 14.3097061678
6.0000000000 7165.3607237481 326.5799308460 42.7302942442 35.7062675124
7.0000000000 13377.9067268975 445.4520752850 65.9277537538 38.6004300702
8.0000000000 4260.2626949106 256.0566661357 34.1573654210 26.6104377896
9.0000000000 5106.4649557878 294.6029590042 44.5553185952 24.6996527169
10.0000000000 7581.1083545982 350.4007115421 51.3915137241 33.3234201456
11.0000000000 7133.9238532321 325.0490686353 46.8506994641 30.1812505284
12.0000000000 10295.6930843036 378.7501199862 46.5084434099 42.8112409866
13.0000000000 4979.1443367796 282.7058174969 36.5591075878 34.1130626709
14.0000000000 6723.9693242842 317.9825500046 47.9355895519 26.3282752091
15.0000000000 14000.9877862338 437.5513852468 52.0356146502 49.9291885579
16.0000000000 3686.5926074034 314.1336131290 61.2738276740 15.2599486007
17.0000000000 12204.1836127562 422.3420372440 55.4427089973 45.0495793143
18.0000000000 6746.0606096891 339.4702940055 52.0127737465 28.4038116862
19.0000000000 13514.1130620682 452.9533076489 67.2177162939 38.8234017438
20.0000000000 20888.2883171237 536.4581857904 72.1207431758 52.3441175274
21.0000000000 4700.2844145018 277.5099133311 38.8240641040 30.5044461442
22.0000000000 13195.6447082562 447.1879688609 63.1136943355 44.9053767154
23.0000000000 7551.5701832990 334.1168027181 48.0966487961 30.6741092820
24.0000000000 16765.6525337678 499.3369270211 68.3326950276 45.4159339934
25.0000000000 11778.1849525977 420.3859284576 57.5760470537 44.2498144135
26.0000000000 5395.5741671394 302.5245381871 48.7761269318 23.8829335896
27.0000000000 6311.4128154632 309.7154112574 43.2963771728 31.1408568367
28.0000000000 19478.3617375704 515.9045904582 63.2438000557 56.8692310202
29.0000000000 11311.4302387732 410.3366744185 59.6657443345 37.2442466002
30.0000000000 19906.2703558356 555.8345129413 71.3244275153 64.1058983744
31.0000000000 3627.2969019892 251.2407351857 39.7587428836 23.1146296813
32.0000000000 12333.4425786920 440.2732374281 63.4511983325 41.7666477191
33.0000000000 8348.4328585300 339.9721744206 43.0875925083 35.6081129883
34.0000000000 5962.8284262071 329.4699262422 54.1866809879 25.7899910299
35.0000000000 7026.4571572330 335.9677294855 49.5944797291 32.6608758716
36.0000000000 11629.5534265885 428.6246102909 63.0266174508 41.0246426688
37.0000000000 13876.1567754215 462.5647547558 69.0672792412 39.4885564597
38.0000000000 14564.2638675773 455.8764013673 57.5012487761 49.3828138018
39.0000000000 6584.4330114247 334.0400846609 44.1415025602 39.5164530246
40.0000000000 29447.5821537453 650.8175732523 85.2392443350 68.8780379538
41.0000000000 6888.2626687352 333.3625174844 49.9809198409 31.0244217998
42.0000000000 14001.6839337959 444.2133389732 59.1213970357 44.5767157478
43.0000000000 9531.1825130338 373.4894734309 51.6047263450 36.4403742326
44.0000000000 7111.2262226963 322.1424550295 42.5308821835 31.1741217389
45.0000000000 8980.0296806624 411.9183605411 65.9999097744 35.1533722885
46.0000000000 6753.5184899475 337.2546383361 54.2245983873 28.9278449335
47.0000000000 5983.9331812738 297.6735443870 38.7657018677 32.6382577137
48.0000000000 5693.6098004660 295.9600884721 43.2728248417 28.4602853907
49.0000000000 14963.1897422252 485.6536708389 77.8222311944 35.4707323616
50.0000000000 13813.2159639528 442.8384100001 59.7281267828 43.4302645010
51.0000000000 17853.4633852551 514.9071814223 72.7695858144 50.2610469680
52.0000000000 14887.0782190371 476.9618902492 65.7417005310 48.8898073422
53.0000000000 3837.6550194172 275.7382416737 47.8988529565 20.2805140295
54.0000000000 33173.6719092086 681.8761166569 82.1869320180 77.0931278394
55.0000000000 4291.2090823153 312.2712750842 58.5588530849 18.8010462830
56.0000000000 16144.6615258286 464.0204726528 57.6341832169 49.5256225202
57.0000000000 2792.4717510798 214.7850746828 29.1874237455 24.4129045511
58.0000000000 -39529.6926206651 1945.7147690867 381.6743748921 40.4516962427
59.0000000000 2722.1761508069 226.1507799483 36.0665861811 19.7271460167
60.0000000000 -23929.8836910436 2422.8980670319 379.3340953768 68.6984048257
61.0000000000 -16821.4648865491 2380.2718681583 396.2041898381 35.6513158697
62.0000000000 -11676.4731070743 1964.1242754434 359.0383086087 30.2203113553
63.0000000000 -22884.3868582189 2227.8063616404 354.1664955360 54.9305809211
64.0000000000 17748.2856602917 1892.6909180980 422.6010505277 33.0450212007
65.0000000000 46420.0162363072 3859.8014180398 468.8355327728 34.6815270171
66.0000000000 0.0000000000 2132.1116877360 461.6157213213 0.0000015276
67.0000000000 0.0000000000 3920.2452049586 479.5451684909 34.9846155659
