0.0000000000 658.6350500386 241.0860885653 50.6158709132 5.1101906335
1.0000000000 5735.8907242296 344.3587408941 56.2925628852 27.3237687608
2.0000000000 5463.9363639016 304.8168707023 49.6162046336 22.3191083461
3.0000000000 13850.3767444350 442.3160385287 59.3885372409 43.3766439769
4.0000000000 2801.2580480898 230.3781471279 33.9785727699 22.7326937324
5.0000000000 1925.1263875095 190.2736782568 28.6548312483 14.6428093977
6.0000000000 6839.3744718239 319.9157843594 41.6889164308 35.1482455166
7.0000000000 13340.6226988467 445.3137396511 65.6272588062 38.6790377870
8.0000000000 4276.4081911565 257.6925585676 34.1553206074 26.8615527950
9.0000000000 5085.6119208555 301.0366557196 46.8731314298 23.5079521501
10.0000000000 7911.9445069053 356.6743578311 51.8026167367 34.4945932483
11.0000000000 7196.7082481585 324.4975250029 46.0455281062 30.7714163786
12.0000000000 10170.0241367232 376.9005755305 46.8477043677 41.9970434509
13.0000000000 4788.9106083715 277.3180865176 36.1500507434 33.1744495952
14.0000000000 6796.0811319734 319.7237783030 48.0185145817 26.6138233136
15.0000000000 13983.6027288198 437.9482718799 51.7239723707 50.1222993907
16.0000000000 3492.3718884046 315.3082512290 61.8032827850 14.4169673085
17.0000000000 11908.8659955686 417.1546130033 55.7324967321 43.6984468467
18.0000000000 6470.2119414989 331.7475304196 50.3381228851 27.9841296087
19.0000000000 13683.8019050966 454.2877617493 66.8426950510 39.5493497874
20.0000000000 21519.3784716385 545.5155322913 73.3704018815 52.9507726345
21.0000000000 4489.5788634107 271.5165525179 37.9010073093 29.9448570218
22.0000000000 13405.8351151216 449.0128427489 62.2136215913 46.1974511688
23.0000000000 7440.1158953614 331.4773021726 47.3957124293 30.4527533618
24.0000000000 16330.2139497333 495.5853753013 68.2254473442 44.3297183543
25.0000000000 11880.8207758803 421.5203482669 57.7384205391 44.2464199974
26.0000000000 5547.1133295399 308.2649012229 50.0990453558 23.9000196559
27.0000000000 6453.3284948449 315.3960985500 44.5234260034 30.9624895984
28.0000000000 20272.6221369364 525.1093732969 63.7279676621 58.2698697066
29.0000000000 11519.8604089486 415.5995903973 60.7931626650 37.1584051503
30.0000000000 19709.1373569654 549.5979412560 70.2505639764 62.9952487556
31.0000000000 3569.5623578071 249.5365019118 39.4099580163 23.0145540405
32.0000000000 12573.2739109600 439.7559348166 61.4871725880 43.7109988816
33.0000000000 8638.7526016952 348.3928967062 45.7885001812 34.7310387602
34.0000000000 6425.0604949176 339.9460686430 55.1136227532 27.1759432098
35.0000000000 6473.3913609039 326.4569875335 49.1923055495 31.1332016939
36.0000000000 11566.1705140908 429.5061186967 63.6832293382 40.6216684377
37.0000000000 14146.0987726692 468.4299678118 70.8197858772 39.2010205906
38.0000000000 14893.8407001180 460.0284571880 58.8401828330 49.1156151452
39.0000000000 6826.3482011461 337.9877349457 44.5437678928 40.0178608632
40.0000000000 29982.3108816366 652.7874357871 83.3585790699 70.6463154130
41.0000000000 6277.9917174773 318.9552354244 47.4580033945 30.3401112628
42.0000000000 13302.5104706746 434.3946876266 59.3027950773 42.3534612590
43.0000000000 9000.1048135865 361.9182857390 49.9200211425 35.6623395473
44.0000000000 8886.5662634850 356.0383462068 46.6487375132 35.3135557062
45.0000000000 9176.9690530362 421.5223367738 68.3985188567 34.6655860039
46.0000000000 6512.9514849147 333.7080912463 54.6469906122 27.6027150748
47.0000000000 6070.0651358874 300.0340609320 38.9773721205 33.0670410667
48.0000000000 5770.2104598023 297.4836195310 43.3132367845 28.4582962686
49.0000000000 14487.7127707523 484.8385071437 79.4300107248 33.7935862573
50.0000000000 13656.9863813616 441.9470415168 59.4912177118 43.7566974540
51.0000000000 18259.7741415069 521.1173710170 74.1191427120 50.3711445577
52.0000000000 15599.7791265382 485.5973934077 66.3058123870 50.1583673634
53.0000000000 4189.5265026515 282.6535765510 47.2643774833 22.5352924699
54.0000000000 33685.2377063006 684.8112635363 83.6942681259 76.3289656470
55.0000000000 3638.0802955861 297.9363255708 57.6860153960 15.9611353627
56.0000000000 15788.7568807754 459.3359242688 56.6642272871 49.2721356030
57.0000000000 2830.1318351234 217.4404412002 29.9000605971 24.3101714579
58.0000000000 -43043.0974772808 1938.6937987738 380.7660034382 44.6389371892
59.0000000000 2743.4347018297 231.2299402616 37.6850804620 19.0990964227
60.0000000000 -23087.5199028147 2416.4580431357 380.0811395940 67.2206240291
61.0000000000 -15305.8858712495 2380.0335836482 396.5877206236 36.1127543159
62.0000000000 -11053.2803940236 1964.8476297703 359.0125554767 30.2663477259
63.0000000000 -24971.5109264506 2230.0899791241 354.6089251463 56.6794265879
64.0000000000 21176.1539579756 1895.9530212514 420.7494196053 36.9544929791
65.0000000000 47683.7998009659 3861.8047750994 468.6154619154 35.0978655905
66.0000000000 0.0000000000 2132.5858672621 461.7183842002 0.0000028818
67.0000000000 0.0000000000 3922.1214521584 479.7390457457 36.4021034910
