0.0000000000 694.3735852971 238.6697950534 50.4656686138 5.3709991891
1.0000000000 5545.2954275647 341.4982858580 56.0532513176 26.7035112043
2.0000000000 5673.3840507038 307.7725576854 50.2138620905 22.8787875181
3.0000000000 14393.4795164050 453.2676533841 61.6016309456 43.4763209381
4.0000000000 2704.9923125936 226.4666863615 32.8704459279 23.0118632601
5.0000000000 1925.0871642356 182.9885511511 28.2140005855 14.6164861991
6.0000000000 6998.1023350771 322.7477434606 42.5036281848 35.0849401188
7.0000000000 12631.2463873525 437.3668982928 65.6492517479 37.3062435122
8.0000000000 4338.2718537243 257.2673890540 34.3213781147 26.9294180203
9.0000000000 4804.2056059620 289.9209275368 45.4288087625 23.1797672183
10.0000000000 7796.4445653159 354.0363952091 51.8428963400 33.6735932886
11.0000000000 7196.3039751566 327.6131062009 47.9911445916 29.7968227298
12.0000000000 9951.1782690653 372.9204466624 47.1559340988 40.8249104617
13.0000000000 5169.9648374069 289.2096609291 38.7625288113 33.4817947838
14.0000000000 6351.9002469422 311.2140093209 47.4533009297 25.4700360943
15.0000000000 13980.3417881406 437.6357949926 51.5344500058 50.4468925501
16.0000000000 3826.4749012165 316.9068135081 61.4315789860 15.8069601544
17.0000000000 12717.9230515310 430.4054484132 56.9628804277 45.6185051065
18.0000000000 6607.9783342849 334.0205751853 51.2412941800 28.0206662635
19.0000000000 13437.4574832183 452.3531853251 67.5245163936 38.4827623591
20.0000000000 21169.8013011714 538.6293333664 71.5270717370 53.4207289946
21.0000000000 4505.6783985689 271.4914751985 37.1155892224 30.7235517666
22.0000000000 13638.5419724335 453.3952020167 63.6586129760 45.7645321878
23.0000000000 7384.2464917530 331.0535404964 48.0825304224 29.9818894567
24.0000000000 16393.5909340797 495.2492132050 68.5784395209 44.0520113729
25.0000000000 11785.9897904527 420.5637284739 57.6760871151 44.1604848266
26.0000000000 5503.8616806771 305.2199807244 49.1263919762 24.2473795006
27.0000000000 6339.0643808859 311.4152238540 44.0024039307 30.7483608376
28.0000000000 20180.1884488065 523.9394739143 63.7918541162 58.0417887864
29.0000000000 11564.1944237215 416.3569732174 60.9716807844 37.3783924009
30.0000000000 20426.2808973491 554.8824327651 68.1181290758 66.2915174264
31.0000000000 3491.2663056200 247.8040703899 39.2288085442 22.6000678377
32.0000000000 12518.4186501657 438.9483717807 60.9749758654 43.7818872143
33.0000000000 8954.8105808318 351.1797261757 45.7837427280 35.9706081069
34.0000000000 5911.9760439039 332.5512269387 54.6394942942 25.7006907454
35.0000000000 7086.9259495787 337.8631950793 50.6593246225 32.0631935589
36.0000000000 11637.0882527548 431.0262840921 64.5373466014 40.2366055670
37.0000000000 14134.4754651852 471.7059323063 71.7210157671 38.9693998614
38.0000000000 15298.9463748666 464.1108354332 60.3680730066 48.4725836353
39.0000000000 7206.4284678301 345.5318915963 44.7611984917 41.6866337804
40.0000000000 30595.9207581466 659.1078019913 83.0444189584 71.8690401055
41.0000000000 6191.3945847204 317.9909861225 47.6993888547 30.9547702374
42.0000000000 13705.3788612758 437.6127197257 58.3175713423 43.7866596400
43.0000000000 9576.2686255456 372.7840880749 51.1397150515 37.4185299980
44.0000000000 10891.1701575868 390.7228302239 51.2208930125 39.3185083297
45.0000000000 8571.5727125677 408.1955265335 66.4052692254 33.4933383904
46.0000000000 7019.4028133670 343.3752999476 55.2331048730 29.6297930363
47.0000000000 6059.3889004031 298.8099847330 38.7281815588 33.0249735824
48.0000000000 5603.5675836998 291.6749813671 41.4861003091 28.7845628042
49.0000000000 15811.1196010975 497.6327166548 79.9107479547 36.8125245253
50.0000000000 13552.9604480344 439.3098669516 58.7470359164 43.6379462155
51.0000000000 17158.6885671330 508.7696086247 73.9796423204 47.7400991633
52.0000000000 15360.9297581434 485.4520453732 67.4093755906 48.8315678286
53.0000000000 4278.8936063759 276.3076038284 43.6747595313 24.8499786393
54.0000000000 34130.8323144832 690.0691896795 84.7018269929 75.8375083145
55.0000000000 4327.4062993111 318.9177390841 60.3946537230 18.2326879701
56.0000000000 16218.4685564415 465.2406871067 57.7728431163 49.6192078176
57.0000000000 2899.8731627086 218.0875277487 29.3916684907 25.0625601546
58.0000000000 -39777.9945424898 1950.0823437084 381.4283572397 42.6470322638
59.0000000000 2764.4888949160 223.1618270213 34.7217901794 20.6089913717
60.0000000000 -23848.5823026324 2412.4461336820 379.9708031396 68.8927857588
61.0000000000 -17831.3564640673 2379.1451633558 396.4577693534 35.9506236281
62.0000000000 -11648.6557689520 1966.4827638668 358.8776467429 30.7708788603
63.0000000000 -24842.6468127059 2224.3311735578 354.6031065063 55.6731547519
64.0000000000 18937.7850662125 1895.2565114750 422.8255328530 33.7698783025
65.0000000000 46273.7963113362 3861.0697333140 469.0640179780 34.3583246674
66.0000000000 0.0000000000 2130.6874623714 461.3073674846 nan
67.0000000000 0.0000000000 3921.9275819074 479.7061349866 36.1639844447
