0.0000000000 672.0040197221 240.1464417360 50.5737265723 5.2046592284
1.0000000000 5699.6448345484 346.8524830206 57.0252836302 26.9061020759
2.0000000000 5504.4340969999 305.3505622751 50.1144896021 22.3508236971
3.0000000000 14113.3083837206 447.0648074868 60.2919884492 43.5971144850
4.0000000000 2992.7444061587 235.2918450693 34.0602912486 24.0383526530
5.0000000000 1883.0075227290 189.0964218745 28.9348194302 14.1520779604
6.0000000000 7009.9029463027 322.8890090692 41.3820486870 36.0536281973
7.0000000000 13197.7287266137 444.0088834705 66.1512315599 38.2848979628
8.0000000000 4220.1629927545 253.5715993060 33.6120062324 26.8052404553
9.0000000000 5269.6359483669 303.7503889809 46.9689130296 24.4163413103
10.0000000000 7898.9155143037 355.4492538674 51.0664834881 34.6552419591
11.0000000000 6887.8038974885 319.5756461843 46.1970244710 29.6064420417
12.0000000000 10301.2131309230 379.3828013379 47.1616606981 42.2337923909
13.0000000000 4816.2992878575 278.3640746543 36.4265911757 33.1566992683
14.0000000000 6410.5809002731 315.1246944150 49.0022565384 24.9845362773
15.0000000000 14437.5414033139 444.5184320303 53.0231315557 50.4843695832
16.0000000000 3880.5313690241 323.4813072294 63.3558689997 15.5760128470
17.0000000000 12837.9013254363 432.2732166922 57.3299437843 45.5227893538
18.0000000000 6570.5107922662 331.9869428391 50.4772916895 28.2347623059
19.0000000000 13452.2766307403 454.7680931657 68.7128117211 37.8288405910
20.0000000000 20822.3807441864 533.8481996396 70.7424492537 53.0749213234
21.0000000000 4732.6646868986 278.8533714887 39.4367685601 30.2559855326
22.0000000000 12843.8911000208 442.2960303726 63.3755715661 43.4888260538
23.0000000000 6857.1577309197 319.4985040436 46.7125067656 28.7878181401
24.0000000000 16468.8358169578 495.9118225199 68.7382278680 44.0157574606
25.0000000000 11742.0647884578 420.3877896749 58.6757121153 43.1335138768
26.0000000000 5256.8716559521 300.8784945248 49.1446626720 23.1652104318
27.0000000000 6378.3944005936 314.8556004087 45.8321659481 29.7182628679
28.0000000000 20277.3188752708 525.6026924751 64.5552401425 57.6710468695
29.0000000000 12086.8287803795 424.2693563533 61.5701768264 38.3632903837
30.0000000000 20966.5844504723 559.9892310128 68.1864241118 67.1955385469
31.0000000000 3503.5619873820 247.9879524831 39.6636257416 22.3650934651
32.0000000000 13031.0409476808 446.1720984648 61.2114289046 45.3043722295
33.0000000000 9031.6882650724 353.0713505260 46.5665640215 35.5486786317
34.0000000000 5744.6850429537 327.2468959890 54.6922925056 23.9835111115
35.0000000000 6568.5849256359 328.4025852730 50.3536534449 30.0401863329
36.0000000000 11655.6800986407 430.7922354946 64.4309466580 40.0554438623
37.0000000000 14326.6297895305 476.2226993649 72.9820799289 38.7535153137
38.0000000000 15214.5226797633 463.1844523438 61.7073797645 47.1979173651
39.0000000000 7160.3106451050 345.1097862998 44.3656789029 41.9096887543
40.0000000000 30326.2535569946 654.6008794518 81.5647035869 72.3909356098
41.0000000000 6053.0887635020 313.3623639878 47.3424409424 29.5564105013
42.0000000000 13545.5298150953 436.6368290685 58.9056384607 43.0540249992
43.0000000000 9493.0831525397 370.9797487311 51.1685212357 36.5918042726
44.0000000000 12664.6424434710 418.8170162439 54.3576856051 42.8699248272
45.0000000000 8665.1280047927 410.0323232858 66.4944960433 33.8154809567
46.0000000000 7234.3084164425 346.8858449333 55.2390657798 29.8152158620
47.0000000000 6331.9516051483 306.5970315697 40.1967852237 33.3948912778
48.0000000000 5672.1332233778 292.0187136911 40.7889762825 29.7158832123
49.0000000000 15229.8511554171 495.3252193052 80.9020406908 35.0563051533
50.0000000000 13512.6289210101 436.6897642890 58.8145024624 43.4771828440
51.0000000000 18206.8536266120 523.0323015707 75.4303073821 49.4718545226
52.0000000000 15397.7722559903 485.4522901256 67.0295736151 48.9257931409
53.0000000000 4475.6398805102 279.5910399319 43.2724053757 26.2785752555
54.0000000000 34481.0064135118 693.3603941361 85.4595596553 75.5177575944
55.0000000000 4339.0040756261 319.9433410940 60.6577073525 19.0463685015
56.0000000000 16836.9983028960 474.4114246449 58.8725701019 50.5615400230
57.0000000000 2886.1268275695 219.0865281118 30.1926638793 24.4434944566
58.0000000000 -38170.3135120022 1944.5018098052 380.8556060318 42.0643555589
59.0000000000 2671.8226985549 220.2065329523 34.0315526857 21.0720037356
60.0000000000 -21701.4168351807 2420.7664577713 380.6989841308 68.8495640698
61.0000000000 -18961.2676452818 2381.2228942263 397.2592217179 37.3521705958
62.0000000000 -10812.8050100005 1965.1991594637 358.8725892871 30.8167703432
63.0000000000 -26829.5518883266 2229.8280943524 354.9566048300 57.6533966943
64.0000000000 18125.8208108857 1887.9284893609 421.4115337788 33.1518976631
65.0000000000 46031.9939588336 3859.3205191343 468.5043523926 33.9095783535
66.0000000000 0.0000000000 2134.1100674022 462.0483832106 nan
67.0000000000 0.0000000000 3923.1179670804 479.8194039672 37.2671437708
