0.0000000000 609.5119464446 240.3690137071 50.6950846161 4.7303753824
1.0000000000 5837.6237246501 346.9429782407 56.6942051269 27.6213022815
2.0000000000 5492.3218100054 308.4498740962 51.0201290478 21.7460613179
3.0000000000 14264.2901100394 450.3155733876 61.2539111190 43.4496707991
4.0000000000 3054.9149658796 239.6144807681 34.9754892362 24.0419628285
5.0000000000 2140.9265746047 203.2856475940 32.0831196774 14.3954134953
6.0000000000 7020.1268317249 322.8233901679 41.8027896024 35.6333951664
7.0000000000 12907.0646267884 439.9917477939 65.9196059239 37.7223998060
8.0000000000 4181.4350774345 252.2512346963 33.2828159886 26.7874247793
9.0000000000 4806.7456653175 286.7130957246 44.4399479328 23.4069123559
10.0000000000 7818.0292454974 355.5483563082 51.9558588071 34.0127925834
11.0000000000 7238.2333896502 326.6289423081 46.8838980376 30.2704473374
12.0000000000 10036.9710381937 374.3513232756 47.4594984677 40.8588354504
13.0000000000 4736.0147808737 276.6732086913 37.0766544721 32.0805920661
14.0000000000 6733.9199551995 319.2870726653 49.0815666889 26.0414269062
15.0000000000 13929.6037811395 437.2868513798 51.6600302900 49.9922019201
16.0000000000 3869.6130401208 325.7884738489 63.5838260481 15.4715123113
17.0000000000 12905.5237222181 433.0656929016 57.2557814915 45.7706365212
18.0000000000 6260.8499253695 324.2589649524 50.1344500437 27.2655716283
19.0000000000 13803.7816082562 462.3532771763 69.6874247341 38.2818011281
20.0000000000 21434.7161418401 541.5965438525 71.4186458736 53.8710635075
21.0000000000 4518.2487101342 271.7435764462 38.1848949093 29.7547694764
22.0000000000 13425.4289205379 453.7857063587 65.7136560682 43.7868542709
23.0000000000 7346.3404819456 328.5109722554 47.1517550076 30.5537887713
24.0000000000 16723.0666537503 496.8049067869 68.5700396834 44.7210477138
25.0000000000 11426.7548449840 416.6785946934 58.8274929410 42.0649927989
26.0000000000 5378.3013270594 305.0893781484 49.9448730923 23.4050074512
27.0000000000 6380.3005931229 315.5520507397 45.3665114703 30.3341733485
28.0000000000 20098.2147818113 522.8005150980 63.5754563663 57.8910975191
29.0000000000 12462.8934820183 431.7263560102 62.6258872340 38.9966932803
30.0000000000 21577.5705535930 567.5824000119 68.8596048734 68.4587411299
31.0000000000 3748.4712959620 254.5057453815 39.8949305255 23.6737442690
32.0000000000 12834.2738913567 443.5096934753 60.6738629667 45.0547793403
33.0000000000 8810.7842184136 352.4385738903 47.4448156020 34.0916276767
34.0000000000 6286.0090260613 340.7500292674 55.7460161180 25.9169847710
35.0000000000 6455.3845457091 326.6892122857 50.4477353367 29.5947705608
36.0000000000 11859.4333127120 434.4384859809 65.1674762998 40.3998740642
37.0000000000 14731.2933303305 483.9829586773 74.3969028335 39.0600692006
38.0000000000 15399.4370132597 465.0667434182 62.7204221139 46.4268023439
39.0000000000 7208.9566936654 345.8892088421 44.3355316465 42.1674643011
40.0000000000 31151.0251313495 662.3505493028 81.9344639826 73.4573863335
41.0000000000 6076.2745964279 315.9791349977 48.6776269400 29.1519908763
42.0000000000 13871.8763695100 441.0467762938 59.0271721282 43.9735621159
43.0000000000 9893.2387803592 379.3006795568 51.8213671019 38.1076779473
44.0000000000 14094.3579543609 440.9470575055 56.8169747027 45.5608238445
45.0000000000 8388.6229043534 411.1694976614 67.8517216140 32.2016040372
46.0000000000 6910.9229639296 343.5443355350 56.2470492560 28.0130432340
47.0000000000 6263.8060020762 304.5795668019 40.1907745905 32.9970949265
48.0000000000 5626.9562646794 289.8696378497 39.8978107491 29.9115521863
49.0000000000 14229.3403856172 482.4846137398 79.7438735283 33.1379730537
50.0000000000 13513.0672846255 436.2262557292 58.5536616402 43.6229447861
51.0000000000 19104.1031302520 532.1442048501 75.0727497096 51.6468798666
52.0000000000 14831.8941049478 474.4832448387 65.5541715004 48.0697653189
53.0000000000 4716.0921818448 288.6226838016 44.6351471339 26.9343731476
54.0000000000 33779.8585294792 686.7411186736 86.3533748818 73.4332805772
55.0000000000 3792.5770668690 304.8674174553 58.5752113202 16.7846842885
56.0000000000 16746.9324539438 472.5160063566 57.4779818729 51.5959849212
57.0000000000 2827.9829737019 216.9109157693 30.1586480468 23.9264293866
58.0000000000 -40429.6566764559 1936.7308706225 380.2068596225 42.6142803827
59.0000000000 2195.9778266842 203.7500688528 33.4358261769 16.9844306543
60.0000000000 -23367.8686636990 2429.8066633791 380.7543746368 69.0459119281
61.0000000000 -19854.7821201699 2377.4375428083 397.5901644388 37.0605389274
62.0000000000 -10521.4602141668 1961.6633905870 358.7631662002 30.4924061679
63.0000000000 -24436.9413129381 2233.2568230464 354.9835534306 57.6307152505
64.0000000000 17110.3787052659 1886.1955484649 420.6185398421 33.4078188331
65.0000000000 45098.9478695290 3851.9396629229 467.8588194077 34.5706440072
66.0000000000 0.0000000000 2139.0971047159 463.1281084614 0.0000065828
67.0000000000 0.0000000000 3919.0814213604 479.2885409830 38.6325541360
