0.0000000000 626.5829852481 239.9701050590 50.4514726669 4.8841766399
1.0000000000 6013.0804976539 354.4260139061 58.1321323029 27.7832607975
2.0000000000 5604.6019866885 308.1137298628 50.5557071669 22.3021118490
3.0000000000 14671.1287655255 457.6695083531 62.5128739408 43.8090201902
4.0000000000 2792.2814855463 230.5846860556 34.1485918668 22.5972478682
5.0000000000 2150.8502977997 201.1288868800 31.4855369985 14.7173641945
6.0000000000 6778.9269251260 317.2575144259 41.3226002357 34.9076845930
7.0000000000 13025.3455905508 443.3247763031 66.6026118553 37.7036961739
8.0000000000 4154.8068046975 251.4643027566 33.7324775216 26.2456833023
9.0000000000 4877.9516380167 292.1045428298 45.1494070762 23.7584121344
10.0000000000 7657.5174027263 352.2111114939 51.7884155227 33.5182895975
11.0000000000 7151.3339810176 325.3728592983 47.0478603729 29.7754359510
12.0000000000 9736.7780938033 369.8412210140 47.4268597245 39.6488259124
13.0000000000 4523.4712454139 270.2204877377 36.2963849098 31.2381727702
14.0000000000 6803.5593013549 320.8702971478 48.3746527334 26.5168539211
15.0000000000 14608.5228764638 448.1223160446 52.6922906015 51.5460983108
16.0000000000 3622.3177044473 324.2053480334 63.9886732951 14.4019638862
17.0000000000 12740.8788576552 432.6254314146 58.5258607193 44.6188065798
18.0000000000 6053.7123319616 316.9153403292 48.1236656281 27.0001881805
19.0000000000 13783.2319510521 462.5452075219 69.6277138834 38.2797086655
20.0000000000 21440.6924494858 539.4659882762 70.2020140455 54.6523660302
21.0000000000 4225.5561659384 264.0411325318 37.2647592868 28.7054071671
22.0000000000 13901.8460279356 460.1057894566 65.8940158369 45.2545605864
23.0000000000 6942.1521756529 320.3316821127 46.3670269229 29.0191624556
24.0000000000 16916.4871147685 505.2124470704 70.7920712379 43.9261618132
25.0000000000 11895.8128943824 423.3296180783 59.2995146954 43.0029359801
26.0000000000 5078.8447828026 298.9040420161 49.8233813601 22.1013242700
27.0000000000 6335.7550160967 318.0362893344 47.8528190653 28.3948961040
28.0000000000 20479.8849615658 528.4787777750 64.2825837152 58.4720095254
29.0000000000 12603.9374874691 435.3365364686 63.7539720282 38.8599139564
30.0000000000 21705.6248974507 570.4301186617 70.4761040210 67.4560769151
31.0000000000 3899.9040606796 259.6006500793 40.6151987177 24.2421658488
32.0000000000 13055.1483150280 446.5798796781 60.5765978808 45.9001825006
33.0000000000 9297.9753062590 360.7243879532 48.9185586851 34.8665977481
34.0000000000 5950.7750955802 332.8802084360 54.4295598373 23.9636697255
35.0000000000 6613.7677421788 332.5567095623 51.9695241729 29.7335841972
36.0000000000 11908.7641984730 435.9675134888 65.7304039413 39.9714953251
37.0000000000 14653.2821473372 479.3047840822 73.1092434565 39.4978206698
38.0000000000 15532.5217671256 466.0026089888 61.7713762754 47.5869623646
39.0000000000 7315.2390884827 348.8623993981 44.8066406166 42.3908673883
40.0000000000 31523.1427938002 665.7217643071 81.9885852441 74.2905694476
41.0000000000 5508.6983186094 304.2271759544 48.6102239302 25.5439300629
42.0000000000 13904.5719334589 440.7623986957 58.0881950835 44.6801040377
43.0000000000 9844.6402858421 378.6559718108 52.5119401357 37.0610670423
44.0000000000 14888.2325647706 451.6414920335 57.5660370189 47.4271062628
45.0000000000 8161.5748585754 406.6151856061 66.9577606759 31.8936221493
46.0000000000 7620.7659421623 353.6680125174 56.2468245708 29.6002540714
47.0000000000 6221.3223081017 304.7141155435 40.8174253018 32.3116775516
48.0000000000 6217.0709977308 305.1571806278 41.9777133565 31.6303942718
49.0000000000 15225.3542253882 491.0396246307 80.0448426018 35.3781679163
50.0000000000 14220.9857784673 448.4507923689 60.4345037052 44.3814234972
51.0000000000 18953.9785369423 532.6485738170 75.8633789758 50.9619434066
52.0000000000 14796.2227804122 473.5821114838 65.6748229639 47.8152007594
53.0000000000 4870.9804989763 290.4758206049 44.6055060527 27.6637965156
54.0000000000 34368.8599112255 692.5528816252 87.2712597940 73.7068252236
55.0000000000 3856.8720031688 312.4360011586 61.2274487898 16.5033414809
56.0000000000 17415.6407651840 482.5067896576 58.6634196831 52.5639819722
57.0000000000 2868.2234148198 218.5326091581 30.0885000829 24.4084184775
58.0000000000 -42666.2455047522 1914.7965719158 379.1441731806 44.1122099480
59.0000000000 2718.9473027173 229.6529231703 36.4971581844 20.6947693739
60.0000000000 -25884.1352155223 2435.9540684511 381.8322228527 71.7289488702
61.0000000000 -13944.3346454447 2389.2451098861 398.6749758185 36.7505744395
62.0000000000 -11708.2156165926 1968.0446815817 359.3087410743 31.0840435364
63.0000000000 -23730.1268222998 2235.1103973958 355.3134704871 57.4397376660
64.0000000000 20878.3780652581 1897.4511185901 417.9738624788 40.7102185556
65.0000000000 44757.5781563672 3851.3157682292 468.0363712112 34.1409644449
66.0000000000 0.0000000000 2146.1893475990 464.6636240881 0.0000007183
67.0000000000 0.0000000000 3916.7339803818 479.0256961634 38.4747440806
