0.0000000000 2930.9782149675 391.6899708805 83.3067982880 13.6022257761
1.0000000000 5968.1903823100 351.5630236455 57.6305319863 27.7939236147
2.0000000000 9689.1376113423 453.4913112440 67.9023737217 32.6720950988
3.0000000000 14647.5233083190 457.3044589011 62.6997606628 43.5341112685
4.0000000000 2886.9724284314 233.2574053999 34.0710255301 23.4179436502
5.0000000000 2283.9518006279 203.5149296321 31.0347554075 15.9564031921
6.0000000000 6673.4657756267 315.3334043969 42.1709273353 33.4880298953
7.0000000000 13659.5367159112 452.0032732673 67.4189038628 38.7215187533
8.0000000000 4034.2795777257 250.0466692183 34.3590936835 25.0934942655
9.0000000000 5177.8946400363 298.6654969940 46.5077202543 24.0686486167
10.0000000000 7479.9387486485 350.3823931168 52.4499928025 32.3070146211
11.0000000000 7415.9977234205 330.0106261443 47.0772833203 30.9903823489
12.0000000000 9870.1019159897 372.4342204668 48.3004568309 39.5603273697
13.0000000000 4466.7188037924 269.1887479260 36.7792305231 30.4537908945
14.0000000000 6676.5436382073 318.5886256800 49.0884838062 25.4381598363
15.0000000000 14595.1719138431 446.9880133635 52.3773880485 51.5383925210
16.0000000000 3682.3937157490 330.6038753103 65.6237744393 14.2733431252
17.0000000000 12323.0303713546 426.3523852875 57.7100519621 44.1438075209
18.0000000000 6071.3365323493 320.4185672596 49.9990570783 26.6830141727
19.0000000000 13469.1883784018 459.8482478492 70.3636360195 37.1101497134
20.0000000000 21938.8192650062 546.2892710384 71.8302900045 54.6128182562
21.0000000000 4506.4354758705 273.0424954460 39.2186438531 29.0045613557
22.0000000000 14249.2698545379 466.2327973999 67.0266399902 45.5090318695
23.0000000000 7006.1327039309 321.1305904083 46.1022381898 29.8902448354
24.0000000000 16975.1497031223 503.4180887606 70.4693405071 44.2722336476
25.0000000000 12036.8421103057 425.6095915032 59.4453044930 43.5892442535
26.0000000000 5326.0186301187 301.6832373456 48.9160469809 23.4568639971
27.0000000000 5808.7849652508 302.8762412576 44.5779682912 28.2261957747
28.0000000000 20545.3474819400 528.5335168923 63.6004609406 59.3880293783
29.0000000000 12220.1886982573 431.2731319016 64.2631953750 37.3121289982
30.0000000000 22089.3915249984 573.4065072699 70.0413104242 68.3775638517
31.0000000000 4094.3254100201 265.5261988115 41.0338365889 25.3547984376
32.0000000000 12905.1556610143 445.0458350761 60.2631105813 45.5877340132
33.0000000000 9141.5539809305 359.6975509999 49.5889084133 33.7635306778
34.0000000000 6253.6770044203 342.1835121438 56.5672788290 24.4475582036
35.0000000000 6659.7295136338 333.3502616437 52.4015342212 28.8757912619
36.0000000000 12409.1191791948 443.9118395512 66.1763109297 41.2623051534
37.0000000000 14396.7291172223 477.2629329186 73.5754679783 38.3473597723
38.0000000000 16204.0748690789 475.8365303582 63.2852025908 48.1047824429
39.0000000000 7325.6351645834 348.6612850295 44.5557191765 42.5837895535
40.0000000000 31317.6168397065 663.6913213142 82.0360576547 73.5751502794
41.0000000000 5927.6439081797 312.5940038262 49.1387027668 26.6921529544
42.0000000000 14489.3051832019 450.3127007058 59.3580861765 45.7478911194
43.0000000000 9502.0001269569 373.4311334124 51.9957807911 36.3196788205
44.0000000000 16244.3077795226 470.6647491187 59.0006419120 50.4065713991
45.0000000000 8239.7307847238 409.6967733807 67.8946152554 31.6631294425
46.0000000000 6936.3375781785 343.5614158842 56.2053838832 27.1859710931
47.0000000000 6716.1524554781 316.5212715349 41.9091857100 33.9594164549
48.0000000000 6139.4516064287 303.9436131631 42.0833729902 31.0951133090
49.0000000000 13877.7227057888 481.2555715749 80.3015883246 32.0908353062
50.0000000000 13755.5036864513 442.7753309818 59.9791958691 43.2845026196
51.0000000000 19864.7272055278 542.0507131719 76.4767809074 52.5796406993
52.0000000000 14366.8278329424 464.8638719706 63.9488042036 47.7300011857
53.0000000000 5109.5620613741 297.3687613265 45.2133512761 28.7411818071
54.0000000000 34038.4204121500 689.7078268212 88.0489073476 72.3240573644
55.0000000000 4788.6453473999 326.5075145180 60.6249974525 19.9712604559
56.0000000000 17352.2131339442 481.7127612681 59.0710821968 52.0613789715
57.0000000000 2991.1811057268 221.5317261118 29.7548508452 25.5587580126
58.0000000000 -39572.5733246964 1945.4189677315 380.1842686909 41.3092768500
59.0000000000 3084.2967433839 229.7848245811 33.3608659082 23.8541634009
60.0000000000 -24847.2283429089 2441.4584053763 381.3847241962 73.0147568213
61.0000000000 -17800.8782168288 2395.9924173172 398.8297723232 36.8273888562
62.0000000000 -11361.7995086694 1965.8031273081 358.9116877989 30.7577162402
63.0000000000 -24141.4710132150 2225.2301975213 354.7762702371 56.3867971048
64.0000000000 17814.3841598984 1885.1381127772 420.7346079159 33.0852360722
65.0000000000 47874.9757956542 3856.8344079293 467.7469455636 35.4752666564
66.0000000000 0.0000000000 2147.4996335858 464.9473093258 0.0000023126
67.0000000000 0.0000000000 3918.9986124155 479.3854774691 35.8088546021
