0.0000000000 1290.3834658215 239.5986385855 49.8726551115 9.9734459981
1.0000000000 4029.8127839337 294.5326335380 48.4373254486 22.9576996853
2.0000000000 6104.6875987357 317.4430229676 50.7642543320 24.0710925357
3.0000000000 12112.2667156821 417.4583679551 55.7420824983 40.5912611795
4.0000000000 2283.2342750434 208.0016931710 30.3982185804 21.2643848503
5.0000000000 1890.0473879186 178.9545630122 23.6737590066 18.1001570731
6.0000000000 6648.7066349297 328.3008414174 48.4556201850 29.1531941135
7.0000000000 11364.8005618103 414.5271699897 62.6972085945 34.2311181819
8.0000000000 4013.0280243289 250.8075807667 33.1253023272 26.1064029438
9.0000000000 5373.7327711626 304.0067706003 46.0677302972 25.1637612615
10.0000000000 4849.3759936368 288.0856133386 41.6577123077 26.7326215995
11.0000000000 6024.4902182149 297.6257116149 41.1924225630 29.2818118788
12.0000000000 9588.9014547491 367.2237969712 47.2947115650 39.1568533480
13.0000000000 3836.3377304053 249.8494572086 33.8276498382 28.4253612499
14.0000000000 7119.6566960647 321.1785733596 45.6787248992 29.3820039794
15.0000000000 8473.6418482142 349.5963373091 47.7424139504 33.8296971269
16.0000000000 2984.3230088771 253.9717058930 45.8052253303 16.6117465819
17.0000000000 10744.1114088332 399.4001909786 54.7988330223 40.3599152143
18.0000000000 6335.8109447759 318.8617790651 43.3882199011 31.8785850332
19.0000000000 6709.2993802738 323.4863546013 49.4979165973 26.2012270107
20.0000000000 15509.9914733739 461.6190103101 61.3117139126 46.6141957795
21.0000000000 3839.6741309575 249.1698541736 33.5181471249 28.7791428820
22.0000000000 13132.6696524819 455.0895722990 68.4351151047 41.2573273449
23.0000000000 6131.0557590808 295.4016807645 39.1613107091 30.2694830258
24.0000000000 12024.0897053079 423.2845714893 58.0474689615 38.5803421498
25.0000000000 7595.4044771553 341.5261349466 48.6669282208 33.9619893412
26.0000000000 4575.0625539633 284.1002575370 46.7890756279 22.0598840834
27.0000000000 7374.3246588880 331.2772947467 40.6435196077 38.7451047412
28.0000000000 12408.3369261339 415.4270492011 51.7044756603 45.5367089219
29.0000000000 8660.8944650522 368.5176262169 55.4826809738 30.1576338641
30.0000000000 15174.7945869974 490.4763949025 66.7818059680 53.7324951900
31.0000000000 3125.0547350438 233.0901488555 36.1816757322 22.1759894652
32.0000000000 11400.1943161822 413.2053393169 52.5214871599 46.2513129150
33.0000000000 7783.5587103253 325.4607995422 39.5302527953 36.0916551031
34.0000000000 6187.2689884180 328.0713001556 49.2306493073 29.7622415022
35.0000000000 4221.3020768472 276.7630111200 45.1057069826 21.7563343427
36.0000000000 7062.9026790055 347.2025940489 54.5111120417 30.5635519439
37.0000000000 10369.9097932507 416.0235525894 66.6347458201 30.1874043011
38.0000000000 11614.9190777028 405.6825867242 53.7595918981 42.2245409293
39.0000000000 5791.4281881140 322.9343788837 43.0383323377 37.4698614547
40.0000000000 22977.6646585852 575.2079058986 72.3403706886 64.0072857102
41.0000000000 5528.7996238155 293.5712814705 41.6944133180 29.8405245638
42.0000000000 11366.8964964742 398.6933777202 52.7073621628 40.2110368660
43.0000000000 6473.2058542840 309.0884335092 42.8180258507 29.8357789507
44.0000000000 12588.6167233464 417.2517533604 53.4628148613 44.0732414622
45.0000000000 4846.7638185873 298.1709276595 49.4681660926 24.6244861587
46.0000000000 7041.5873366290 334.9922320485 49.1324509706 33.0785689841
47.0000000000 4592.0053679391 263.0352753043 33.6933176322 29.5397769287
48.0000000000 5314.3048941523 282.5579534070 38.7101793742 29.2540582987
49.0000000000 13163.4646277169 447.6275872747 68.9533115097 35.9908423046
50.0000000000 9571.7359545523 374.4865656974 52.3307061794 35.4605297505
51.0000000000 13570.1290454843 454.3057911508 66.7669646840 41.8551308380
52.0000000000 10304.1639672432 416.0535040076 63.7097263022 35.8041978397
53.0000000000 4237.0906929542 266.0260409741 37.2267223945 29.1036571032
54.0000000000 22723.0374626888 562.6231832519 70.9739941748 60.0865982500
55.0000000000 3477.0558284764 285.2149255013 52.9521174211 17.0740731148
56.0000000000 12586.6006883391 415.7336313129 56.4346066251 39.4873035793
57.0000000000 3242.7908616287 233.5434261949 32.3389216062 25.9559964057
58.0000000000 1030.8892001133 2050.0528782634 297.8852757288 34.9000332559
59.0000000000 1895.0143594202 184.1882430789 29.5019940006 16.3854128148
60.0000000000 13314.4736445268 440.3534909854 62.9880867083 41.0290574126
61.0000000000 5895.0588315630 292.1126600552 39.6529329890 28.7998286142
62.0000000000 -12354.6884609019 1938.0177169003 353.6988590432 28.4677471902
63.0000000000 10329.3407230685 382.5325112743 50.2849835589 40.1393388461
64.0000000000 1809.4227477333 195.9934993173 29.7516472879 23.4092806640
65.0000000000 26392.0512114116 2116.8353322622 348.2749340438 44.0885957554
66.0000000000 4935.8156550195 317.3260385239 55.6146474720 22.6138933699
67.0000000000 7964.3764207965 352.4836016445 51.0335830361 33.8246389754
