0.0000000000 893.8354912949 261.6941518633 54.5242792379 6.4293089798
1.0000000000 6147.6159996237 357.0348154510 58.3733332522 28.2517839946
2.0000000000 5307.3955149479 304.4393377392 51.1014668763 21.4861218324
3.0000000000 14656.4653874116 456.5824677323 62.3714048880 43.7662785036
4.0000000000 2640.9188643636 226.6402153460 34.1104489289 21.4573266934
5.0000000000 2102.4383998939 196.2851591623 30.0615024015 15.2024750213
6.0000000000 6708.5497223829 315.2857930684 41.6408217304 34.2073905926
7.0000000000 13529.8092827506 451.5609391877 68.0041492244 37.9267975230
8.0000000000 4173.1230012233 253.3102538259 34.3582964957 25.9856880901
9.0000000000 5087.8422941045 299.3999413228 46.7324002980 24.0025667850
10.0000000000 7681.9793900568 355.0759209295 52.8415879551 32.5897349558
11.0000000000 7557.9789955308 333.8690880717 48.4143813951 30.4384778721
12.0000000000 10155.1078428587 377.3883726441 48.5486925542 40.5806463462
13.0000000000 4404.4385984031 266.8366426578 36.0749467405 30.6231293903
14.0000000000 6633.1591278168 319.3624273967 49.1365457467 25.3370483125
15.0000000000 14808.1138030675 449.6050741525 53.2119776685 51.5950367866
16.0000000000 3618.8334529035 331.6329920051 65.5292444392 14.1190351442
17.0000000000 12571.4562431441 428.7256159828 57.6595726905 44.6823640057
18.0000000000 6519.1923208385 330.7144841608 50.9925885826 27.7061327618
19.0000000000 13962.1986749082 464.1186031786 70.1501633723 38.4940180386
20.0000000000 21757.9955123155 544.6192150313 70.9546402883 55.1267786307
21.0000000000 4496.5443603934 271.6791222602 38.0281432960 29.8686511983
22.0000000000 14194.6057323467 464.9694551749 66.6167967836 45.5527543302
23.0000000000 7301.9129834477 329.0675746778 47.4769245890 29.9760725236
24.0000000000 17112.2853146272 508.3678271579 71.0598207518 44.2013070964
25.0000000000 11986.3416225105 426.4538320631 60.8244108907 42.4588149062
26.0000000000 5278.2400621391 304.1755453155 50.3993048816 22.8280732030
27.0000000000 6058.5108742291 309.2396360693 45.4028060527 28.6288724456
28.0000000000 20832.8459858829 531.9769620033 64.8596342152 58.6968880842
29.0000000000 12335.0096842903 434.2991561824 64.7393536901 37.4028985849
30.0000000000 22126.4250641399 575.3419223911 71.0817790811 68.1091494543
31.0000000000 3840.9427088174 257.3432640247 40.0050118000 24.3538387855
32.0000000000 13700.9951516789 457.4127745677 61.4057236449 47.5356895047
33.0000000000 9636.2512864900 367.9658054719 49.8148625803 35.4860938864
34.0000000000 6422.6038265608 341.7298091065 55.3150347879 25.6402965619
35.0000000000 6342.9887535040 325.6672641516 51.8408639514 27.9692537895
36.0000000000 12895.9053478373 452.0978312859 67.1149019743 42.3268640552
37.0000000000 15006.8230967800 488.1521016598 75.3695026047 39.1099940209
38.0000000000 15872.7184962513 471.9742890234 63.5242174309 47.2107070911
39.0000000000 7147.5394017940 344.0414795040 43.8333567766 42.1664997813
40.0000000000 32257.6079784922 672.3047257268 82.8623661201 74.3364834527
41.0000000000 5215.6482115771 299.2567970734 48.7711465588 24.4569684305
42.0000000000 14803.4689537638 453.1916579298 59.6866386120 46.0663097964
43.0000000000 10355.1874535302 386.6851353130 53.0381690097 38.4758651056
44.0000000000 16972.8935311596 481.1133723463 60.6030985148 51.3212479579
45.0000000000 7698.4749958829 407.7128105484 68.9960043934 29.3071203502
46.0000000000 7398.9071442533 347.9914255644 55.1217917816 29.4002157038
47.0000000000 6568.6458050996 313.5307850490 42.4882025552 32.9471663532
48.0000000000 6490.0920161646 310.8860328313 42.1013997192 32.6529324181
49.0000000000 14430.3226748346 486.4199914566 81.6903978506 33.0840321953
50.0000000000 14140.0629594642 446.6103252179 60.0064940021 44.2963487550
51.0000000000 19375.7454335562 537.2456027598 77.5053646758 50.2999251391
52.0000000000 14779.2768340547 476.5554984445 66.2352141071 47.4456139142
53.0000000000 4953.7185593785 290.6169765550 43.3425197647 29.0348040648
54.0000000000 35748.4762736584 705.7867357971 89.2644883042 74.4286309206
55.0000000000 4508.6843419303 329.9318547128 63.6651643548 18.1227113372
56.0000000000 18253.6673345837 493.3648556511 59.5132670939 54.1962684391
57.0000000000 3122.6320469913 227.2017307770 31.7020109405 24.9786678266
58.0000000000 -43647.9839314470 1906.7234044647 378.2419871069 45.1343770956
59.0000000000 3365.4172506061 249.7658210037 38.0233975731 24.1184904869
60.0000000000 -23587.6039427150 2428.0096350988 381.9228857125 72.1450259312
61.0000000000 -14658.4773439455 2403.7129270596 398.8402722510 38.5425449037
62.0000000000 -11671.6560432081 1974.0397811759 359.5963664992 32.0282755277
63.0000000000 -26324.9511240167 2225.1481153425 355.7395872606 56.8189845431
64.0000000000 23030.5864122238 1897.1061176308 416.5952104554 42.6896874783
65.0000000000 45562.6705515249 3853.6308153022 467.8487329520 34.2174791652
66.0000000000 0.0000000000 2142.9915876146 463.9712887427 0.0000048783
67.0000000000 0.0000000000 3914.2522522023 478.6946482560 39.2286680953
