0.0000000000 703.9609854440 259.3256392784 54.3169701469 5.1371986126
1.0000000000 5983.6288132361 361.4521809125 60.3959698218 26.7406958922
2.0000000000 5376.3389684844 301.7397083365 50.5617430417 21.7613522613
3.0000000000 15574.4928304915 471.9410540602 64.7314690667 44.8663129893
4.0000000000 2695.1503730817 229.3867932261 33.9340397664 22.3019377672
5.0000000000 2290.7805637521 203.4251344164 31.9418235832 15.3432326136
6.0000000000 6751.9965730829 316.8125253029 41.3192954356 34.7269162485
7.0000000000 13178.9835059220 446.9061687364 67.3569981514 37.4065416465
8.0000000000 4218.5680080200 252.9998546031 34.0962959072 26.5259908964
9.0000000000 4968.3348650895 293.6059265771 46.2109573473 23.6759229543
10.0000000000 7919.2177469953 357.7118870199 52.3948330008 33.9149987091
11.0000000000 7628.7822340445 334.7240763538 47.1573922332 31.6030859549
12.0000000000 10821.8834431103 389.7894608559 50.4919421016 41.4331192885
13.0000000000 4245.1922702034 262.1981419756 36.1956179081 29.3508476083
14.0000000000 6936.2286555559 324.9593629251 49.5341256932 26.2596813257
15.0000000000 14184.1100314171 440.7591824331 51.9519763696 50.5144816211
16.0000000000 3792.4854398105 332.3948612427 65.3893573398 14.7831564085
17.0000000000 12633.6042150747 429.2469377827 57.3168375698 44.9579149994
18.0000000000 5953.4699473221 317.8739968104 48.8381051844 26.3407679744
19.0000000000 13411.0852579321 459.2780158802 70.3587734916 36.9271542607
20.0000000000 23395.0252003955 565.0702955978 74.0704856344 56.0953302849
21.0000000000 4410.7443983518 268.7447938634 37.4877281216 29.6708547964
22.0000000000 14037.2919346097 461.7642510199 65.9216226014 45.5365226121
23.0000000000 7337.9078518564 327.5346590840 46.3835913433 30.6627252290
24.0000000000 17226.9750853190 510.2106122609 71.8893728389 44.1706055516
25.0000000000 12477.1169780124 434.2612497548 61.6009863196 43.2956473288
26.0000000000 5335.9277531582 308.1005346401 51.3595177697 22.5892640530
27.0000000000 6612.7017841785 323.0638104983 47.3189462571 29.9356774779
28.0000000000 20551.9433117328 528.2704841459 64.2121149144 58.5959502878
29.0000000000 12812.2211223133 441.4565755768 65.3422352643 38.4803793842
30.0000000000 22437.4944241987 576.2432220827 69.3495782654 68.9406063958
31.0000000000 4205.0584554801 270.2572830008 42.8607253905 24.7366087891
32.0000000000 14219.4599403095 462.6819785049 61.1965630927 49.2457729199
33.0000000000 10058.1334852775 374.8868727570 50.2701007338 36.7168761575
34.0000000000 6232.3539081436 341.0641054271 56.2023949865 25.1052860969
35.0000000000 6309.9159102812 325.6896971341 51.9687361839 27.9292245098
36.0000000000 12147.9295782896 442.0523935580 67.1048202922 39.7779229534
37.0000000000 15414.2612064435 490.8422004121 75.3639852062 39.9225064700
38.0000000000 15907.8730808597 471.8240596811 62.8996806609 47.8620972226
39.0000000000 7390.2197996699 351.2168485340 44.7615418490 42.9274574061
40.0000000000 32342.0734784433 673.4195688539 83.0282349961 74.8812915351
41.0000000000 6308.1437537050 320.3212187003 49.7520389395 28.1375771459
42.0000000000 14441.4364008589 449.0342988415 59.5991173408 45.0840763414
43.0000000000 9597.6908592030 375.9589842424 53.1960924560 35.4577478928
44.0000000000 17338.9674348976 486.7509170019 61.6087562796 51.6386598976
45.0000000000 8291.0613058802 414.6901883748 69.0703631122 31.4627266823
46.0000000000 6839.4501684776 340.9688660472 55.8368327562 27.5522930177
47.0000000000 6984.4386615299 322.7973461513 43.4407700656 34.2576668497
48.0000000000 6741.1879018816 317.7471347787 43.1009778188 33.3133452951
49.0000000000 14324.9106168741 491.4836810954 81.9891084901 32.9154741707
50.0000000000 13995.5636768847 445.7289701602 60.8406134859 43.4549342687
51.0000000000 19994.3866628649 546.3258001880 78.4339387631 51.9533180470
52.0000000000 15080.3183674017 479.8480396413 66.6546444001 47.9598159546
53.0000000000 5062.9310681649 296.6615499666 45.2580730862 28.5074345047
54.0000000000 36232.6361454777 711.0035050018 91.3059955155 73.6196840935
55.0000000000 4516.0579950473 326.0083330223 61.8235255211 18.4546159739
56.0000000000 17936.1334210914 489.0006302251 59.3855210991 53.4128931931
57.0000000000 3221.7439933430 230.8380966877 32.0752426400 25.5108393065
58.0000000000 -41294.7845729019 1877.2152467033 377.7575154023 43.7032750442
59.0000000000 2794.6451848254 228.4402050933 35.8027263053 20.1958386974
60.0000000000 -24682.4991706068 2432.1999082554 382.3192766611 72.3778642229
61.0000000000 -16741.6193875153 2389.9960940102 399.6748932661 36.5145777338
62.0000000000 -9801.5476385305 1983.5677154330 360.0166197578 31.7379378057
63.0000000000 -27241.6255852968 2239.7909213476 356.1564189102 57.8123390977
64.0000000000 19594.9958973848 1896.8866916182 414.2521398897 44.8514921598
65.0000000000 45732.8399988882 3859.8549515781 468.3557676800 33.7769135474
66.0000000000 0.0000000000 2143.3346134722 464.0455560194 0.0000035184
67.0000000000 0.0000000000 3920.2327850570 479.4309560279 39.4076525513
