0.0000000000 976.9919287031 255.3677692015 53.3331814954 7.1317888424
1.0000000000 6102.2263208396 361.5194331878 60.2486454424 27.3895003637
2.0000000000 4847.4592608645 293.3418585544 50.6462680454 19.7430968110
3.0000000000 15274.5021535758 465.5104450145 63.6067133804 44.7873073822
4.0000000000 2853.3009522566 236.4135348529 35.9337606926 21.8401270394
5.0000000000 2165.6225730518 205.3983057362 32.2391281745 14.9949888563
6.0000000000 6505.0151934679 311.8622835925 41.2960038170 33.5125727411
7.0000000000 13547.9077128697 452.2755730363 68.2183754085 38.2610599155
8.0000000000 4084.6042326894 248.8186509049 33.0351350933 26.5820469981
9.0000000000 5118.0881975953 304.1459850134 49.0744832452 22.7214826745
10.0000000000 7724.5125084436 353.9394334380 51.8734025209 33.3306862074
11.0000000000 8057.4690764474 342.4009514551 48.2803679458 32.5084083598
12.0000000000 10193.0948394481 378.0446783549 48.6912468547 40.4833587718
13.0000000000 4319.1367091927 266.1806594745 37.4958949242 29.0788200611
14.0000000000 7298.9456108039 330.9320811449 50.9144662120 26.8197060630
15.0000000000 14596.3749456283 447.0957928479 53.0383824745 50.9239463052
16.0000000000 3476.3453204375 335.1019806512 67.0416711268 13.2432967676
17.0000000000 12989.4604631486 435.5577097076 58.5116501188 45.0849270043
18.0000000000 5681.8369644875 310.4988048087 48.2190957288 25.5987017099
19.0000000000 13438.1565343720 457.6080277700 70.3936952185 37.0285855926
20.0000000000 23477.7015300179 565.4684459723 73.6138586294 56.8975850658
21.0000000000 4432.1390124404 270.2630781278 38.6625912772 28.8852485973
22.0000000000 14084.1531869498 461.9242056058 65.5128347411 45.8389712484
23.0000000000 7349.9986475875 328.5544785636 46.0908133271 31.0170802979
24.0000000000 17348.9167938251 510.0684867747 71.4926646143 44.5627299973
25.0000000000 12258.4525821656 430.8032278240 61.1286017311 43.2061808250
26.0000000000 4951.0127268169 301.8864900345 51.0556468993 21.0417201715
27.0000000000 6274.2482756118 315.8823173438 46.9677693521 28.6014599954
28.0000000000 21281.2704992499 537.8989293187 64.8176474666 60.2238674014
29.0000000000 12846.7199799401 441.6635717009 65.4416518431 38.5412020269
30.0000000000 22608.9541489282 578.3959030956 70.8533341313 68.1805012616
31.0000000000 4041.7178989092 262.5931911306 40.5394458996 25.0606702710
32.0000000000 14268.0002994569 465.0308020745 61.5683484681 49.2348168814
33.0000000000 10635.7985916631 387.5512857218 51.6030344014 38.0189104609
34.0000000000 5860.3333261897 337.8807425084 57.9205148416 24.3486569202
35.0000000000 6503.5475791288 330.4592950983 52.1022655075 29.0140443824
36.0000000000 12760.4606791636 452.2710762765 68.3910578803 41.0611223493
37.0000000000 15365.5157992284 492.6387481480 76.1923258899 39.6087976969
38.0000000000 16744.7032075359 483.9035814469 64.8362075458 48.6188468578
39.0000000000 7686.0884918984 358.0409804890 45.2014995117 44.2338033124
40.0000000000 32000.8311806591 669.8017751180 82.6249755745 74.3273508579
41.0000000000 6491.1563435695 324.9131494592 48.3822399100 31.3960423456
42.0000000000 15022.9590761211 459.6871706268 60.8983088130 45.9768218150
43.0000000000 10429.3732280383 387.8967427360 52.3773917230 39.2760585211
44.0000000000 17840.8282858546 493.8446020230 62.4315954636 52.4243952275
45.0000000000 8717.9953529406 423.1333321538 69.8452214450 32.7748992264
46.0000000000 6337.6386858256 335.2483466737 55.9965405034 27.6405145172
47.0000000000 7448.6419374647 333.8526467465 45.1831104614 35.0086540722
48.0000000000 6978.5255747997 324.2278337379 44.6927559757 33.3335430702
49.0000000000 15318.9880854208 506.1053652602 84.2620464179 33.7067571155
50.0000000000 14197.0725755397 451.0003612508 61.5974399495 43.4030061008
51.0000000000 20115.8399792216 548.3724297507 78.5102410605 52.0243456290
52.0000000000 14742.4236175605 476.1073743656 66.1474921205 47.4209840975
53.0000000000 5594.6422505992 312.5717652911 48.4528458404 29.3617726903
54.0000000000 36842.6261819998 716.6646343486 91.8575274476 74.7666169967
55.0000000000 4137.7422700584 316.4197956121 61.4740954285 17.0614970553
56.0000000000 18172.1476249566 493.3655372502 60.3322277606 53.3349641940
57.0000000000 3303.0787963417 233.3497775393 32.0659825586 26.1613601122
58.0000000000 -39944.4036184185 1881.7876437618 377.7958924790 42.2160823867
59.0000000000 2705.3397390453 228.2843124277 36.8002346559 19.3331556632
60.0000000000 -23501.2342673599 2436.8821512489 383.0906177716 73.7108703388
61.0000000000 -15194.7812111331 2403.9384977469 400.5663111885 36.6346425671
62.0000000000 -11520.5029345724 1981.6729841885 360.0135134880 32.4971926039
63.0000000000 -29025.5428380355 2231.4491789104 356.2910704102 58.8991826021
64.0000000000 20185.4784572810 1895.8241555112 414.7009483572 44.0804117801
65.0000000000 48950.6451284177 3862.3630501145 467.9215010349 34.9674330617
66.0000000000 0.0000000000 2152.6020211303 466.0520086341 0.0000038147
67.0000000000 0.0000000000 3914.0694188458 478.7074508375 38.7185482425
