0.0000000000 866.1832137130 249.7554129745 52.8669413938 6.3707928134
1.0000000000 6140.9873386522 358.8535136551 59.3318228187 27.8258807319
2.0000000000 5267.6112884085 305.5110563342 52.2334514088 20.5384991350
3.0000000000 15491.3949615594 469.1244986365 63.9834799155 45.1200272848
4.0000000000 2819.9505591000 234.6933017659 35.5421009539 21.9671145774
5.0000000000 1681.8123691214 193.4588699821 29.9967467656 13.3765963348
6.0000000000 6271.3201228012 305.7244876720 40.7453818773 32.7281004189
7.0000000000 13777.3447666868 459.1509591748 69.9208727729 37.7499194663
8.0000000000 4291.4504209836 257.5632668634 33.7729926981 27.3862302747
9.0000000000 5163.9310884632 309.8953867242 49.4665196629 22.9700853245
10.0000000000 7619.4158121393 353.5275729491 53.4291445367 31.7780005411
11.0000000000 7822.8427304569 339.5540682866 48.8620483102 31.2665440503
12.0000000000 10972.0576362771 392.1801741340 50.2677226248 42.1131548874
13.0000000000 4576.4472574944 271.8309930650 36.9092615791 31.0552719242
14.0000000000 6788.4734723570 323.4230860771 50.3516781100 25.2666028584
15.0000000000 15490.3716455667 459.8399360084 54.1121406976 52.9778536839
16.0000000000 3389.0098984844 328.0331835519 65.7479728359 13.1667597609
17.0000000000 13469.4127828154 443.7971437148 59.5739897555 45.8868848872
18.0000000000 5388.5383970549 310.2597728333 50.6863874961 23.7202079976
19.0000000000 13903.8209537355 464.4429907900 70.9630532779 37.9196254883
20.0000000000 23233.3096942584 561.6037801902 73.2777647991 56.3701283971
21.0000000000 4488.4237183188 272.0444057868 39.0415457469 28.9697901015
22.0000000000 14211.0581817043 466.0805311026 67.1048862134 45.3149929333
23.0000000000 7818.5920177325 337.2172235998 47.4299038307 32.4373282875
24.0000000000 17514.7167521601 511.8384390553 71.7610515806 44.9114492131
25.0000000000 12349.9580002627 432.4664070371 61.6461968286 42.9443838678
26.0000000000 5162.8965988294 304.4599214500 51.1070319293 21.9191585876
27.0000000000 5607.2572490409 299.7982507296 45.2383022821 27.3718699700
28.0000000000 21775.3557765872 543.3400844687 65.3248126278 60.9661465872
29.0000000000 13033.6259907511 444.7156244510 65.4563828536 39.2185067831
30.0000000000 23633.3151322027 589.5760890564 71.4656913994 69.8972371031
31.0000000000 4060.1749175307 264.7945610861 41.5373358426 24.6773116886
32.0000000000 14293.6911621571 464.8676089345 61.8648235131 48.9909232810
33.0000000000 10669.9333456386 385.1699493838 52.1552936904 37.4642393814
34.0000000000 7067.1021211055 359.3925249104 58.6569154554 26.5190953149
35.0000000000 6313.4582450462 329.5579365840 53.5716912972 27.1138432920
36.0000000000 12464.0250740116 448.0922227186 68.1542027420 40.1163017823
37.0000000000 15999.9027958629 499.9392322564 76.4236784303 41.2207471297
38.0000000000 16986.6385220428 488.2452604814 65.2695748268 49.2285574117
39.0000000000 7685.5848603152 357.1270523744 45.6963933487 43.4840548826
40.0000000000 32892.7994761006 679.9327316111 83.9089662753 75.3702808773
41.0000000000 6455.9180858810 328.4827679612 52.6230065926 27.5848261716
42.0000000000 14772.5020932365 455.2317905657 59.8333820521 46.1271629266
43.0000000000 10636.8149591201 392.4600436673 53.4253887173 39.5230505322
44.0000000000 18067.7122737068 497.5915697176 62.3175364765 53.1524744969
45.0000000000 8101.8982312368 413.5107753487 69.9650712631 30.1564793668
46.0000000000 7257.5970562018 355.4938918655 59.1648285588 26.6024705309
47.0000000000 7308.0651540695 333.0573623716 45.6958000449 33.9243604840
48.0000000000 7053.9837565928 326.6781612676 45.8766445852 32.8220017116
49.0000000000 14222.0241170205 488.7702704962 80.4994649487 33.2285342483
50.0000000000 14638.6768088526 455.4655555202 61.8150242572 44.5831922591
51.0000000000 20205.0120273688 549.6706443057 78.6517914390 52.3885537329
52.0000000000 14386.6023605766 469.2774006679 64.8543584701 47.1887829401
53.0000000000 5885.0190783349 318.6801033167 48.7576075512 30.5278364325
54.0000000000 36359.6948868670 711.8359281456 92.0284307846 73.6152559990
55.0000000000 4377.0257588516 318.3747456154 59.6909223525 18.6165231759
56.0000000000 18685.2139916213 501.2503205458 61.4784728928 53.9218468536
57.0000000000 3404.4088564083 237.7169300041 33.9717619050 25.3362558014
58.0000000000 -38420.2337761135 1878.4226681026 377.6654288207 41.2847748686
59.0000000000 2916.1008583879 227.0426260408 34.2136569249 21.7596303867
60.0000000000 -24838.1895270753 2436.9718506464 382.9941377100 73.2651318075
61.0000000000 -17232.7851801106 2397.5284111628 400.7672623952 35.2009191723
62.0000000000 -12356.4156543886 1984.3579542065 360.0022684003 33.0121375061
63.0000000000 -28884.4966031203 2232.0156524837 356.7754268956 59.5487007187
64.0000000000 18826.2266579955 1891.0436599462 414.1518867158 43.0779267539
65.0000000000 51124.7122100636 3872.2273246086 468.2293920267 36.4794273926
66.0000000000 0.0000000000 2152.2973305790 465.9860411947 0.0000038147
67.0000000000 0.0000000000 3923.3770020098 479.8927903776 37.1694301432
