0.0000000000 853.2102072625 262.6104275263 55.0824052463 6.0777647841
1.0000000000 6063.8119494121 364.2940824287 60.8743545291 26.8800483452
2.0000000000 5454.4450610967 308.3290320547 52.4014013482 21.3680417555
3.0000000000 15695.4900642222 473.0713611930 64.6578678613 45.3046233434
4.0000000000 2826.2102776018 232.5430333132 34.7938102839 22.3612434765
5.0000000000 1950.4698254245 199.2379667949 31.3101043734 13.8416400944
6.0000000000 6277.5969779163 306.3640112776 41.0302863813 32.4838540964
7.0000000000 14057.3318324317 463.1228466251 70.4600577761 38.1327193643
8.0000000000 4191.0648106393 253.1208199665 33.9176812852 26.4655762566
9.0000000000 5094.7893945827 306.5768783818 49.3339463222 22.6497142502
10.0000000000 7890.5454124694 359.3253117235 53.7997569459 32.5157451467
11.0000000000 7959.3630237960 341.3368799886 48.4081492239 32.1268928740
12.0000000000 11055.6337354915 393.1136026536 49.9171733051 42.8081140136
13.0000000000 4632.4160172686 274.3094678146 38.0037598593 30.5571558021
14.0000000000 7032.9191138448 326.7551453653 49.8034149019 26.3263816910
15.0000000000 15616.3570473725 462.0339966988 54.5846235739 53.0129688802
16.0000000000 3659.0036221433 337.2057020756 67.3764234631 13.8661226441
17.0000000000 13619.5067910596 446.0624138869 60.2557476570 45.7819687200
18.0000000000 5897.4408110988 315.4125937578 48.8541892575 26.2629878843
19.0000000000 13421.5073998497 457.5678397417 70.6053260628 36.8294851810
20.0000000000 23945.9455286964 572.0425469539 75.4258456240 56.6819865628
21.0000000000 4180.5802646509 263.0591144661 36.9918183248 28.6467626237
22.0000000000 14451.5264069134 470.4731790207 68.0845753222 45.4102279995
23.0000000000 7558.1638605517 334.7111549847 47.6504546837 30.7689665897
24.0000000000 17358.3206794817 509.8056552579 71.5116089125 44.4810608700
25.0000000000 12395.3090706005 433.3731788885 61.7859768006 43.0232127068
26.0000000000 5032.8627166668 303.3658799377 51.4802338593 21.3386041275
27.0000000000 6173.2728123487 315.5006484249 47.4601685167 27.9831760432
28.0000000000 21600.1230035075 541.6186076414 65.0146242066 60.7667410537
29.0000000000 12672.9718648621 439.6421086601 65.4721233037 37.9919595937
30.0000000000 22679.8904808865 579.3392053500 70.0816973247 69.6187280371
31.0000000000 4205.9082191159 267.1132837788 40.6157882002 26.1740512049
32.0000000000 15020.3004567570 476.4536785701 62.1544214384 51.3910427745
33.0000000000 10728.1466158666 390.6798060873 53.3088043510 36.9996471499
34.0000000000 6317.3124778704 347.0575585413 57.9006292662 24.1810092899
35.0000000000 6199.0480235087 324.6478547467 52.1958619313 27.2315444232
36.0000000000 13154.9322474883 457.9039092026 68.9370968815 41.8453869059
37.0000000000 15736.9030017561 501.4572883176 78.0236675547 39.6546915364
38.0000000000 17756.1747863488 499.0691595120 66.9656298704 49.8960032017
39.0000000000 8104.3710683406 366.7702885877 47.1649183692 44.4516573902
40.0000000000 33712.9831126421 685.6813137356 84.0280758736 76.7380000479
41.0000000000 6413.0888909139 326.1456341737 51.4419595757 27.5142115845
42.0000000000 15683.1788276924 468.5155653358 61.6363115588 47.4946868785
43.0000000000 10002.8623237912 381.6226445292 53.3886042807 36.8193064060
44.0000000000 18652.1360920762 505.8794222755 64.3580456506 53.2816324641
45.0000000000 8322.0620008312 422.7110642808 71.9289860303 30.1425473745
46.0000000000 7047.9552698173 353.0622281053 59.3060404271 27.0117993332
47.0000000000 7331.0872751785 330.8954690010 44.6022325581 34.8507279245
48.0000000000 7200.7498594269 328.6854299689 45.4619002297 33.6794679608
49.0000000000 16450.7521468105 515.1986336631 84.7592712622 36.1833882340
50.0000000000 14756.2606466401 458.6460392868 62.6111533249 44.2210191648
51.0000000000 20718.1074721434 558.1161105295 80.6347759966 53.1343838942
52.0000000000 14597.4961860375 472.5467202444 65.5144534542 47.4559630672
53.0000000000 5934.3152166403 320.9976306642 49.4372138181 30.4727828328
54.0000000000 38122.2429748435 727.6800680563 93.2290124734 75.9465168902
55.0000000000 4191.4877464859 318.2373918327 61.8867671667 17.0208475363
56.0000000000 19539.3087829738 512.0388551900 61.7204976619 56.0773191193
57.0000000000 3244.9403006215 231.0458301722 32.6296985338 25.0555320259
58.0000000000 -38327.5518336095 1904.9782726288 378.7907886634 40.9197153883
59.0000000000 3093.8331607751 233.2087563024 35.0660222880 22.9489975545
60.0000000000 -23387.3388267629 2432.2617184354 383.8193256227 74.2047470554
61.0000000000 -15651.4931678247 2398.4749130997 401.7151236098 35.0173308101
62.0000000000 -13278.6065287402 1983.9764748284 360.0022128534 34.3460394907
63.0000000000 -30812.1457595057 2221.5354641036 356.9270483717 59.6385948519
64.0000000000 18867.4033494444 1885.2324776908 416.9400557511 37.9363797304
65.0000000000 45009.6061644717 3848.6260704950 467.0363173134 34.4146189310
66.0000000000 0.0000000000 2154.2087103456 466.3998670532 0.0000057140
67.0000000000 0.0000000000 3908.1826005842 477.7521267049 43.9656200987
