0.0000000000 1032.9140118087 273.5992428173 57.9607628850 6.9433040895
1.0000000000 6275.3043590744 369.2321445664 61.5474253365 27.5361684066
2.0000000000 5449.5500829914 312.2724927544 54.5792391204 20.9642989685
3.0000000000 16017.4090070068 477.4687638344 65.4114527392 45.5796698610
4.0000000000 2682.5908186343 227.8419434537 34.4291674954 21.4544291776
5.0000000000 1777.9446621074 195.5633807217 30.9845482799 13.4216737967
6.0000000000 6374.5325062217 310.5150121701 42.4401820070 31.9758593870
7.0000000000 14353.6131993031 469.5775161069 71.6648698605 38.1236692081
8.0000000000 4318.0731431836 257.2199265185 34.5243275876 26.8104323092
9.0000000000 4739.7860265202 303.7307915247 50.0048744681 20.9380088278
10.0000000000 7887.4898874041 357.2169596308 52.8345501321 33.1032810757
11.0000000000 8169.5325294757 345.0186394482 48.8099544799 32.6929191681
12.0000000000 11011.4518625394 393.7845069998 50.9354881056 41.8019108059
13.0000000000 4571.6134830915 273.3775077644 38.4639289537 29.7839227499
14.0000000000 7029.9098395444 326.5585226046 50.0404869495 26.1841358189
15.0000000000 15657.7063991715 463.2351989636 54.8900277948 52.7024574797
16.0000000000 3465.0171278949 332.7510246307 67.0991882600 13.2190860289
17.0000000000 13719.7599323294 448.0062193777 60.9090797030 45.5782244698
18.0000000000 5436.5277537663 304.8636507191 47.4980387561 24.6615440736
19.0000000000 13472.3431685093 459.2596257012 70.8813385797 36.8328718425
20.0000000000 24877.2482071712 582.3225318255 76.2740429449 57.9157229150
21.0000000000 4364.3573691738 267.8428290056 37.6481649239 29.2708886837
22.0000000000 14893.8795959761 477.7439163204 69.2640125590 45.8803289955
23.0000000000 7015.8082892051 324.9752267696 47.7658471837 28.4406070143
24.0000000000 17583.7404302898 511.5602982428 71.6815131794 45.0183527176
25.0000000000 12646.8810495567 436.7512573497 61.5061212395 44.0886296929
26.0000000000 4676.8704456070 295.3576748232 51.1067272818 20.1074605856
27.0000000000 6042.6392792097 314.3671813490 47.7395971290 27.0727200479
28.0000000000 22072.4749272192 547.1637923473 66.0504623335 61.2213786786
29.0000000000 13348.0193578382 451.7922050984 67.0532415530 39.0491504546
30.0000000000 23981.7976440070 594.5370250261 71.6402661338 71.2394978743
31.0000000000 4291.5108183064 269.5697220478 41.1143980345 26.2707752735
32.0000000000 15099.8007153459 476.1995826420 61.7534265032 51.9296946031
33.0000000000 9972.7605993621 379.7792528001 53.4951434268 34.1568892817
34.0000000000 5933.4614304385 342.0165986157 58.3481078510 22.4603973404
35.0000000000 6187.0707926464 329.2711428170 54.1007098789 26.7713027646
36.0000000000 13073.8444418080 457.6315952841 69.1719676665 41.5885429138
37.0000000000 16051.7218954099 506.9229985181 78.6339126724 40.0969939969
38.0000000000 17961.2136065730 501.7587586035 67.0630869553 50.3074644026
39.0000000000 8489.8282771803 375.0147315345 47.6891660643 46.0077611115
40.0000000000 33127.0743069168 682.2849102458 84.3771948441 75.7873738984
41.0000000000 5823.8085361415 316.1624181402 51.0908158192 25.3432007015
42.0000000000 15918.5464698095 471.3069643145 61.4458257608 48.5092984811
43.0000000000 10318.7850018008 387.7716106435 54.2021077022 37.5724849248
44.0000000000 19361.0071597224 514.6765058680 65.3326883985 54.2955849601
45.0000000000 8202.3743986411 420.0964809532 71.9730597297 29.6119081584
46.0000000000 6299.7306929569 337.4847405889 57.7715846488 25.4256761417
47.0000000000 7261.5100731451 330.5439190866 45.1308459104 34.1138759371
48.0000000000 7387.3718545093 333.3678183423 46.3872308204 33.7904621223
49.0000000000 16458.3475346231 514.2081644075 84.3015588363 37.1136625521
50.0000000000 15401.1761941142 469.7158296187 63.8330936160 45.2144432188
51.0000000000 20600.8983254819 555.2900168511 80.2246015819 52.5223976408
52.0000000000 14217.6545147495 467.3117405769 65.6249265172 46.1013499644
53.0000000000 6201.8868522685 326.3787711861 49.8075964930 31.4881735920
54.0000000000 39230.3449763245 739.6754638697 95.6960783227 76.1247965509
55.0000000000 3846.4630637718 319.5510568293 63.5946910233 15.4763148099
56.0000000000 19936.9015317717 517.2330117035 62.0874733068 56.9547398056
57.0000000000 3318.2895761059 233.6044996168 33.2386171403 25.0953660009
58.0000000000 -39967.8470518196 1911.1258433236 379.0684626253 42.8159154263
59.0000000000 3772.6720014990 255.0298479778 36.8490199089 26.7984229689
60.0000000000 -23664.3368205522 2441.5220532723 384.1500719367 76.0101133129
61.0000000000 -14093.6618647680 2409.4406317592 401.6979886080 36.3928423049
62.0000000000 -10743.5682816347 1998.2622085290 360.6514094344 33.7860170782
63.0000000000 -33380.9031516161 2228.5589174582 357.4590848168 59.7088106467
64.0000000000 21479.7852974298 1887.6219511018 416.7321095233 39.4042540903
65.0000000000 44845.7854799661 3857.3864686835 467.8575221377 33.4518633363
66.0000000000 0.0000000000 2157.6494523368 467.1448095463 0.0000000000
67.0000000000 0.0000000000 3915.8335819964 478.6753932377 44.3075454797
