0.0000000000 1204.3657849592 238.2640089046 48.9663164013 9.5022234259
1.0000000000 3957.7388183276 294.1793333806 48.6666850097 22.4024804594
2.0000000000 5835.7780492893 306.4027565187 48.3567898045 24.0754093628
3.0000000000 12191.2263168104 416.1054450365 55.6067085377 40.6811107570
4.0000000000 2327.3184732133 211.4755308471 31.6348458837 20.3283110122
5.0000000000 2221.4292986900 192.9371629296 27.2560853958 17.9287849313
6.0000000000 6288.0897683400 320.5520621995 47.2166672747 28.3263867004
7.0000000000 11437.0662168147 416.6871657216 63.4096643571 34.1226949726
8.0000000000 4081.6155784999 250.1903440674 33.2712156457 26.2858224546
9.0000000000 5037.1999157245 297.4329992690 45.1980283255 24.4311745775
10.0000000000 4666.5446874804 287.4285950446 42.4567623850 25.5584558531
11.0000000000 6391.1351831157 305.8875807735 42.2920237852 30.0574109673
12.0000000000 8773.1948998190 351.9911826608 45.0794084179 37.7842267086
13.0000000000 4381.5723783080 267.3939201949 36.5409280408 30.0724009018
14.0000000000 6513.9800835476 313.0485154997 45.8345713778 26.9988928954
15.0000000000 8219.5997552686 345.4585237808 47.6082551106 33.1388337566
16.0000000000 2887.5956709037 250.7038968864 45.1359934597 16.5525335485
17.0000000000 11251.1898177268 409.9210037148 56.4445399032 41.6056974678
18.0000000000 5507.7213236033 291.9161855474 39.0274228529 30.2273981682
19.0000000000 6240.9256493960 315.3078993465 48.6999770418 24.7728490602
20.0000000000 15870.4342600751 469.2690244376 62.3939535531 47.2999633635
21.0000000000 3904.6657559161 251.7242107684 32.5793836901 30.3555635766
22.0000000000 13064.8384745734 456.9985861177 69.8249203921 40.3934031666
23.0000000000 6141.2245180914 296.4433587069 39.6647745540 29.9082450776
24.0000000000 12122.8089540607 426.1623101921 58.9656511532 37.9844548906
25.0000000000 7722.2604962885 343.6052498393 48.7304707425 34.1825021510
26.0000000000 4582.2326715000 279.8295745918 44.7625743914 22.9290313004
27.0000000000 7900.6461252864 345.0317046386 44.1301412544 38.4810287712
28.0000000000 11948.8345721574 407.9905580594 50.7166053091 44.6274283250
29.0000000000 9000.8025759478 377.0888833714 57.0741652532 30.4893086135
30.0000000000 15482.9095982778 495.8474341784 67.9554286280 53.6042832288
31.0000000000 3228.0091962706 235.2425503959 35.5596750709 23.3005204748
32.0000000000 11403.9869616579 413.5367887301 52.2560316444 46.5011157244
33.0000000000 7864.2120743171 326.9415646783 39.6580534458 36.3853044619
34.0000000000 6642.1377830694 338.1702763927 49.8436102350 31.1489840400
35.0000000000 4743.9896128094 292.1417929810 46.6297539514 24.4140906676
36.0000000000 7440.7591390040 353.6512238714 55.4064469001 30.9683523384
37.0000000000 10038.1037288734 413.6991952336 67.4041623023 28.9278792851
38.0000000000 11998.5383985342 412.2840257580 54.9176336764 42.5401582957
39.0000000000 5781.3044221874 320.5632235767 43.1995113174 36.8214238876
40.0000000000 23897.3040710262 586.5362026700 73.1368363820 65.5821408982
41.0000000000 5090.6777411074 285.4471984676 41.5257898077 28.8060820324
42.0000000000 10956.0312085802 393.6189182078 51.9065358015 40.1373342783
43.0000000000 7294.3018404084 324.4605894943 43.4808243809 33.2496826882
44.0000000000 12755.8541472293 421.2796105930 54.0344430786 44.5349205697
45.0000000000 5566.0315026100 318.7649130144 52.0561692916 26.9556884515
46.0000000000 7783.1626613952 348.1594337557 50.4090055366 34.4941406328
47.0000000000 4832.9386691407 269.6587868561 34.3086796737 30.5979587050
48.0000000000 5244.5352452456 281.8248458464 38.9544828061 28.6016461612
49.0000000000 12818.0505323214 446.3371247886 71.3272608932 33.8892838106
50.0000000000 10452.7033850087 388.2167698189 52.9675666799 38.0604473630
51.0000000000 13686.6928555625 456.5294201630 66.8587846952 42.3489703189
52.0000000000 10086.4170081005 412.6756365586 63.7978025685 34.6689644246
53.0000000000 4418.3240373762 270.6843477153 37.3036835576 30.2237235252
54.0000000000 22919.5861502809 565.8078051554 71.4938607806 60.3537031046
55.0000000000 3784.7691458315 286.9329118376 51.7007344606 19.4171981497
56.0000000000 13047.3713731201 421.7413742004 56.3328910446 41.0059205978
57.0000000000 3240.7639292683 233.3138045486 32.2728712446 26.0090329088
58.0000000000 595.2891079306 2058.2154536330 298.0770429526 35.8572221989
59.0000000000 1893.7546047251 187.0369012511 30.9898435683 15.6330939350
60.0000000000 14481.4387957946 458.2409228794 64.8636954433 43.2760833156
61.0000000000 5692.1718507386 289.7552686410 39.7599559014 27.7678165716
62.0000000000 -11737.4561289774 1943.6733331823 354.3987543605 28.6598704114
63.0000000000 10474.3210447566 384.2979930765 49.2388450866 41.4303223983
64.0000000000 1803.9312614607 200.6858141354 32.9730996074 21.0590095820
65.0000000000 25895.2512648650 2108.8889028390 348.8195945915 42.1893994853
66.0000000000 4964.4050391086 319.6630738154 56.2178741046 22.4531193033
67.0000000000 8267.9855461184 359.3872608065 52.7978477357 33.7224121074
