0.0000000000 1048.3457967815 249.6737894584 52.1354482846 7.7969398079
1.0000000000 4124.2730653736 297.4644783339 48.9366658519 22.8883243014
2.0000000000 5818.7576990155 307.1325427689 48.7303545286 23.9209509982
3.0000000000 12454.8212987727 419.6471499771 55.5625661631 41.5269634684
4.0000000000 2290.3210202261 206.2348371068 30.1538592215 20.8733141267
5.0000000000 2839.0796176810 210.6666702646 30.0635527778 20.2546603350
6.0000000000 6232.0334769338 322.2924834646 48.4056311354 27.3572565738
7.0000000000 11349.4822165944 414.7770948322 62.6146495016 34.1814264769
8.0000000000 4149.6876697202 253.9813205284 35.8337559749 24.8267681111
9.0000000000 4612.8932469634 280.6515986832 41.3895847168 24.6342911234
10.0000000000 4633.6121688991 284.9502516658 41.5873331956 25.6748550080
11.0000000000 6177.0429829720 298.5974114689 40.0292047089 30.6661684189
12.0000000000 8928.5735688741 354.6390093398 46.3554578593 37.1933276025
13.0000000000 3530.8640273428 240.6926149460 33.2276547648 26.7955879591
14.0000000000 6904.5422302527 319.0110984949 46.3264721033 27.9687769039
15.0000000000 8892.1554682717 357.3701160695 48.1903904266 34.7000871168
16.0000000000 3033.9060904688 262.1110758713 48.0258344580 16.1273593813
17.0000000000 10378.5876382983 395.2977608533 54.9696771245 39.6596821702
18.0000000000 5329.0678999687 293.1412699753 41.1290819406 27.7807399649
19.0000000000 6658.5958004568 324.7471967974 49.9715490476 25.7375585063
20.0000000000 16574.0931425084 477.9857526282 63.1061298067 48.3920788130
21.0000000000 3942.2522571466 252.7441679132 34.1048731617 28.9808652363
22.0000000000 13190.1951063715 458.3298778270 69.4735774993 40.8574665151
23.0000000000 6973.2986415327 313.4840776464 39.9333460232 33.8105551488
24.0000000000 12348.1239453376 428.2403861783 58.7593887912 39.1219650594
25.0000000000 8054.6616983139 350.7568872563 49.5886131869 35.0409959362
26.0000000000 4630.5735434985 281.9706488294 45.3985682746 22.6483105985
27.0000000000 7513.2864883071 335.9240758698 43.3990163202 37.3515956376
28.0000000000 11855.0476411694 406.2471824767 49.7718146085 44.9694550390
29.0000000000 9124.5725817529 378.1052184386 56.8682135881 30.9505403956
30.0000000000 15652.2194122868 499.8887913630 68.3373271750 54.4111368677
31.0000000000 3382.3019699436 240.8225968211 36.4756913526 23.8868216660
32.0000000000 11289.2739423467 413.3009404760 53.7031271116 44.8308768490
33.0000000000 8111.3877436563 332.4055107349 40.6707531903 36.7042641347
34.0000000000 7082.0933444342 349.2377198796 51.1157683270 31.9843740140
35.0000000000 4565.3858997778 286.8929730971 45.7240459291 23.4845792336
36.0000000000 7436.5364562444 355.6172193256 55.3795279628 31.4231083980
37.0000000000 10053.3591499027 412.5454068037 67.1308079313 29.1712569709
38.0000000000 12191.0523869047 416.7998460484 54.8133467185 43.6486752863
39.0000000000 5886.2600988904 321.7117730867 42.8715905771 37.4007170994
40.0000000000 24109.1671153674 589.8909785546 74.2950076910 65.2933801744
41.0000000000 5973.1618382180 303.7338602758 43.7715468595 29.8444570906
42.0000000000 11386.4763050249 401.8647722097 53.3508512820 40.7501106647
43.0000000000 6562.3000208660 311.2561602055 44.2837811527 29.3160324165
44.0000000000 12892.8073947339 422.9021773940 53.7846560667 45.1824740793
45.0000000000 5547.7150110867 319.9808196779 52.8226700481 26.4208037299
46.0000000000 7563.2898973662 340.8241576577 48.7904044622 34.0206665562
47.0000000000 4866.6061303207 270.5977012738 34.8824411441 30.2714578810
48.0000000000 5576.5926185532 289.3299288995 39.5145057396 30.0301695429
49.0000000000 13416.9120245897 450.4175412894 69.8363777881 35.7535088326
50.0000000000 10426.2416218184 391.5933516504 54.2779632979 37.4612266305
51.0000000000 13843.3990581589 457.7830623969 66.5147411360 43.2896963351
52.0000000000 10566.1178596923 417.6937526332 63.7564876252 36.2657131024
53.0000000000 4208.8312176496 264.3822076991 37.0476503378 28.9482512744
54.0000000000 23633.7344397536 572.6530135593 71.3495867472 61.8544834109
55.0000000000 4095.3496668966 299.3100593022 54.3020857127 19.6648600152
56.0000000000 13157.8014088069 423.6820288074 56.0693112507 41.6701600755
57.0000000000 3385.0051655212 238.3249829884 32.7452691587 26.9638352050
58.0000000000 -589.8260941767 2064.8580200524 298.1172491851 37.6296033188
59.0000000000 1897.5565901168 185.0943005743 29.6690636996 16.2691202587
60.0000000000 14327.2365822586 456.4088111586 64.9878842751 42.8244559571
61.0000000000 5874.5573084506 295.7917231570 40.4669426139 28.2391141909
62.0000000000 -10470.2625289503 1947.5202048826 355.0499263091 28.5657736401
63.0000000000 10654.6501972985 387.8555281489 49.7804438735 41.8968403776
64.0000000000 2200.5400378323 217.7789469034 34.0808126174 24.8535465394
65.0000000000 26070.5184346394 2110.3201434276 349.3376159364 43.3729525185
66.0000000000 4710.1661194660 313.9691830534 55.9055095725 21.4388102584
67.0000000000 7478.8241536251 348.6489559055 53.8294439970 30.4768063227
