0.0000000000 1168.2488643056 253.6926923821 52.8937840690 8.5510077021
1.0000000000 4310.5204828056 308.1683602538 51.2306440500 22.8548943839
2.0000000000 6372.1692951037 317.4130384749 49.6366071843 25.6283336175
3.0000000000 12240.9793290323 417.1382046026 56.3907516770 40.0065907254
4.0000000000 2184.0714876512 197.2917482505 27.4722530403 21.6315793461
5.0000000000 2463.4269812457 201.7969536994 29.4386305255 18.2488866509
6.0000000000 6559.2867648597 322.9563628279 47.3508088717 29.4483519282
7.0000000000 12064.6872055494 427.8816244624 64.3575831810 35.5673754689
8.0000000000 4487.1625954910 264.6058092570 36.6209080084 26.2951046283
9.0000000000 4433.4751589270 281.4374525157 43.1252716539 22.6375351547
10.0000000000 4990.8624914872 296.2459262186 44.2988650544 25.5680822159
11.0000000000 6097.9448713468 300.2080153993 42.0228869588 29.1776191174
12.0000000000 8451.6748266754 345.4398924992 45.2690047083 36.1197429227
13.0000000000 4102.9147901024 258.6409483590 35.1841302793 29.3993233243
14.0000000000 6916.8624453267 318.8440720857 45.9454691340 28.5804216334
15.0000000000 9314.6385552799 365.6074611993 49.3864673758 35.7923734835
16.0000000000 3234.0231700329 267.1127976032 48.6403127185 16.9772490614
17.0000000000 10906.2333387452 406.9550610094 57.4260066305 39.8585084393
18.0000000000 4989.5493565980 283.2985005699 40.1156347873 26.6797159408
19.0000000000 7060.3571324626 337.3657316736 52.8172007920 25.8305546214
20.0000000000 16423.8609332489 475.6999706588 62.5366386952 48.4453619441
21.0000000000 3948.7532827373 253.7696216618 34.3167907703 29.1170670565
22.0000000000 13678.1202997697 464.9610868356 69.7524430429 42.1785416185
23.0000000000 6731.1971916662 310.4931879651 41.0530145665 31.9253875156
24.0000000000 12735.3849527073 436.4971298990 60.0775743056 39.6727976593
25.0000000000 8551.6331748946 361.3130518746 51.2978872661 36.1449955600
26.0000000000 4640.9846168294 281.7375989644 45.3808668627 22.9399925094
27.0000000000 7436.5274864047 335.9218530442 46.5227848918 34.4837672601
28.0000000000 13108.0057151947 428.1786398850 53.1332752449 46.5176839800
29.0000000000 9077.6521474608 375.0712765248 56.2192064625 31.2245666182
30.0000000000 16212.9783927568 505.6746304605 68.7123777928 54.9783284539
31.0000000000 3389.9357750575 243.7109544053 37.8061830697 23.3228866759
32.0000000000 11567.0793160921 417.2680079910 53.6888735187 45.9049959765
33.0000000000 7766.4797076255 324.2876666398 39.1791348994 36.2889551463
34.0000000000 5930.9950891493 318.7032498005 46.7237252744 28.9770913094
35.0000000000 4367.9283964222 281.6120369844 45.9379661610 22.2563101765
36.0000000000 7649.4205156318 360.8907010512 56.1952728999 31.9168682105
37.0000000000 10656.5355794938 422.6937375728 68.1269861825 30.2640776752
38.0000000000 12207.7019272763 417.7519265849 55.2889240700 43.7927322727
39.0000000000 5971.2401209064 324.2817753521 43.3071725822 37.6809938824
40.0000000000 24233.0683118530 591.2158086350 74.3884384571 65.5250903952
41.0000000000 4710.9908265367 273.2272499189 40.8177705408 25.6742617181
42.0000000000 11862.5732680655 409.7294252484 53.9350563397 41.5953922551
43.0000000000 6876.9388279091 316.6593583928 44.4935990155 30.1899689570
44.0000000000 12933.5128662934 423.0502225538 54.0251942067 44.8881482130
45.0000000000 5140.1389602725 313.6642950385 53.0871790870 24.3552037486
46.0000000000 7110.4922389255 332.5859070222 48.6365458908 32.2130407849
47.0000000000 4960.3290020713 272.5375286017 35.4991195075 30.0603931069
48.0000000000 5757.0810231229 293.7931046028 40.4571544608 30.3103976995
49.0000000000 12934.0803021728 448.8370007325 71.3160663643 33.6083475742
50.0000000000 10412.0276758950 390.9345555697 54.3867946444 37.3304556318
51.0000000000 13903.1134419095 459.0141528691 66.3098338619 43.9961878105
52.0000000000 10799.1663138694 421.4475794917 64.0037983741 36.9354265733
53.0000000000 4327.1225791669 267.2833422311 37.3239352051 29.3901556360
54.0000000000 23744.0279481166 575.5546895351 72.3480805793 61.4327309921
55.0000000000 4113.5964096359 296.7381637187 53.3317311089 20.2220262375
56.0000000000 13310.2314185737 426.5217783586 56.8816668655 41.4913034375
57.0000000000 3466.6684598722 240.8966090613 32.4361443858 27.8282389201
58.0000000000 264.8696190452 2071.0629784319 298.3716118190 37.7290052961
59.0000000000 2302.4409927335 203.2289269452 32.3027656602 18.1748669542
60.0000000000 15208.5038204461 468.9531582437 66.1852343076 44.6149549123
61.0000000000 5798.7145619867 291.5381907024 40.3005553144 27.7657107894
62.0000000000 -10961.8389068796 1957.6580917206 355.4218839829 29.5663846892
63.0000000000 10708.8955875929 388.8087433843 49.6038200926 42.2700251835
64.0000000000 2265.8948373862 219.9589128964 33.8286906249 25.7821122697
65.0000000000 26045.6916866845 2107.2275132850 349.2902423116 44.6033414763
66.0000000000 3989.0320175723 300.9795781812 56.0901947441 18.2484041343
67.0000000000 6337.4536975128 328.7585922929 53.3874229520 26.6576963574
