0.0000000000 1065.8371036213 238.0694660869 50.0554556694 8.2228467883
1.0000000000 4338.4453417519 309.9678876009 51.7916496106 22.7234849885
2.0000000000 6316.0322862877 324.7170991010 52.3179076347 23.9419120526
3.0000000000 12435.8254411475 419.1446329588 56.6408684022 40.5055544304
4.0000000000 2214.2070167239 198.8274382059 27.9115262293 21.5017790343
5.0000000000 2010.3745194637 184.3151312172 25.8580949268 17.4816098034
6.0000000000 6239.0734971396 317.3954883733 47.1849080981 28.1297973825
7.0000000000 12204.5111113438 426.7932268759 63.7174944425 35.9602427103
8.0000000000 4294.8556368250 259.3285411039 33.7800195111 27.3826381466
9.0000000000 4413.7167808934 276.1330614970 42.2614931588 22.8187301725
10.0000000000 4831.8290814703 294.1145798829 44.8655328813 24.4592409059
11.0000000000 6417.8775913845 308.0615828924 42.4357974086 30.5814148273
12.0000000000 8747.7726436347 351.4774313662 45.8783638915 37.0648097380
13.0000000000 4147.6868279962 262.1765608779 36.8994934886 28.4791984363
14.0000000000 7209.1018693069 328.0480659417 47.9293953451 28.5063352498
15.0000000000 9730.8051210866 372.8839283316 49.6243043878 37.2937084106
16.0000000000 2891.6791020530 258.2754663025 48.2787243150 15.1756408004
17.0000000000 10259.6939362031 391.3313168646 53.9862592352 39.6739151744
18.0000000000 5296.3931059484 296.0624419127 42.6560002070 26.9304249014
19.0000000000 7567.1520056277 350.3443141202 54.1256602103 26.9991021271
20.0000000000 16866.3808701945 480.9586335828 62.9027479326 49.4359263199
21.0000000000 3977.8139107442 255.6656036479 35.5564721965 28.3752122790
22.0000000000 13353.4942368970 458.7921758621 68.7307569170 41.8184074984
23.0000000000 6983.5969724696 314.2161665053 40.4274571265 33.3552830577
24.0000000000 13359.6945689615 442.5798463857 60.1919067145 41.0762398733
25.0000000000 8397.4646267617 358.9685469674 51.2414860958 35.5533058010
26.0000000000 4517.2142021381 279.9481586278 45.9746529463 21.6785554620
27.0000000000 7518.1173617130 336.5986943663 46.2936598514 34.5860675328
28.0000000000 13741.8222635064 436.7286996918 54.2795444779 47.6019846561
29.0000000000 9666.0650767185 387.9739237168 57.7505633312 32.2665184182
30.0000000000 16508.0084109979 508.1693171267 68.9375234440 55.1821726488
31.0000000000 3233.2693978222 239.2567766525 37.4503154618 22.5203471936
32.0000000000 11227.5952145767 410.9094242422 53.1346407087 44.9680183515
33.0000000000 8097.2241353955 332.9188167555 39.1126844965 38.2609434634
34.0000000000 5138.5325425891 301.7500496361 45.2076790009 26.5850020134
35.0000000000 4509.3653947831 286.9676902253 46.6872683004 22.6751215173
36.0000000000 7970.0250254182 366.9708066856 57.0966751231 32.5304807662
37.0000000000 10507.1097368924 421.6569809483 68.7235723064 29.6892033252
38.0000000000 12778.5559490791 425.4566599794 55.6991027420 44.8475568904
39.0000000000 6160.2908625581 328.5036347640 44.4233609486 37.6321379064
40.0000000000 24522.4084877834 593.2856670451 74.5907998536 65.7009530851
41.0000000000 5379.3471450947 289.3289706461 42.5928664818 27.6967175924
42.0000000000 12062.5508033782 412.3770384333 53.8466335176 42.5226715056
43.0000000000 6951.2880604124 319.3350203075 44.8307604636 30.6565873727
44.0000000000 13019.2920143247 423.9971213363 53.9257168744 45.2787470983
45.0000000000 5069.4257848023 311.0071205472 52.4881813311 24.3410620859
46.0000000000 6596.9394023013 323.2413230051 48.9092080356 29.8307218279
47.0000000000 4895.2597646245 271.1683113948 35.0672248971 30.0206250902
48.0000000000 5628.8929051900 293.2618054904 41.3326562634 29.2728505284
49.0000000000 12712.3465023858 443.6802446110 69.7544039137 33.5218326943
50.0000000000 10669.5201053176 393.7054301523 54.0315207516 38.1850574766
51.0000000000 14344.1316026484 465.8274646585 67.3538923147 43.7034062103
52.0000000000 10695.9966339664 419.7525702584 64.0547912842 36.5812600813
53.0000000000 4804.5929776408 282.8256870285 39.5162624413 31.0361656163
54.0000000000 24387.6179623715 583.1502583268 73.0549547424 62.8177137396
55.0000000000 4115.7074005976 301.1796637118 54.2716749523 19.8306444614
56.0000000000 13368.7978161968 427.4852701197 57.2508140186 41.3163071210
57.0000000000 3508.4950301389 242.7340689543 32.9833717173 27.6832860376
58.0000000000 1088.2292390093 2092.2661249960 298.8056485550 39.5870039130
59.0000000000 2012.8892433455 188.8062283371 29.6789794229 17.1539684325
60.0000000000 15263.3957771351 469.8059006717 66.2649508897 44.8175051070
61.0000000000 6137.9912305046 301.9405752727 41.3701249526 28.7604232276
62.0000000000 -10984.9463642698 1962.6467697844 355.7189787811 28.9156554644
63.0000000000 11403.2249053044 401.3487107636 51.0256371882 43.8587438560
64.0000000000 2260.6671326082 222.8783384293 35.9034389655 24.2370840725
65.0000000000 24923.3943263223 2097.2679887178 349.7261037816 43.2794849623
66.0000000000 3625.7105919513 297.1919191873 56.7941658449 17.2557168241
67.0000000000 5519.8219331987 319.4820990443 54.9362899383 24.0849933006
