0.0000000000 1064.0802849579 226.1788993916 46.5791019053 8.8237173354
1.0000000000 4144.6534607442 309.0458712337 52.5355504661 21.4570269937
2.0000000000 6232.6133088736 313.5606932195 48.8166805779 24.9968013661
3.0000000000 13180.4851986791 433.8765210123 58.7281407168 41.1427804146
4.0000000000 1679.5889611437 181.5459006529 26.2917806657 18.5307520921
5.0000000000 2231.5569585409 197.6094959158 28.2520408847 17.9183865296
6.0000000000 6708.6272688189 329.5808428355 49.6962214731 28.6263836426
7.0000000000 12415.0086987083 428.5785375706 63.0205724238 37.2525248404
8.0000000000 4679.9610284015 270.9369357588 35.9034131158 28.0231652220
9.0000000000 4480.4779743629 283.3457832861 43.7645698451 22.5068206368
10.0000000000 4933.4433749210 296.9241521433 45.0125273860 25.1312328074
11.0000000000 6695.9194113864 315.6355392911 45.5660481317 29.7047539612
12.0000000000 8846.5568091553 353.9582080212 46.4950687546 36.9629770547
13.0000000000 4202.7760655726 262.1356227785 35.6263626059 29.7348410210
14.0000000000 7239.6060978250 328.3388067602 48.1397254872 28.5485482231
15.0000000000 9676.2306066565 371.9334861645 50.2359196027 36.7819421750
16.0000000000 2899.4858122979 258.6074227056 48.7029727288 15.0265452680
17.0000000000 10221.4300198712 391.8174286822 54.6007957528 39.0991544154
18.0000000000 5754.6053742971 305.8231040382 43.8510786983 28.2164980847
19.0000000000 7950.6775904227 355.5658438756 54.8890288986 27.9697755829
20.0000000000 16753.9878610705 481.0780804235 63.6585232716 48.2781703152
21.0000000000 4156.5966358604 260.6144847136 36.3943765159 28.7275485412
22.0000000000 13676.6463773175 462.1350372262 68.3714003879 42.8503997147
23.0000000000 6863.7997052885 312.3883506954 40.8695474744 32.5379710705
24.0000000000 13725.9319634488 451.9502005086 62.9309302567 40.2747113487
25.0000000000 8785.9731549404 367.2203625214 52.5082679420 36.4498865916
26.0000000000 4200.8814356467 274.9246823693 46.2037968903 20.4825054283
27.0000000000 7435.8578887856 334.5942810133 44.5096296145 35.6700064979
28.0000000000 14383.5490549472 447.6848307861 55.7267390814 48.9335936430
29.0000000000 9943.0169853578 392.6785379913 58.6519142906 32.8189126370
30.0000000000 16479.0843295614 508.1844379878 68.6602054508 55.1114823240
31.0000000000 3594.2808022712 249.8993617148 38.6814201543 23.7022943997
32.0000000000 11577.5528479845 418.0020197817 54.2274338217 45.4208294808
33.0000000000 8545.2739399597 341.0413244428 40.8114322791 38.4801130025
34.0000000000 5416.3437221136 305.2857922564 44.9155268414 28.7264581106
35.0000000000 4604.0247913437 289.2670873322 47.3499192479 23.2524679883
36.0000000000 8160.6220985607 369.5530194681 57.3650895702 33.0706745645
37.0000000000 10562.2992459825 422.0202082387 68.3671510336 30.0104872489
38.0000000000 12457.4369634777 419.3597690041 55.0596590742 43.9923747376
39.0000000000 6763.5413365780 343.7096650087 46.1645509493 39.7288006943
40.0000000000 24765.6602664164 597.3342535515 75.0274919177 66.6016784875
41.0000000000 5579.5672572537 294.2157177348 41.9657572963 29.7886203089
42.0000000000 12129.2026710484 411.8702142275 53.9333843687 42.4143675557
43.0000000000 7171.5667841329 324.0123437698 45.4846723168 31.3331065870
44.0000000000 13087.6167513749 426.2492349129 54.6595895408 45.1595146112
45.0000000000 5368.9161952145 317.4052681325 52.9111823849 25.6062590409
46.0000000000 6525.6030335847 326.3298445080 50.5361499365 29.6612923007
47.0000000000 5026.0892223361 274.2910550975 35.9827544082 29.9937207258
48.0000000000 5894.1373254506 298.2432537325 41.2143638882 30.5512977244
49.0000000000 12704.1727973942 444.8202300029 70.4692061531 33.2389915860
50.0000000000 11157.9237044398 399.3724390204 54.1336995549 39.4444779494
51.0000000000 14609.0361890099 467.0904818284 66.7939680730 44.6575859066
52.0000000000 10687.8941296421 420.3103411823 64.0542964048 36.4738422480
53.0000000000 4650.5521897743 278.1432204153 39.2440771782 30.1331954439
54.0000000000 24551.6729380981 586.0319990466 73.6427395278 62.5878615761
55.0000000000 4105.6812472250 300.1006665042 54.4447598865 19.7692427288
56.0000000000 13543.4222833391 429.8510157633 56.8446160803 42.2990977037
57.0000000000 3589.2905844599 245.8474661903 33.9432114653 27.5818088477
58.0000000000 1590.7548465061 2107.5690549051 300.0592014499 39.9096739742
59.0000000000 1408.0067462977 179.2258414578 31.8785993789 11.8030315887
60.0000000000 14841.5030792494 463.4648372395 65.7473933535 44.0215111528
61.0000000000 5282.4924999021 301.6320667949 42.3502324207 26.0000377985
62.0000000000 -10978.7828958780 1966.8891405411 357.4235999821 29.2235696502
63.0000000000 10779.8055401571 392.0347455384 50.1306970231 42.7123011419
64.0000000000 1962.3651889253 216.3258778736 37.6645486717 20.0564186777
65.0000000000 23269.9245705535 2075.9881061915 350.2491280779 39.8438663925
66.0000000000 3199.6558661355 285.1586229857 55.4405863772 15.5583561585
67.0000000000 5400.6644823662 324.0403625430 57.3964111229 22.6418636642
