0.0000000000 1235.7944916161 228.6854953193 47.1279795042 10.1076050152
1.0000000000 3962.8527740569 296.7093912327 49.5055883429 22.0749198953
2.0000000000 5676.3264678457 304.5469399070 48.4794461688 23.9090911808
3.0000000000 10974.2992824808 397.3936977355 53.2716707763 38.7259851930
4.0000000000 2109.5958428434 202.0059138442 30.1528959577 19.5606451042
5.0000000000 1666.8887066107 163.6075965563 23.8204352785 15.5287230613
6.0000000000 5903.7237301311 306.0884679891 44.4477914020 28.2187161081
7.0000000000 10276.9470675209 392.4493274611 59.2158647215 32.5536200161
8.0000000000 4731.0492204346 264.6658988066 33.7236647341 29.6922289496
9.0000000000 4821.3334827401 286.5054047574 43.3342682876 25.0440116561
10.0000000000 4550.4470245475 283.8018446912 42.4839298691 24.8959492351
11.0000000000 5955.8808604453 294.1439596714 40.2958512278 29.0639720754
12.0000000000 9619.3806035883 368.7711884090 48.5462428154 38.2549398122
13.0000000000 3146.5155172775 225.8071802837 30.1558246727 26.1776113407
14.0000000000 6914.9637102391 322.7989966034 47.5449482652 27.4241838355
15.0000000000 8233.7013579523 342.2029487546 45.0540545894 35.1443616789
16.0000000000 2660.9007624032 251.7001135818 47.8687747515 14.0567735728
17.0000000000 10225.9424949835 387.9910310194 52.0397661155 40.3907242589
18.0000000000 6542.8444529198 329.5359829862 47.0010118732 30.3139011145
19.0000000000 8156.2872578985 361.0649018388 55.2709558497 28.4950251158
20.0000000000 14713.4199223209 447.8482975975 58.5210487159 45.7781862654
21.0000000000 4271.5464656763 262.7837217863 35.3352671349 30.3513977786
22.0000000000 13412.4442198618 457.2637379747 67.3892176488 42.3373554580
23.0000000000 6478.0766348406 304.1792823508 39.7544522245 31.8255759262
24.0000000000 10917.2776368060 405.9068858671 56.8126982336 35.5638534239
25.0000000000 7489.8690459413 341.6967065040 49.6076271440 33.4045731288
26.0000000000 3807.5819484712 262.0085791605 43.8673481285 19.2161004361
27.0000000000 7094.0160290946 323.0386622156 39.8825607863 37.7373782564
28.0000000000 14235.0817083097 445.4062101214 55.2661583876 48.9487893411
29.0000000000 8656.7244364906 365.5066185365 53.8731665306 31.2375563318
30.0000000000 14847.2100520096 486.3555837118 66.2929656261 53.2352425728
31.0000000000 3354.2416243354 237.9848697231 35.6989123473 23.7350296174
32.0000000000 11042.8610809937 409.2617722958 53.2359913034 44.4211168380
33.0000000000 8229.8586176958 335.4518025915 41.9158095133 36.1478334450
34.0000000000 6600.4424390961 337.8918865908 50.3762192605 30.0911098733
35.0000000000 4365.2537567549 281.9209791975 45.0362913795 23.8475945687
36.0000000000 6612.2893672460 339.9004155721 55.2180758109 28.6338764297
37.0000000000 9524.4626268657 401.1610509261 65.2178411510 28.6272324259
38.0000000000 11624.3616978545 406.3019500854 54.3440168632 41.6543264576
39.0000000000 6115.4465161703 329.9088685416 44.9431764187 37.5080060536
40.0000000000 22486.8798564477 567.6647584832 70.8899036938 63.5409715911
41.0000000000 5392.1844810988 288.2126888981 40.9459649193 28.8347303862
42.0000000000 9994.3467254666 375.8628504255 49.2851607060 38.3300511035
43.0000000000 6018.4718203452 298.1682836386 42.4018444417 28.1200113044
44.0000000000 12080.7404424175 410.1353444212 52.4262565146 43.4687394186
45.0000000000 5299.7498542335 310.3635888700 50.2467447325 26.5686872880
46.0000000000 7220.8237752649 335.0430958276 48.9231135050 32.7273567947
47.0000000000 4534.0530986943 260.5174046986 33.8723545510 28.7484672267
48.0000000000 5098.7474304039 275.9511148105 37.5507120320 28.9988290093
49.0000000000 12937.3999872037 444.8637772616 68.9352213749 35.4105423605
50.0000000000 9510.3124965751 375.9210770362 53.0868524401 34.8002361457
51.0000000000 13337.0110172352 450.8855612894 65.9800115926 42.0322087710
52.0000000000 10038.1796844523 407.9183728579 62.3027973145 35.3563269344
53.0000000000 4159.4125448226 262.6024336008 36.3031982822 29.1889602629
54.0000000000 21520.2367653377 547.5285545828 69.6223341459 58.1029024976
55.0000000000 3186.0901982852 271.5990096555 50.1661866150 16.8089597922
56.0000000000 12421.1075884119 414.4921369220 56.6367257952 38.8282924811
57.0000000000 3122.7700715330 228.7531924467 31.5371551799 25.6829190633
58.0000000000 6929.0138349594 323.7352779880 46.6652914576 29.2127638402
59.0000000000 1936.6174265468 189.3015671168 31.2514145442 16.1426171820
60.0000000000 13663.2071517644 445.7366576115 63.7271412167 41.6157793135
61.0000000000 5332.9834312823 277.8435366455 37.3477135406 27.5674573913
62.0000000000 4322.8481553948 256.1704338406 35.9253306254 25.7721630579
63.0000000000 9849.1723050697 373.7542372843 50.0403921076 38.2745143201
64.0000000000 1807.0747916528 195.4171345731 29.3007978765 23.7385846983
65.0000000000 8866.8417410471 383.1695646946 60.2496935043 29.6052555984
66.0000000000 4940.8826746053 319.7731920818 56.4985002340 22.2161856964
67.0000000000 7638.6613992470 346.3033686671 50.9170585479 32.4434520485
