0.0000000000 1072.4827590000 234.6639030000 1072.4827590000 234.6639030000
1.0000000000 4105.2142000000 297.2270240000 4105.2142000000 297.2270240000
2.0000000000 5948.9734430000 315.4886260000 5948.9734430000 315.4886260000
3.0000000000 10780.6356940000 397.5465540000 10780.6356940000 397.5465540000
4.0000000000 2028.5370850000 200.3585420000 2028.5370850000 200.3585420000
5.0000000000 1552.1925490000 155.3771710000 1552.1925490000 155.3771710000
6.0000000000 5723.6236920000 305.1261410000 5723.6236920000 305.1261410000
7.0000000000 10125.8899980000 390.1086900000 10125.8899980000 390.1086900000
8.0000000000 4278.1027270000 256.4118090000 4278.1027270000 256.4118090000
9.0000000000 4629.2746530000 284.6308000000 4629.2746530000 284.6308000000
10.0000000000 4033.0765860000 274.5877020000 4033.0765860000 274.5877020000
11.0000000000 5988.6661630000 294.1473610000 5988.6661630000 294.1473610000
12.0000000000 9545.1421810000 367.0015520000 9545.1421810000 367.0015520000
13.0000000000 3074.6593630000 223.1692230000 3074.6593630000 223.1692230000
14.0000000000 6750.9290550000 317.8460880000 6750.9290550000 317.8460880000
15.0000000000 7992.4442920000 336.1474770000 7992.4442920000 336.1474770000
16.0000000000 2356.0898310000 240.2420980000 2356.0898310000 240.2420980000
17.0000000000 10675.9120170000 395.0876750000 10675.9120170000 395.0876750000
18.0000000000 5759.6984230000 302.7175060000 5759.6984230000 302.7175060000
19.0000000000 7843.4938750000 354.0647120000 7843.4938750000 354.0647120000
20.0000000000 14748.4804600000 449.4589730000 14748.4804600000 449.4589730000
21.0000000000 3882.2313530000 251.3252060000 3882.2313530000 251.3252060000
22.0000000000 13310.0116280000 453.4223750000 13310.0116280000 453.4223750000
23.0000000000 6488.0270200000 303.9134660000 6488.0270200000 303.9134660000
24.0000000000 10170.1728710000 392.8691610000 10170.1728710000 392.8691610000
25.0000000000 7618.6404730000 342.8877690000 7618.6404730000 342.8877690000
26.0000000000 4086.4168790000 267.7881020000 4086.4168790000 267.7881020000
27.0000000000 7102.6290080000 328.8084040000 7102.6290080000 328.8084040000
28.0000000000 14953.5044440000 456.0673900000 14953.5044440000 456.0673900000
29.0000000000 8304.6252690000 358.7815600000 8304.6252690000 358.7815600000
30.0000000000 14716.7881390000 482.9105670000 14716.7881390000 482.9105670000
31.0000000000 3289.9553710000 237.0329580000 3289.9553710000 237.0329580000
32.0000000000 10850.5029170000 403.1799770000 10850.5029170000 403.1799770000
33.0000000000 7873.6643820000 328.3390540000 7873.6643820000 328.3390540000
34.0000000000 6783.9687270000 338.0550140000 6783.9687270000 338.0550140000
35.0000000000 4198.1286450000 275.6302800000 4198.1286450000 275.6302800000
36.0000000000 7011.1753160000 349.9596260000 7011.1753160000 349.9596260000
37.0000000000 9741.8675520000 409.5403240000 9741.8675520000 409.5403240000
38.0000000000 11058.3946620000 399.5471790000 11058.3946620000 399.5471790000
39.0000000000 6226.7231270000 335.4136850000 6226.7231270000 335.4136850000
40.0000000000 22425.1868580000 568.2146840000 22425.1868580000 568.2146840000
41.0000000000 5061.6803260000 282.3745800000 5061.6803260000 282.3745800000
42.0000000000 9654.3124280000 369.7756230000 9654.3124280000 369.7756230000
43.0000000000 6711.5979930000 313.4552420000 6711.5979930000 313.4552420000
44.0000000000 12334.9317120000 413.1970710000 12334.9317120000 413.1970710000
45.0000000000 5068.4154500000 305.0906300000 5068.4154500000 305.0906300000
46.0000000000 7384.0038650000 336.9673130000 7384.0038650000 336.9673130000
47.0000000000 4564.4500110000 263.2489340000 4564.4500110000 263.2489340000
48.0000000000 5267.4797060000 280.8303680000 5267.4797060000 280.8303680000
49.0000000000 12586.2973670000 436.8779980000 12586.2973670000 436.8779980000
50.0000000000 9897.3124140000 379.4028960000 9897.3124140000 379.4028960000
51.0000000000 13361.1517640000 450.4003210000 13361.1517640000 450.4003210000
52.0000000000 9732.5325250000 406.2310230000 9732.5325250000 406.2310230000
53.0000000000 3994.4820870000 257.1958200000 3994.4820870000 257.1958200000
54.0000000000 21950.1279070000 552.3375620000 21950.1279070000 552.3375620000
55.0000000000 3713.7408710000 285.0614440000 3713.7408710000 285.0614440000
56.0000000000 12024.8582340000 407.5086700000 12024.8582340000 407.5086700000
57.0000000000 2933.8486800000 222.0641250000 2933.8486800000 222.0641250000
58.0000000000 7184.2379550000 325.1446450000 7184.2379550000 325.1446450000
59.0000000000 2027.9346090000 189.6996620000 2027.9346090000 189.6996620000
60.0000000000 13443.0664610000 442.1747770000 13443.0664610000 442.1747770000
61.0000000000 5585.0778340000 283.7693880000 5585.0778340000 283.7693880000
62.0000000000 4459.4513930000 259.4088370000 4459.4513930000 259.4088370000
63.0000000000 9926.1733600000 375.7825250000 9926.1733600000 375.7825250000
64.0000000000 1610.2237090000 188.1723710000 1610.2237090000 188.1723710000
65.0000000000 8538.7960010000 376.2258290000 8538.7960010000 376.2258290000
66.0000000000 4965.8221720000 320.7944660000 4965.8221720000 320.7944660000
67.0000000000 7708.4118130000 348.4334790000 7708.4118130000 348.4334790000
