0.0000000000 1.0000000000 325.5591100000 143.1301910000 475.2329330000
1.0000000000 1.0000000000 -242.9075260000 -163.6372500000 516.2752280000
2.0000000000 1.0000000000 -246.2828930000 -164.8336840000 514.2916680000
3.0000000000 1.0000000000 -244.9015250000 193.6433520000 504.8235550000
4.0000000000 1.0000000000 -265.7189380000 79.1440200000 524.8342560000
5.0000000000 1.0000000000 -274.6094480000 -35.7991070000 525.0041910000
6.0000000000 1.0000000000 -310.7394380000 79.9700930000 499.3667110000
7.0000000000 1.0000000000 438.6933140000 82.8812320000 391.1524050000
8.0000000000 1.0000000000 431.0870170000 56.9886090000 404.0267420000
9.0000000000 1.0000000000 418.4263450000 -65.1835890000 415.9228530000
10.0000000000 1.0000000000 402.4653680000 -105.9507260000 423.2226330000
11.0000000000 1.0000000000 409.7836850000 191.6603080000 384.2720190000
12.0000000000 1.0000000000 383.3068450000 -177.1905740000 417.1338990000
13.0000000000 1.0000000000 404.0347840000 168.7320510000 400.7576760000
14.0000000000 1.0000000000 401.6453740000 49.4254530000 434.2343200000
15.0000000000 1.0000000000 387.0568690000 168.4737130000 417.2827750000
16.0000000000 1.0000000000 381.1259070000 220.5728520000 398.0100330000
17.0000000000 1.0000000000 382.0779810000 125.3181330000 436.6155150000
18.0000000000 1.0000000000 375.8500260000 201.4654810000 412.8798180000
19.0000000000 1.0000000000 338.3076000000 -250.2258410000 418.6362650000
20.0000000000 1.0000000000 361.1879820000 -142.7620020000 448.8692220000
21.0000000000 1.0000000000 337.0038750000 150.0720560000 465.0033250000
22.0000000000 1.0000000000 263.9033040000 -326.6418930000 419.5014260000
23.0000000000 1.0000000000 305.4670970000 291.7576540000 416.9995810000
24.0000000000 1.0000000000 304.1892660000 246.8363450000 445.9394980000
25.0000000000 1.0000000000 258.3801390000 225.6507100000 484.3994090000
26.0000000000 1.0000000000 229.6688520000 339.2557320000 429.5102940000
27.0000000000 1.0000000000 231.8393110000 288.2520380000 464.2010590000
28.0000000000 1.0000000000 216.1647230000 213.3025480000 509.9962370000
29.0000000000 1.0000000000 169.5141450000 240.9637460000 515.2890000000
30.0000000000 1.0000000000 145.9680010000 371.0754610000 439.6790550000
31.0000000000 1.0000000000 142.4170310000 312.5324300000 484.1096940000
32.0000000000 1.0000000000 119.0300250000 227.9906460000 534.9518150000
33.0000000000 1.0000000000 114.0529310000 127.6896940000 568.3384530000
34.0000000000 1.0000000000 93.9304280000 312.3764830000 495.9025440000
35.0000000000 1.0000000000 84.1524960000 237.6608010000 537.3611700000
36.0000000000 1.0000000000 69.2602410000 271.9759480000 523.0233540000
37.0000000000 1.0000000000 44.7000590000 342.1396530000 482.9737970000
38.0000000000 1.0000000000 30.2430080000 370.3961890000 462.8318810000
39.0000000000 1.0000000000 21.9265020000 192.7854820000 560.9583880000
40.0000000000 1.0000000000 -0.0264170000 276.2361360000 525.3712240000
41.0000000000 1.0000000000 -7.6579020000 291.4699110000 517.0183500000
42.0000000000 1.0000000000 -23.5180590000 229.3353730000 546.9675620000
43.0000000000 1.0000000000 -67.9249280000 357.4958110000 468.9395220000
44.0000000000 1.0000000000 -67.4717460000 313.3805400000 499.5613350000
45.0000000000 1.0000000000 -141.2414160000 274.7939470000 506.8140440000
46.0000000000 1.0000000000 -146.3650410000 202.8845710000 538.2717270000
47.0000000000 1.0000000000 -162.0903130000 288.6739400000 492.6615600000
48.0000000000 1.0000000000 -160.4807570000 227.7365940000 524.1214520000
49.0000000000 1.0000000000 -223.8912320000 -274.5040660000 476.2788680000
50.0000000000 1.0000000000 -196.9797860000 233.5042630000 508.9165450000
51.0000000000 1.0000000000 -259.5570130000 -222.1934940000 485.3674220000
52.0000000000 1.0000000000 -222.4839050000 160.3947590000 526.3988590000
53.0000000000 1.0000000000 -233.9273400000 -99.7267290000 536.3337630000
54.0000000000 1.0000000000 -242.0563780000 21.3521820000 541.5478930000
55.0000000000 1.0000000000 354.6059490000 -163.2246000000 447.1394380000
56.0000000000 1.0000000000 360.2832370000 4.0617270000 471.6999230000
57.0000000000 1.0000000000 339.8040250000 -111.4024350000 473.7552620000
58.0000000000 1.0000000000 334.2333290000 208.9304710000 443.7989030000
59.0000000000 1.0000000000 308.4424360000 -202.5341180000 464.9349640000
60.0000000000 1.0000000000 289.9505120000 -250.6631420000 453.2306430000
61.0000000000 1.0000000000 327.2911160000 51.6162290000 492.4810820000
62.0000000000 1.0000000000 249.1775810000 -317.9032290000 434.9360830000
63.0000000000 1.0000000000 287.1315170000 -129.4448090000 503.1111800000
64.0000000000 1.0000000000 289.1082020000 -72.2438140000 513.3406320000
65.0000000000 1.0000000000 286.6259920000 169.8071890000 491.2559260000
66.0000000000 1.0000000000 262.5087650000 250.3736080000 469.8122290000
67.0000000000 1.0000000000 179.4328940000 -386.4459030000 413.2610890000
68.0000000000 1.0000000000 182.5782040000 -359.7132140000 435.4227020000
69.0000000000 1.0000000000 235.7417750000 145.7343820000 524.8891610000
70.0000000000 1.0000000000 147.3227480000 -350.8209190000 455.5677960000
71.0000000000 1.0000000000 170.8870700000 288.9280830000 489.5298750000
72.0000000000 1.0000000000 84.2780430000 -399.3700540000 430.9548670000
73.0000000000 1.0000000000 -15.6697500000 -403.6126100000 434.9398190000
74.0000000000 1.0000000000 -0.7871830000 -363.8787110000 468.9488140000
75.0000000000 1.0000000000 -120.5069480000 -374.5487260000 444.4239570000
76.0000000000 1.0000000000 -137.2966340000 112.0482350000 566.4946190000
77.0000000000 1.0000000000 -163.8042640000 165.6280540000 545.9458190000
78.0000000000 1.0000000000 -204.8416830000 -180.6367080000 527.0024580000
79.0000000000 1.0000000000 -192.9388880000 -100.8919820000 552.1926470000
80.0000000000 1.0000000000 -197.2489200000 17.9521410000 559.5461650000
81.0000000000 1.0000000000 -291.6206480000 -158.4180590000 492.1203540000
82.0000000000 1.0000000000 -317.7966310000 -34.1937070000 500.1573930000
83.0000000000 1.0000000000 388.7684970000 9.4925310000 448.4309020000
84.0000000000 1.0000000000 335.0475300000 -65.1734690000 485.6098210000
85.0000000000 1.0000000000 268.5392280000 -268.0574930000 456.4572160000
86.0000000000 1.0000000000 272.7576170000 -162.9850780000 501.3586270000
87.0000000000 1.0000000000 281.9862990000 33.3667810000 521.2405500000
88.0000000000 1.0000000000 249.2908540000 -172.5261750000 510.3039440000
89.0000000000 1.0000000000 264.1965070000 -38.2872390000 530.1467900000
90.0000000000 1.0000000000 222.1803410000 -269.5115760000 479.9174230000
91.0000000000 1.0000000000 216.0914450000 -234.3296310000 500.7149260000
92.0000000000 1.0000000000 230.0313750000 118.8516880000 534.1171870000
93.0000000000 1.0000000000 151.7554330000 -319.8509700000 476.4314970000
94.0000000000 1.0000000000 180.0203810000 -149.1772750000 545.5823760000
95.0000000000 1.0000000000 192.4939990000 -35.5308160000 560.3614440000
96.0000000000 1.0000000000 184.3138620000 -43.8769250000 562.5162590000
97.0000000000 1.0000000000 167.5033080000 -116.9106800000 557.3112780000
98.0000000000 1.0000000000 170.0400190000 91.5525290000 561.2716390000
99.0000000000 1.0000000000 87.1465070000 -379.1390610000 448.3083590000
100.0000000000 1.0000000000 110.8958130000 -305.1331360000 496.9076520000
101.0000000000 1.0000000000 124.5803730000 -242.1830400000 527.3977930000
102.0000000000 1.0000000000 116.6198050000 -237.1909830000 531.4711510000
103.0000000000 1.0000000000 113.0881040000 -184.9553580000 552.5612390000
104.0000000000 1.0000000000 107.1451990000 -197.6960520000 549.3245890000
105.0000000000 1.0000000000 101.2166850000 -134.2026610000 569.2680870000
106.0000000000 1.0000000000 115.4288730000 124.2057850000 568.8325100000
107.0000000000 1.0000000000 28.8379760000 -327.6286980000 494.1144940000
108.0000000000 1.0000000000 14.3189150000 -360.4452630000 471.3761850000
109.0000000000 1.0000000000 80.7503020000 -18.2702410000 587.7643350000
110.0000000000 1.0000000000 51.5386010000 -100.3782130000 582.7429220000
111.0000000000 1.0000000000 55.4731930000 16.9058090000 590.7268780000
112.0000000000 1.0000000000 0.9938680000 -284.4658450000 520.9601920000
113.0000000000 1.0000000000 -2.2720140000 -206.3851670000 556.5261240000
114.0000000000 1.0000000000 4.2690420000 -110.9888240000 583.0819690000
115.0000000000 1.0000000000 -41.7419260000 -269.8303440000 527.0393950000
116.0000000000 1.0000000000 -22.9867770000 -173.8855220000 567.0597500000
117.0000000000 1.0000000000 -2.7291490000 195.2540330000 560.5263070000
118.0000000000 1.0000000000 -41.0168240000 -247.8588640000 537.7777700000
119.0000000000 1.0000000000 -83.9799070000 -345.3964130000 475.3630390000
120.0000000000 1.0000000000 -31.4716860000 -92.2711840000 585.5056680000
121.0000000000 1.0000000000 -26.0725840000 13.8077580000 592.8329380000
122.0000000000 1.0000000000 -96.3556360000 -297.5799040000 504.4631980000
123.0000000000 1.0000000000 -45.6616940000 -32.4724700000 590.9161320000
124.0000000000 1.0000000000 -75.8154740000 -171.8608340000 563.0605600000
125.0000000000 1.0000000000 -95.9543440000 -198.4095100000 551.1331570000
126.0000000000 1.0000000000 -82.7244500000 -112.6848340000 576.8709730000
127.0000000000 1.0000000000 -73.1705020000 110.1823620000 578.6425930000
128.0000000000 1.0000000000 -126.4127810000 -198.8288640000 544.8010810000
129.0000000000 1.0000000000 -118.8957650000 -69.0075750000 577.4279850000
130.0000000000 1.0000000000 -177.6081220000 -259.4439820000 503.4535740000
131.0000000000 1.0000000000 -172.4646100000 -233.7280760000 517.6373930000
132.0000000000 1.0000000000 -175.0249680000 -165.9685120000 542.3486330000
133.0000000000 1.0000000000 -162.8647880000 -63.0061210000 567.2976430000
