0.0000000000 1143.4691708598 234.6639030000 1241.6509152726 246.1306481484
1.0000000000 4442.2790440765 297.2270240000 4908.3041768654 323.3583800419
2.0000000000 6410.8269179887 315.4886260000 6590.2485847924 323.2075884242
3.0000000000 12845.2342676709 397.5465540000 12508.3614031048 422.8206301581
4.0000000000 2035.1146130793 200.3585420000 2126.6575257237 195.4189123949
5.0000000000 2277.2539727138 155.3771710000 2313.4833952453 198.6739540511
6.0000000000 6341.2663170531 305.1261410000 5499.4705278959 297.2021601363
7.0000000000 12349.7276324002 390.1086900000 12280.6216365090 425.9541955750
8.0000000000 4639.6034921241 256.4118090000 4832.3672454516 273.8964506284
9.0000000000 4701.0006817372 284.6308000000 4954.8650319876 295.5257380334
10.0000000000 5009.1474341875 274.5877020000 5158.7473703258 309.0019975830
11.0000000000 6628.0529741873 294.1473610000 6666.7914731325 312.0671123510
12.0000000000 8672.6123468030 301.2164701159 7688.6860927277 330.5756655354
13.0000000000 4211.3478025145 223.1692230000 4318.0894443437 266.7621887965
14.0000000000 7255.0507851327 317.8460880000 7184.5505549395 327.5143259008
15.0000000000 9691.5658847264 336.1474770000 9783.1144155017 373.7379684592
16.0000000000 2972.3374108131 240.2420980000 2909.2612281456 262.1882883046
17.0000000000 10592.1859752192 395.0876750000 10527.4916245393 399.9911326923
18.0000000000 5658.3542131533 302.7175060000 5667.9000956264 303.6169038067
19.0000000000 7927.8552603347 354.0647120000 8516.2874333861 374.8895546630
20.0000000000 16882.9634144636 449.4589730000 16667.3030773808 479.0096601440
21.0000000000 4154.5658548867 251.3252060000 4211.6207470060 263.4062688900
22.0000000000 13849.2486923585 453.4223750000 13978.8779056544 465.6119697480
23.0000000000 7016.0212735218 303.9134660000 7131.7423071133 319.4665242772
24.0000000000 13417.2539487081 392.8691610000 13205.8009668618 445.5378149872
25.0000000000 8737.4072566811 342.8877690000 8885.0031701576 369.0585724207
26.0000000000 4421.5819670952 267.7881020000 4274.5128789894 277.1937762581
27.0000000000 7698.9897482565 328.8084040000 7904.7920158778 345.7901339471
28.0000000000 14465.9424079351 456.0673900000 15652.0590055392 467.4073654553
29.0000000000 9828.2354162582 358.7815600000 9923.0804808803 387.8587340708
30.0000000000 16637.6148984733 482.9105670000 16677.2991210847 509.9857355116
31.0000000000 3524.0484149161 237.0329580000 3582.3772083019 249.8800541060
32.0000000000 11681.7564824386 403.1799770000 11702.1346562871 420.6378648467
33.0000000000 8500.4413948964 328.3390540000 8729.7145224464 345.1034494727
34.0000000000 5622.5080834609 338.0550140000 5238.6672712785 302.2661789014
35.0000000000 4573.1843536082 275.6302800000 4399.8106962148 278.9214608781
36.0000000000 8098.0666301930 349.9596260000 8158.3817734550 369.6461568003
37.0000000000 10720.3592203916 409.5403240000 10793.1693100651 428.6765778904
38.0000000000 12728.5380418374 399.5471790000 12898.9405587204 428.6069842486
39.0000000000 6579.2698936651 335.4136850000 6777.8760649074 342.7440616587
40.0000000000 24816.7381536337 568.2146840000 24369.6768175734 590.3413964120
41.0000000000 5562.3713352778 282.3745800000 5664.2987958763 297.1825727187
42.0000000000 12234.4860298623 369.7756230000 12530.2816733212 420.8787783178
43.0000000000 7269.5071162112 313.4552420000 7608.5316431744 332.6285278929
44.0000000000 13353.0666930783 413.1970710000 13617.1571144731 433.1645046976
45.0000000000 5492.1832062993 305.0906300000 5839.2331175385 332.5314843362
46.0000000000 6841.0013515134 336.9673130000 6620.3767605472 325.3216921761
47.0000000000 5066.9314497119 263.2489340000 5117.3181397167 277.8539719647
48.0000000000 5886.4503779346 280.8303680000 5988.7947132186 301.6329980585
49.0000000000 13164.4345694250 436.8779980000 13473.6587308896 455.2379197320
50.0000000000 11084.3729565995 379.4028960000 11296.8686692562 402.6416685380
51.0000000000 14675.5134554470 450.4003210000 14889.3172661431 471.0356363036
52.0000000000 11070.6067754820 406.2310230000 11710.8816573228 440.3733544862
53.0000000000 4689.9910515109 257.1958200000 4725.5144969265 281.5477571938
54.0000000000 24611.3507967534 552.3375620000 24450.9787409222 584.8911662523
55.0000000000 4023.1133353118 285.0614440000 3626.4950900056 297.6550689798
56.0000000000 13606.4193907580 407.5086700000 13495.9911458351 429.1398499457
57.0000000000 3570.5138184759 222.0641250000 3565.5512833437 245.5526030551
58.0000000000 1424.0153266008 325.1446450000 1622.8278600529 2113.4869976475
59.0000000000 1774.0724215310 189.6996620000 1747.5006689972 182.2339309268
60.0000000000 15362.6847123082 442.1747770000 15911.2497222043 480.1454299196
61.0000000000 5732.7796608954 283.7693880000 5668.1015707907 290.1771588644
62.0000000000 -10736.4413365411 259.4088370000 -11098.0939364436 1975.9709757148
63.0000000000 11043.7324677901 375.7825250000 10902.5136291883 393.4287441611
64.0000000000 2036.8586086604 188.1723710000 1786.9560823504 223.2727882802
65.0000000000 23728.5525056152 376.2258290000 22046.8224070253 2056.1823396653
66.0000000000 3561.4004343639 320.7944660000 3010.3292442663 284.5397730574
67.0000000000 5669.4927626065 348.4334790000 4513.8466229679 317.8356443407
