0.0000000000 1.0000000000 323.1602908831 148.5576339463 475.2045688282
1.0000000000 1.0000000000 427.0894414524 -412.2086067060 0.0000000000
2.0000000000 1.0000000000 -290.0058762664 -145.0813471333 497.1612624567
3.0000000000 1.0000000000 -268.8543440376 204.3532170286 488.1377170684
4.0000000000 1.0000000000 -295.4466198750 86.4151399634 507.5086647852
5.0000000000 1.0000000000 -303.2818871125 -44.5329770165 508.2895211885
6.0000000000 1.0000000000 -304.6865530907 86.3806650257 502.0217241494
7.0000000000 1.0000000000 448.1058923163 86.9326210614 379.4274042678
8.0000000000 1.0000000000 438.4773962003 57.4824920263 395.9225461809
9.0000000000 1.0000000000 423.3160990615 -73.4151920107 409.5546560595
10.0000000000 1.0000000000 402.7022801934 -126.8710750609 417.2001082004
11.0000000000 1.0000000000 411.7050461345 199.5750640652 378.1402851235
12.0000000000 1.0000000000 383.4105390579 -194.8974270295 409.0631710618
13.0000000000 1.0000000000 408.9551252412 168.7701160995 395.7191932334
14.0000000000 1.0000000000 407.0184113236 55.2351490439 428.4931943407
15.0000000000 1.0000000000 388.0524951845 169.4380200806 415.9655571978
16.0000000000 1.0000000000 375.2477242922 240.1957271870 392.1944473054
17.0000000000 1.0000000000 384.3374528884 130.0567399622 433.2335318742
18.0000000000 1.0000000000 375.6670802511 208.3402941393 409.6216462738
19.0000000000 1.0000000000 341.1397657945 -262.0479668422 408.9937037536
20.0000000000 1.0000000000 364.6602701517 -148.7842540619 444.0804651847
21.0000000000 1.0000000000 333.4487474081 154.6588111893 466.0621325704
22.0000000000 1.0000000000 258.6625941725 -349.3698462329 404.1728582695
23.0000000000 1.0000000000 299.7354219774 306.8148319768 410.2982599690
24.0000000000 1.0000000000 302.3198814095 260.9329323534 439.1332605948
25.0000000000 1.0000000000 256.8907939843 235.0540209857 480.7057869707
26.0000000000 1.0000000000 228.5654420849 355.3307491320 416.9163271549
27.0000000000 1.0000000000 230.7858490441 305.6348340584 453.4827080867
28.0000000000 1.0000000000 214.5593389124 226.7263159074 504.8572017938
29.0000000000 1.0000000000 170.7632351227 257.8878341852 506.6113983639
30.0000000000 1.0000000000 136.1078580937 382.6570982634 432.8620132979
31.0000000000 1.0000000000 126.8234859962 332.3950469901 475.1322579859
32.0000000000 1.0000000000 120.7420561369 239.6542322717 529.4417166003
33.0000000000 1.0000000000 111.7021460431 142.1776740548 565.3578212179
34.0000000000 1.0000000000 86.6465390262 332.6587311008 483.8924181466
35.0000000000 1.0000000000 76.2621969755 256.2784379177 529.9309068298
36.0000000000 1.0000000000 61.0502770361 288.1440701705 515.3321113049
37.0000000000 1.0000000000 35.8228270180 362.6928351826 468.4996892359
38.0000000000 1.0000000000 28.1881369823 380.3966587606 454.7803177138
39.0000000000 1.0000000000 20.8661440149 204.3100791460 556.9051283979
40.0000000000 1.0000000000 -7.8123060063 292.0126222357 516.7097084171
41.0000000000 1.0000000000 -17.8083540121 308.3271522091 506.8910693438
42.0000000000 1.0000000000 -36.0725730257 240.1685031709 541.6079633854
43.0000000000 1.0000000000 -72.7827159992 370.9045049960 457.6612839951
44.0000000000 1.0000000000 -72.6170740525 327.1753272363 489.9024313539
45.0000000000 1.0000000000 -158.5519760759 288.8854071382 493.6879772362
46.0000000000 1.0000000000 -165.1489160870 221.0000781164 525.5531632769
47.0000000000 1.0000000000 -174.6002721108 296.1733131880 483.8568383072
48.0000000000 1.0000000000 -179.7455830930 242.5683511255 511.0513152643
49.0000000000 1.0000000000 -261.6761423236 -281.9289793487 452.0652315591
50.0000000000 1.0000000000 -217.0697261558 244.7587471757 495.2728703555
51.0000000000 1.0000000000 -292.6340690646 -230.6929640509 462.0253071020
52.0000000000 1.0000000000 -242.5545759609 173.7574179720 513.1247059173
53.0000000000 1.0000000000 -276.7794938171 -89.4488839409 517.4102196581
54.0000000000 1.0000000000 -265.1767521354 25.3682580130 530.4329062708
55.0000000000 1.0000000000 358.1130674113 -177.7509352042 438.7265235039
56.0000000000 1.0000000000 354.4321661581 -0.6220130003 476.1289522124
57.0000000000 1.0000000000 343.4443190978 -119.5942000341 469.1103851336
58.0000000000 1.0000000000 334.2780360932 221.2570310617 437.7497541221
59.0000000000 1.0000000000 311.5652432659 -215.6641111840 456.8779013899
60.0000000000 1.0000000000 291.3105372954 -260.1393622638 446.9754014532
61.0000000000 1.0000000000 323.1101864139 46.7999860600 495.7125126350
62.0000000000 1.0000000000 242.5394250054 -337.1807430075 424.0343150094
63.0000000000 1.0000000000 284.8420941750 -142.7842890877 500.7983173077
64.0000000000 1.0000000000 290.9298159771 -67.9348839947 512.8996199596
65.0000000000 1.0000000000 287.7486200067 175.4021920041 488.6267790113
66.0000000000 1.0000000000 266.5721682053 259.9864362002 462.2419913560
67.0000000000 1.0000000000 164.4152608619 -408.0868096572 398.4395866653
68.0000000000 1.0000000000 168.2721600881 -381.3396571996 422.5942172212
69.0000000000 1.0000000000 237.1923600544 151.2558240347 522.6689071199
70.0000000000 1.0000000000 135.6579010026 -374.0357930072 440.4718900085
71.0000000000 1.0000000000 164.3775480104 304.1921320192 482.4608740305
72.0000000000 1.0000000000 64.2218029786 -422.0268248594 412.4199868626
73.0000000000 1.0000000000 -33.0841020201 -424.9140322576 413.1281082505
74.0000000000 1.0000000000 -25.9007240101 -388.2012531519 448.2747661754
75.0000000000 1.0000000000 -154.3681851817 -387.9311694566 421.9018814966
76.0000000000 1.0000000000 -151.8637411144 122.4031040922 560.6034344222
77.0000000000 1.0000000000 -183.0905601763 183.4075321766 534.0045415142
78.0000000000 1.0000000000 -244.2213531709 -174.9168411224 511.9388203582
79.0000000000 1.0000000000 -223.8853919435 -96.0973409757 541.2596038633
80.0000000000 1.0000000000 -217.4101810932 26.5946570114 551.6764122364
81.0000000000 1.0000000000 -323.6338312432 -146.5625491101 475.5017233573
82.0000000000 1.0000000000 -317.9470571477 -47.7993750222 498.9451022318
83.0000000000 1.0000000000 393.1203103571 6.8595770062 444.6691964040
84.0000000000 1.0000000000 334.6787868796 -54.8930749803 487.1326168248
85.0000000000 1.0000000000 265.6951519767 -284.4277329751 448.1386809608
86.0000000000 1.0000000000 271.2889221404 -167.1195540865 500.7940712592
87.0000000000 1.0000000000 288.0525993308 30.6549340352 518.0804005950
88.0000000000 1.0000000000 246.4232792027 -178.0210621464 509.8091754194
89.0000000000 1.0000000000 266.1316031457 -35.5747810195 529.3672932899
90.0000000000 1.0000000000 216.5947443323 -287.1757224406 472.1632637244
91.0000000000 1.0000000000 207.3746608907 -250.7398008678 496.4339117383
92.0000000000 1.0000000000 231.2157020156 125.0433770085 532.1886690360
93.0000000000 1.0000000000 141.8452761405 -341.7651163386 464.1097384598
94.0000000000 1.0000000000 169.5047720717 -151.0185440639 548.4367402320
95.0000000000 1.0000000000 188.0996569563 -31.9154549926 562.0687228694
96.0000000000 1.0000000000 181.6344240505 -38.8225140108 563.7579931569
97.0000000000 1.0000000000 160.3900861925 -117.4757361410 559.2815016714
98.0000000000 1.0000000000 176.5112171011 102.2885220586 557.4066513194
99.0000000000 1.0000000000 69.6899580165 -401.1349280949 431.9206011022
100.0000000000 1.0000000000 96.2196650680 -319.7806192261 490.7172893470
101.0000000000 1.0000000000 105.6359340730 -259.9750091796 523.0443293614
102.0000000000 1.0000000000 95.8907290308 -251.6295410808 528.9696291698
103.0000000000 1.0000000000 97.9543899471 -192.3657138962 552.9210577016
104.0000000000 1.0000000000 86.4723229890 -205.5999589740 550.0659239303
105.0000000000 1.0000000000 94.4654190742 -133.0572111045 570.6955314481
106.0000000000 1.0000000000 115.1087970134 135.9331760158 566.2097340659
107.0000000000 1.0000000000 12.2898810024 -345.8190700666 482.2649230929
108.0000000000 1.0000000000 -4.4889550014 -383.9887751196 452.6077731410
109.0000000000 1.0000000000 73.9457070724 -16.5410990162 588.7102435761
110.0000000000 1.0000000000 38.1241830249 -99.9946510654 583.8398263818
111.0000000000 1.0000000000 46.9302280093 22.0785580044 591.2963871173
112.0000000000 1.0000000000 -23.0706999886 -292.7806598553 515.8183347452
113.0000000000 1.0000000000 -23.8658579905 -211.8499899158 553.9596817798
114.0000000000 1.0000000000 -11.8934080021 -110.6700730199 583.0368841046
115.0000000000 1.0000000000 -69.1614589741 -276.4435108966 520.6889708053
116.0000000000 1.0000000000 -47.0226479862 -177.1947469481 564.5460288346
117.0000000000 1.0000000000 -17.1864609991 205.0147559890 556.7718579702
118.0000000000 1.0000000000 -68.6054549689 -252.4872878856 532.7896277587
119.0000000000 1.0000000000 -109.8603069609 -359.5510998720 459.3201998365
120.0000000000 1.0000000000 -44.4164520256 -91.1996470526 584.8342753375
121.0000000000 1.0000000000 -34.1041909910 21.7691069943 592.1860658442
122.0000000000 1.0000000000 -129.0849660934 -309.1922142238 489.9577253546
123.0000000000 1.0000000000 -64.2393080569 -25.7602720228 589.5176385217
124.0000000000 1.0000000000 -102.0936110712 -172.6118821204 558.6621153898
125.0000000000 1.0000000000 -123.9733990539 -202.3145160880 544.0778982367
126.0000000000 1.0000000000 -106.1974760771 -109.1483350793 573.6985824166
127.0000000000 1.0000000000 -81.6446890215 119.2324910314 575.7074641514
128.0000000000 1.0000000000 -158.0842721447 -201.9415701848 535.3039244899
129.0000000000 1.0000000000 -143.8182419316 -67.5103439679 571.9090777279
130.0000000000 1.0000000000 -209.9689121279 -262.6073721600 489.1541172980
131.0000000000 1.0000000000 -204.9226269775 -235.8451639741 504.6831699445
132.0000000000 1.0000000000 -209.8961750705 -161.6733770543 531.1559481783
133.0000000000 1.0000000000 -187.2879142317 -61.5037100761 559.8766446925
