0.0000000000 1164.2139503045 234.6639030000 1105.4902596089 247.5634022007
1.0000000000 4583.9437312392 297.2270240000 4465.3596931640 314.1980812135
2.0000000000 6527.1676787014 315.4886260000 6535.3143788586 321.8670865251
3.0000000000 12814.5494469692 397.5465540000 12699.1684208194 425.2713523043
4.0000000000 2104.1979995441 200.3585420000 2164.6470456123 199.0444452955
5.0000000000 2278.4861077694 155.3771710000 2201.2132565568 195.9978548304
6.0000000000 5859.2627439699 305.1261410000 5015.8422286926 282.7059977665
7.0000000000 12460.6159986850 390.1086900000 12541.5610196980 430.0756810674
8.0000000000 4774.6847672398 256.4118090000 4871.4221011142 274.6309711625
9.0000000000 4966.0458456550 284.6308000000 5388.1221591084 307.9536811802
10.0000000000 5023.2545745163 274.5877020000 4807.7645376760 303.9180120378
11.0000000000 6714.0655190372 294.1473610000 6753.2197122276 312.7393205970
12.0000000000 8209.9996802810 306.9797021375 7430.9786100391 325.1192611655
13.0000000000 4303.3066808704 223.1692230000 4385.5243299194 268.9754462931
14.0000000000 7258.0170981316 317.8460880000 7124.5241080677 327.7125435691
15.0000000000 9791.8315208432 336.1474770000 9765.1835887961 371.7521589118
16.0000000000 2939.7473941508 240.2420980000 2827.3999598491 266.0393449254
17.0000000000 10599.2618094258 384.0096891176 10355.6101908956 397.1804992282
18.0000000000 5803.1856725397 302.7175060000 6052.0123369830 316.4099223949
19.0000000000 8324.4097104776 354.0647120000 8736.6602930840 381.2932102339
20.0000000000 16976.0145777600 449.4589730000 16999.8791631114 486.5230074785
21.0000000000 4244.9399416705 251.3252060000 4344.5954633253 267.5554142216
22.0000000000 14002.3966361171 453.4223750000 13937.8784251725 462.8076506026
23.0000000000 7208.6678756289 303.9134660000 7483.0929064491 325.9777138345
24.0000000000 13512.7724400093 392.8691610000 13676.7404048722 451.2642515505
25.0000000000 8942.3776138417 342.8877690000 9183.1046532786 377.4148792293
26.0000000000 4376.2875117163 267.7881020000 4250.0539469913 278.2229893538
27.0000000000 7897.9085308853 328.8084040000 8078.9785160235 348.3099747031
28.0000000000 15318.9747941010 456.0673900000 16333.0571304490 477.5674861091
29.0000000000 9878.4535576878 358.7815600000 9691.3754988113 385.8578160424
30.0000000000 16615.3904115063 482.9105670000 16072.9404592353 500.1536832811
31.0000000000 3566.9420315506 237.0329580000 3542.4763807942 247.1956596029
32.0000000000 11709.4215294040 385.8776903783 11447.3671515509 416.5956202679
33.0000000000 8656.9600144617 328.3390540000 8675.6104251013 343.4967763012
34.0000000000 5733.1883380335 338.0550140000 6210.3828738736 321.6674410672
35.0000000000 4651.0902284834 275.6302800000 4911.8355700254 294.8932023189
36.0000000000 8205.6535385700 349.9596260000 8260.1452623649 370.8449412586
37.0000000000 10911.7364195739 409.5403240000 11120.7495569863 431.9818403354
38.0000000000 12875.6915998747 399.5471790000 12824.2852406799 426.6153724858
39.0000000000 6780.6202743703 335.4136850000 7010.5663462487 348.9580741312
40.0000000000 24892.5815753904 568.2146840000 24839.0593909825 598.1125071531
41.0000000000 5895.5359644261 282.3745800000 6643.2275657417 320.0260946727
42.0000000000 12521.0621105770 369.7756230000 12809.0319182546 422.1847247162
43.0000000000 7384.7886209301 313.4552420000 7223.2463886804 324.4466090201
44.0000000000 13563.6700992955 413.1970710000 13579.4324447588 432.7801775497
45.0000000000 5506.6570095158 305.0906300000 5094.5392919270 310.5362862854
46.0000000000 6908.7575712537 336.9673130000 7081.1423487757 339.6240227010
47.0000000000 5181.3732069412 263.2489340000 5334.0268443328 284.9510453485
48.0000000000 5990.6338367075 280.8303680000 6049.1517887161 302.3767077283
49.0000000000 13608.5957895948 436.8779980000 14261.4636772404 467.8904714330
50.0000000000 11167.3314007942 379.4028960000 10930.8655457671 399.1178523372
51.0000000000 15106.7853707746 450.4003210000 15791.6256565522 485.3695664741
52.0000000000 11419.5327702409 406.2310230000 11590.3790360711 433.1586463691
53.0000000000 4715.5648235730 257.1958200000 4638.8840140104 276.5508312617
54.0000000000 24753.2630134402 552.3375620000 24653.1278689715 587.4704523932
55.0000000000 3954.2249396272 285.0614440000 3987.9452861688 301.7924662944
56.0000000000 13714.0784065592 407.5086700000 13761.5716341231 432.4838732826
57.0000000000 3595.2477515751 222.0641250000 3584.9958051822 246.0167795753
58.0000000000 1808.6815655047 325.1446450000 2555.2455451425 2115.5987792454
59.0000000000 1892.7901808920 189.6996620000 2208.5434166045 197.6016563123
60.0000000000 15656.0659442528 442.1747770000 15630.1652868686 476.1100114808
61.0000000000 5810.1009301014 283.7693880000 5923.0815202204 294.7994091981
62.0000000000 -10891.5571695096 259.4088370000 -11158.3350122450 1989.9400156755
63.0000000000 11102.1253302651 375.7825250000 11097.4670283327 397.1053009259
64.0000000000 2010.5668806025 188.1723710000 2093.5048556108 221.7674843510
65.0000000000 22969.6156628703 376.2258290000 21976.1290187032 2064.1765150311
66.0000000000 3330.7441919613 320.7944660000 2988.2933814835 278.3234887214
67.0000000000 5098.7194887531 348.4334790000 4207.0402528482 314.9977722634
