0.0000000000 1.0000000000 323.7686663966 148.2104761816 474.8987595818
1.0000000000 1.0000000000 427.4682765295 -411.8157342835 0.0000000000
2.0000000000 1.0000000000 -286.5302853567 -150.0452351868 497.7028726195
3.0000000000 1.0000000000 -271.0676050805 204.5772860607 486.8180501445
4.0000000000 1.0000000000 -293.3265301737 87.7683690520 508.5052473011
5.0000000000 1.0000000000 -304.0848471194 -44.4817110175 507.8140501994
6.0000000000 1.0000000000 -304.9080488836 90.3482959655 501.1881818087
7.0000000000 1.0000000000 447.1021211286 85.4660260246 380.9416991095
8.0000000000 1.0000000000 436.2306131896 59.9439310261 398.0337971730
9.0000000000 1.0000000000 424.2717977926 -71.1489139652 408.9652798001
10.0000000000 1.0000000000 403.3740090484 -127.1602420153 416.4624930500
11.0000000000 1.0000000000 411.7614711747 200.1841320849 377.7567081602
12.0000000000 1.0000000000 382.0840232171 -197.6754451123 408.9713242324
13.0000000000 1.0000000000 409.9977508581 170.6142959410 393.8450618637
14.0000000000 1.0000000000 410.3734934443 53.2616880577 425.5327424607
15.0000000000 1.0000000000 388.3649250443 169.7681910194 415.5391350474
16.0000000000 1.0000000000 377.0933744761 240.3844183035 390.3040414928
17.0000000000 1.0000000000 382.9243731293 128.8152100435 434.8527251468
18.0000000000 1.0000000000 378.8258019467 203.4286659714 409.1810309424
19.0000000000 1.0000000000 342.1794359478 -260.0497659603 409.4003899375
20.0000000000 1.0000000000 367.1156561553 -149.0946040631 441.9482101870
21.0000000000 1.0000000000 331.8772170844 156.6250960398 466.5269751187
22.0000000000 1.0000000000 259.4373370351 -346.6854210468 405.9837600549
23.0000000000 1.0000000000 301.9865512476 308.8194762532 407.1314043338
24.0000000000 1.0000000000 303.8290041950 262.2012361683 437.3325672806
25.0000000000 1.0000000000 260.0233101844 233.3905851655 479.8312613403
26.0000000000 1.0000000000 224.6970710370 360.7545470594 414.3533630682
27.0000000000 1.0000000000 231.5339362315 306.1730233062 452.7377194527
28.0000000000 1.0000000000 213.8104570745 227.0041940791 505.0500081760
29.0000000000 1.0000000000 166.2260182246 259.3898453504 507.3530776854
30.0000000000 1.0000000000 137.3798281284 388.7334733634 427.0063183992
31.0000000000 1.0000000000 128.9609459850 336.4212969607 471.7108349450
32.0000000000 1.0000000000 120.4112971292 241.3749702590 528.7348765673
33.0000000000 1.0000000000 109.5290710562 141.8633540728 565.8617302905
34.0000000000 1.0000000000 88.1552770430 329.1115631605 486.0406902370
35.0000000000 1.0000000000 76.7155659588 256.7398358620 529.6420537153
36.0000000000 1.0000000000 60.6811619891 287.8683959485 515.5297369078
37.0000000000 1.0000000000 32.4616950046 371.1987690523 462.0379190651
38.0000000000 1.0000000000 28.3039720056 389.2547050772 447.2146980887
39.0000000000 1.0000000000 17.1276019908 204.1428628907 557.0939447018
40.0000000000 1.0000000000 -7.6218640028 289.5448681066 518.0994141908
41.0000000000 1.0000000000 -21.4333540141 310.6624632038 505.3224433314
42.0000000000 1.0000000000 -36.0811050009 243.7106560062 540.0227740137
43.0000000000 1.0000000000 -77.3525590207 374.0682611002 454.3246021217
44.0000000000 1.0000000000 -79.2984479953 332.2624539805 485.4222329714
45.0000000000 1.0000000000 -161.0123930910 294.6400291665 489.4727662766
46.0000000000 1.0000000000 -166.9530929993 224.1963989991 523.6257879978
47.0000000000 1.0000000000 -184.9575840398 306.0034450658 473.7867771019
48.0000000000 1.0000000000 -187.7770891105 243.4110151432 507.7520742988
49.0000000000 1.0000000000 -259.6522000424 -289.5435240473 448.4045150732
50.0000000000 1.0000000000 -221.2085170656 251.4036370746 490.0860431454
51.0000000000 1.0000000000 -298.4108571678 -225.5114041268 460.8870722592
52.0000000000 1.0000000000 -246.4537829883 174.0171469918 511.1750109758
53.0000000000 1.0000000000 -280.5177422695 -87.4024060840 515.7440664955
54.0000000000 1.0000000000 -267.9836058722 28.1753639866 528.8783057477
55.0000000000 1.0000000000 356.9919780719 -180.4416650363 438.5417420883
56.0000000000 1.0000000000 355.5645691906 -1.5502880008 475.2817692548
57.0000000000 1.0000000000 344.5685920949 -120.0776350331 468.1614821289
58.0000000000 1.0000000000 333.0954883119 220.9306792069 438.8147184109
59.0000000000 1.0000000000 313.1725361989 -216.3376531374 455.4583502893
60.0000000000 1.0000000000 294.7989251554 -259.1244281366 445.2745792347
61.0000000000 1.0000000000 321.8129519384 43.9982329916 496.8117409048
62.0000000000 1.0000000000 243.7658500717 -338.3898350995 422.3646011241
63.0000000000 1.0000000000 286.2423540004 -141.9235870002 500.2442770006
64.0000000000 1.0000000000 291.9142682057 -64.4222380454 512.7934883613
65.0000000000 1.0000000000 288.1967179124 172.5422099476 489.3803878513
66.0000000000 1.0000000000 266.6769880939 262.6660150925 460.6639501623
67.0000000000 1.0000000000 163.1281011315 -410.3141733308 396.6772343198
68.0000000000 1.0000000000 168.1535049798 -381.4511289543 422.5408399493
69.0000000000 1.0000000000 239.5529970566 149.2496160352 522.1687851233
70.0000000000 1.0000000000 136.2467170585 -377.4708531622 437.3487321879
71.0000000000 1.0000000000 167.9756270517 306.0130870943 480.0640641479
72.0000000000 1.0000000000 63.0544589740 -423.7774618251 410.8018068304
73.0000000000 1.0000000000 -43.2595600280 -423.7544102741 413.3789262674
74.0000000000 1.0000000000 -30.0170620225 -389.6061452915 446.7967703343
75.0000000000 1.0000000000 -152.7491430992 -388.0181992519 422.4108222742
76.0000000000 1.0000000000 -155.5958161730 122.7033971364 559.5133106220
77.0000000000 1.0000000000 -186.6835859566 185.0120859570 532.2039958764
78.0000000000 1.0000000000 -246.0132520515 -176.4913370370 510.5385531069
79.0000000000 1.0000000000 -222.1040660298 -96.9437500130 541.8422460726
80.0000000000 1.0000000000 -219.7464941012 24.3182290112 550.8551792536
81.0000000000 1.0000000000 -330.4577411832 -147.0899940816 470.6203792610
82.0000000000 1.0000000000 -315.0405981819 -45.6601200264 500.9849312893
83.0000000000 1.0000000000 393.5189501891 8.4561810041 444.2889322135
84.0000000000 1.0000000000 333.7241540126 -53.4523050020 487.9470940185
85.0000000000 1.0000000000 268.2134302438 -285.0512922591 446.2383254056
86.0000000000 1.0000000000 273.7655231982 -170.2720041233 498.3785803608
87.0000000000 1.0000000000 287.7977261857 28.7277170185 518.3324353345
88.0000000000 1.0000000000 246.7516601960 -179.6523131427 509.0775884043
89.0000000000 1.0000000000 264.1354960557 -37.8579970080 530.2080141119
90.0000000000 1.0000000000 219.3305661517 -288.0880631992 470.3410433252
91.0000000000 1.0000000000 209.3181991829 -251.6313852199 495.1654914326
92.0000000000 1.0000000000 232.6933789026 122.2457599488 532.1945997772
93.0000000000 1.0000000000 140.5530430881 -341.1678242138 464.9415922914
94.0000000000 1.0000000000 170.4053989064 -149.9427299177 548.4528276989
95.0000000000 1.0000000000 186.8182200329 -29.7928640053 562.6123570991
96.0000000000 1.0000000000 183.0712570740 -33.8857280137 563.6115672277
97.0000000000 1.0000000000 158.9537550724 -116.2117380529 559.9552322549
98.0000000000 1.0000000000 174.8843669346 99.7708719627 558.3749257911
99.0000000000 1.0000000000 69.5796110313 -402.0248741808 431.1102001939
100.0000000000 1.0000000000 92.7001800562 -325.8631981976 487.3819642955
101.0000000000 1.0000000000 106.0573201082 -261.1161172663 522.3902225327
102.0000000000 1.0000000000 93.8309420639 -253.8470101729 528.2790703598
103.0000000000 1.0000000000 99.2576120192 -189.8180550367 553.5687481071
104.0000000000 1.0000000000 86.3195730044 -207.7744110106 549.2722930279
105.0000000000 1.0000000000 93.8274130655 -132.6427700926 570.8972223984
106.0000000000 1.0000000000 115.3041529955 134.2295989948 566.5762909779
107.0000000000 1.0000000000 10.9378009964 -346.0536218858 482.1292168409
108.0000000000 1.0000000000 -5.7937880021 -381.3426741383 454.8247171650
109.0000000000 1.0000000000 71.4788080323 -19.3939230088 588.9278242664
110.0000000000 1.0000000000 42.5631739962 -98.5740849912 583.7746589482
111.0000000000 1.0000000000 49.1905070192 24.1582090095 591.0313032312
112.0000000000 1.0000000000 -24.2449180063 -294.1518350768 514.9836971345
113.0000000000 1.0000000000 -23.5466119862 -210.1285688770 554.6285856753
114.0000000000 1.0000000000 -10.2121230065 -113.2682900721 582.5695953707
115.0000000000 1.0000000000 -70.0934330787 -276.0662853099 520.7644795846
116.0000000000 1.0000000000 -45.8909319967 -176.3395629875 564.9068129598
117.0000000000 1.0000000000 -16.2639310227 209.7632752927 555.0280887745
118.0000000000 1.0000000000 -73.6172110237 -252.6897330813 532.0241831712
119.0000000000 1.0000000000 -114.9524020985 -363.0108453111 455.3354783902
120.0000000000 1.0000000000 -44.0663470198 -90.7227270407 584.9349282623
121.0000000000 1.0000000000 -34.0100290391 18.8477530217 592.2916566805
122.0000000000 1.0000000000 -125.6524910518 -306.4266001264 492.5804672031
123.0000000000 1.0000000000 -62.2553820386 -26.2016480163 589.7110033661
124.0000000000 1.0000000000 -100.3103259835 -173.8822259714 558.5912069080
125.0000000000 1.0000000000 -128.9018800756 -202.0794941185 543.0188853183
126.0000000000 1.0000000000 -107.0208120218 -110.8052880226 573.2277561170
127.0000000000 1.0000000000 -84.6362990013 116.6145350018 575.8116650088
128.0000000000 1.0000000000 -161.7060561081 -204.3782971366 533.2935303565
129.0000000000 1.0000000000 -138.2452841555 -65.0983920732 573.5606046451
130.0000000000 1.0000000000 -212.1729409470 -265.9828119335 486.3713738784
131.0000000000 1.0000000000 -209.7338969613 -239.9976579557 500.7336049076
132.0000000000 1.0000000000 -209.4237010003 -165.9387890003 530.0258090008
133.0000000000 1.0000000000 -187.0571260062 -63.8423580021 559.6919790185
