0.0000000000 1157.3395646488 234.6639030000 1157.0450998052 256.5710459313
1.0000000000 4601.9281152599 297.2270240000 4636.9379850835 320.3416664985
2.0000000000 6549.1324447932 315.4886260000 6425.3895049420 325.0819802587
3.0000000000 13082.2393370477 397.5465540000 13655.3490389458 439.3213185956
4.0000000000 2132.9722057158 200.3585420000 2100.0566993645 194.0186646532
5.0000000000 2240.0384823055 155.3771710000 2146.5574734510 187.1766301623
6.0000000000 5518.6489860657 305.1261410000 5089.9504549765 286.0579851195
7.0000000000 12636.7451232438 390.1086900000 12778.0973519216 432.8160360464
8.0000000000 4935.3890611331 256.4118090000 5203.2972870899 285.1105676777
9.0000000000 5224.4823360654 284.6308000000 5475.2476255383 308.7602096962
10.0000000000 4998.8392688163 274.5877020000 4997.6918497256 303.5800824061
11.0000000000 6846.7379404582 294.1473610000 7020.0304850062 318.9786877339
12.0000000000 8072.0555990323 317.3646735718 8073.7265697739 336.8925890332
13.0000000000 4334.6547133168 223.1692230000 4260.7521575295 265.0439764250
14.0000000000 7245.3591737587 317.8460880000 7118.8723259065 331.1197394440
15.0000000000 9841.1660804312 336.1474770000 9770.2660532740 370.8085186505
16.0000000000 2957.8950124143 240.2420980000 3041.3388996020 273.3331300118
17.0000000000 10713.4209528681 356.0289430691 10943.2851525733 403.7989078440
18.0000000000 6061.1362017012 302.7175060000 6427.8420743660 319.6465866969
19.0000000000 8620.4664390847 354.0647120000 8891.0274486467 383.3023441755
20.0000000000 17064.3748998719 449.4589730000 16851.9964454181 484.3330134587
21.0000000000 4383.9255571206 251.3252060000 4590.8868055300 275.1863100383
22.0000000000 14014.2041341241 453.4223750000 13706.7717346948 459.1858753350
23.0000000000 7409.6735830801 303.9134660000 7562.4543274122 327.6767395494
24.0000000000 13779.8491377001 392.8691610000 14115.5549928799 460.1004451877
25.0000000000 9180.4084547374 342.8877690000 9439.8641517571 382.1792275250
26.0000000000 4400.5869812475 267.7881020000 4463.1812875181 284.2854139052
27.0000000000 8022.3718411193 328.8084040000 8013.1275524529 347.2613585253
28.0000000000 16040.1289287261 456.0673900000 16818.6306698781 483.6149958007
29.0000000000 9982.3574382558 358.7815600000 10204.2425730876 394.9664316958
30.0000000000 16591.4392601559 482.9105670000 16561.8285802146 505.9059095501
31.0000000000 3501.5460173300 237.0329580000 3232.9176420642 238.0395738074
32.0000000000 11391.7034462562 352.7745227750 10368.6886122181 396.0027423724
33.0000000000 8863.9026609317 328.3390540000 9221.9685710083 354.7424659462
34.0000000000 5991.5099617430 338.0550140000 6121.1407736780 325.4835578694
35.0000000000 4722.8058622013 275.6302800000 4577.1548005649 287.6193456003
36.0000000000 8298.9167122064 349.9596260000 8316.5743677081 372.9391662679
37.0000000000 10956.8149363337 409.5403240000 10611.6074001601 424.0524882943
38.0000000000 13010.5172534426 399.5471790000 13117.7373514228 429.1111298023
39.0000000000 7023.1563450389 335.4136850000 7349.1847868157 357.6259398828
40.0000000000 25050.4501587947 568.2146840000 24888.4533442294 596.1719221701
41.0000000000 6334.4662885620 282.3745800000 6814.8635862376 324.4112743493
42.0000000000 12672.1567083177 369.7756230000 12568.8945872254 420.1775170585
43.0000000000 7491.9095926859 313.4552420000 7755.3787905786 337.4409497765
44.0000000000 13640.7974666846 413.1970710000 13476.0847363940 429.9588199561
45.0000000000 5502.4827213997 305.0906300000 5709.3883662799 325.7425942882
46.0000000000 7176.2984443469 336.9673130000 7590.4466143849 347.1300943008
47.0000000000 5337.7320239640 263.2489340000 5526.3049336827 288.5291967232
48.0000000000 6008.1353691386 280.8303680000 5849.3495365401 298.4253825176
49.0000000000 14111.8902171537 436.8779980000 14623.4592093257 467.7740242005
50.0000000000 11125.3544301876 379.4028960000 10913.3366488725 399.1954908331
51.0000000000 15366.7989473353 450.4003210000 15121.2524210143 476.7157515776
52.0000000000 11581.4198189625 406.2310230000 11611.8312798819 433.4451051306
53.0000000000 4773.6372173045 257.1958200000 4894.5025403647 285.6212692385
54.0000000000 24937.8462946225 552.3375620000 24911.6462111440 589.2481144630
55.0000000000 4131.7206187623 285.0614440000 4513.2254310915 317.4638367767
56.0000000000 13861.5981961884 407.5086700000 13891.9017576999 434.1608706420
57.0000000000 3646.5876076968 222.0641250000 3719.3323421595 250.1965145103
58.0000000000 2031.5153551133 325.1446450000 1810.6653831067 2109.2544054381
59.0000000000 2042.6327307740 189.6996620000 2140.7707096096 192.1868631039
60.0000000000 15970.4503873623 442.1747770000 16519.3212694460 487.9492186729
61.0000000000 5958.6400757969 283.7693880000 6136.9127021816 299.1985161511
62.0000000000 -11270.2380472064 259.4088370000 -12285.8613646930 1980.0704189658
63.0000000000 11300.9707115049 375.7825250000 11592.4273965180 405.2569053155
64.0000000000 2130.9408999215 188.1723710000 2365.4442574840 238.2482317633
65.0000000000 22923.6942496729 376.2258290000 23415.5190824142 2069.2460860661
66.0000000000 2979.6962859427 320.7944660000 2094.6570045873 266.9175025633
67.0000000000 4479.8236364722 348.4334790000 3209.2630558226 301.9016848966
