0.0000000000 1.0000000000 327.1767422742 149.8284001256 472.0467733956
1.0000000000 1.0000000000 428.0895772523 -411.1698436054 0.0000000000
2.0000000000 1.0000000000 -289.5812742722 -151.4628001424 495.5028074658
3.0000000000 1.0000000000 -270.1757891114 209.8612780865 485.0614532000
4.0000000000 1.0000000000 -298.9482401838 92.5019330569 504.3755233101
5.0000000000 1.0000000000 -308.3879614582 -42.8182330636 505.3561027508
6.0000000000 1.0000000000 -299.7121078659 92.1764159588 503.9816337746
7.0000000000 1.0000000000 449.9271854497 83.3118360833 378.0819913779
8.0000000000 1.0000000000 437.8683429600 59.7215499945 396.2650339638
9.0000000000 1.0000000000 426.5782067981 -73.5180079652 406.1372458078
10.0000000000 1.0000000000 405.8197271451 -130.2745260466 413.1104251477
11.0000000000 1.0000000000 412.9031352023 202.2054210991 375.4268171839
12.0000000000 1.0000000000 385.8819492214 -195.7090921123 406.3427112331
13.0000000000 1.0000000000 411.2716059170 172.6667859652 391.6161049210
14.0000000000 1.0000000000 412.5357260466 56.0530310063 423.0764220478
15.0000000000 1.0000000000 389.3360845946 175.7150642683 412.1443386294
16.0000000000 1.0000000000 380.5197429776 239.7139389859 387.3800189772
17.0000000000 1.0000000000 387.7646171735 130.7416980585 429.9610871924
18.0000000000 1.0000000000 378.0272003043 207.3839831669 407.9321583284
19.0000000000 1.0000000000 341.0067812757 -261.9698422118 409.1546203308
20.0000000000 1.0000000000 367.2191731106 -152.8770470461 440.5678311327
21.0000000000 1.0000000000 332.3978532988 154.9468921393 466.7166744196
22.0000000000 1.0000000000 261.9661292396 -347.7553423180 403.4368543689
23.0000000000 1.0000000000 304.4440722243 312.9572152306 402.1105752963
24.0000000000 1.0000000000 304.7468082360 264.4028612048 435.3640273372
25.0000000000 1.0000000000 260.0353101316 239.1962051211 476.9571672414
26.0000000000 1.0000000000 228.8293430344 362.3535510545 410.6803650617
27.0000000000 1.0000000000 229.5535159503 310.3177749328 450.9206009024
28.0000000000 1.0000000000 212.8504039482 229.0900989443 504.5133878772
29.0000000000 1.0000000000 168.8930881115 256.9451431697 507.7161063353
30.0000000000 1.0000000000 138.1736549035 390.8237167270 424.8366627033
31.0000000000 1.0000000000 130.1990000365 337.4565950946 470.6299961320
32.0000000000 1.0000000000 120.4051720143 242.5983490288 528.1760710627
33.0000000000 1.0000000000 107.6374881106 140.1677551441 566.6467135823
34.0000000000 1.0000000000 85.1765040476 337.5980811889 480.7221912689
35.0000000000 1.0000000000 75.9877210189 259.2498630645 528.5231321314
36.0000000000 1.0000000000 61.4036710411 289.4010711935 514.5852073440
37.0000000000 1.0000000000 29.9276330035 375.0413210438 459.0965810536
38.0000000000 1.0000000000 23.6826500078 391.3549801283 445.6475491461
39.0000000000 1.0000000000 14.7627470128 206.6780251786 556.2261964808
40.0000000000 1.0000000000 -11.6149160055 293.8454721399 515.5979622454
41.0000000000 1.0000000000 -22.3961500030 312.6545160425 504.0504860685
42.0000000000 1.0000000000 -41.9644800148 243.0953410856 539.8749521900
43.0000000000 1.0000000000 -78.8482740654 382.7836303174 446.7448583705
44.0000000000 1.0000000000 -82.8570629894 333.1350069576 484.2283559383
45.0000000000 1.0000000000 -162.9183570414 295.7931680752 488.1447911241
46.0000000000 1.0000000000 -164.1729870149 220.0585710200 526.2535340478
47.0000000000 1.0000000000 -187.7404631516 307.1869512480 471.9226863811
48.0000000000 1.0000000000 -188.0953820716 248.9286270947 504.9514751921
49.0000000000 1.0000000000 -260.9200820382 -288.4611350423 448.3661570657
50.0000000000 1.0000000000 -223.5102718978 256.0334728830 486.6326597776
51.0000000000 1.0000000000 -297.9491673352 -232.6476102617 457.6272605148
52.0000000000 1.0000000000 -249.6750848331 177.3825968815 508.4477286602
53.0000000000 1.0000000000 -277.7241741640 -90.7327690536 516.6799533051
54.0000000000 1.0000000000 -268.8894982724 28.0773690284 528.4235285354
55.0000000000 1.0000000000 358.9105391223 -181.0034390617 436.7405481488
56.0000000000 1.0000000000 355.6970603497 -0.5153930005 475.1848714671
57.0000000000 1.0000000000 341.0231232729 -121.0708330969 470.4959183765
58.0000000000 1.0000000000 333.1635279116 224.7836369403 436.8016788841
59.0000000000 1.0000000000 314.6271250957 -216.7123980659 454.2761661381
60.0000000000 1.0000000000 297.4592239460 -260.2127189528 442.8641749196
61.0000000000 1.0000000000 323.6774650768 44.1230600105 495.5879141175
62.0000000000 1.0000000000 243.1560201661 -338.8490982314 422.3479192885
63.0000000000 1.0000000000 282.2387030445 -141.9559030224 502.5048880792
64.0000000000 1.0000000000 290.1934182771 -67.5261370645 513.3705554902
65.0000000000 1.0000000000 288.8865712296 176.2123421401 487.6628813876
66.0000000000 1.0000000000 265.4886020004 265.5390490004 459.7022320007
67.0000000000 1.0000000000 162.1119701115 -411.7825692831 395.5706652720
68.0000000000 1.0000000000 168.2985061553 -382.4344013528 421.5932493890
69.0000000000 1.0000000000 241.6637752046 149.8134921269 521.0334574412
70.0000000000 1.0000000000 134.2128380648 -377.4126241823 438.0273412116
71.0000000000 1.0000000000 166.2205479391 310.2035148863 477.9809988248
72.0000000000 1.0000000000 60.6428080620 -425.4933254347 409.3888204182
73.0000000000 1.0000000000 -43.9154899758 -425.5537197650 411.4569087728
74.0000000000 1.0000000000 -29.3800090360 -390.0524714779 446.4495615470
75.0000000000 1.0000000000 -157.3223690798 -389.1625261973 419.6707362128
76.0000000000 1.0000000000 -156.0991481788 125.6144961438 558.7265706398
77.0000000000 1.0000000000 -191.5773270273 188.0279210268 529.4005620756
78.0000000000 1.0000000000 -246.6603181123 -178.8944010815 509.3886602320
79.0000000000 1.0000000000 -224.7396999462 -97.7999739766 540.6001838705
80.0000000000 1.0000000000 -220.6379869151 23.3973159910 550.5386187880
81.0000000000 1.0000000000 -335.2457092792 -146.4477451220 467.4234683893
82.0000000000 1.0000000000 -312.5027741078 -43.8042700151 502.7370371734
83.0000000000 1.0000000000 395.4426080799 7.4618560015 442.5955160895
84.0000000000 1.0000000000 333.3606570644 -55.9402630108 487.9166790943
85.0000000000 1.0000000000 266.9195962424 -284.6492852585 447.2695384062
86.0000000000 1.0000000000 271.2944191702 -171.6502001077 499.2563203132
87.0000000000 1.0000000000 284.5756589467 33.8981119937 519.7970169026
88.0000000000 1.0000000000 247.7414700033 -180.3474330024 508.3505620068
89.0000000000 1.0000000000 263.2590911009 -34.9199490134 530.8451512034
90.0000000000 1.0000000000 219.3831921681 -286.7180722197 471.1529353610
91.0000000000 1.0000000000 208.7837638817 -250.5434488580 495.9421807190
92.0000000000 1.0000000000 231.4569618945 120.9270139449 533.0343877570
93.0000000000 1.0000000000 141.1829950692 -341.2003601672 464.7268042277
94.0000000000 1.0000000000 167.1829639606 -146.4653009655 550.3808668704
95.0000000000 1.0000000000 185.2876601181 -34.1454930218 562.8711173589
96.0000000000 1.0000000000 177.9980559407 -40.6146039865 564.7906448118
97.0000000000 1.0000000000 155.3077309453 -116.6214579589 560.8923878024
98.0000000000 1.0000000000 174.5229550003 97.9613360002 558.8082330009
99.0000000000 1.0000000000 66.2202620420 -404.6162262568 429.2108022724
100.0000000000 1.0000000000 92.8704249694 -325.3192388930 487.7128288395
101.0000000000 1.0000000000 103.2689210433 -259.0765521085 523.9620182195
102.0000000000 1.0000000000 90.6487640644 -254.8545331810 528.3495953753
103.0000000000 1.0000000000 97.5481759975 -188.1476959951 554.4421739856
104.0000000000 1.0000000000 82.4586450757 -210.3067681932 548.9015955041
105.0000000000 1.0000000000 93.7856720255 -131.8934860358 571.0776501550
106.0000000000 1.0000000000 111.6847831333 131.7745171573 567.8761416779
107.0000000000 1.0000000000 9.2499850017 -346.7621950634 481.6552130880
108.0000000000 1.0000000000 -8.8809180100 -385.8728894338 450.9374335070
109.0000000000 1.0000000000 73.5492010380 -23.0419410119 588.5413413038
110.0000000000 1.0000000000 42.6276369863 -97.8052839686 583.8992528128
111.0000000000 1.0000000000 46.0922550138 18.6188240056 591.4813351772
112.0000000000 1.0000000000 -26.7181450097 -294.4802861069 514.6735161869
113.0000000000 1.0000000000 -23.2561390161 -212.5169351474 553.7301063841
114.0000000000 1.0000000000 -10.2935460014 -112.6039780152 582.6969310786
115.0000000000 1.0000000000 -73.1333420372 -276.2312861405 520.2587022647
116.0000000000 1.0000000000 -45.9785080535 -176.4589062055 564.8624236577
117.0000000000 1.0000000000 -18.8750850057 207.7360790630 555.7074581685
118.0000000000 1.0000000000 -73.5440960032 -254.3670270112 531.2344190234
119.0000000000 1.0000000000 -116.4880400549 -360.8135541700 456.6896562152
120.0000000000 1.0000000000 -45.1767460485 -92.9552880999 584.4995316280
121.0000000000 1.0000000000 -35.3032890170 20.6080310099 592.1573382852
122.0000000000 1.0000000000 -125.6461931058 -308.0708632594 491.5553924139
123.0000000000 1.0000000000 -61.3165439937 -26.3145499973 589.8043339394
124.0000000000 1.0000000000 -101.3023520648 -173.2089461108 558.6213573574
125.0000000000 1.0000000000 -128.4843890894 -204.0058741420 542.3971713776
126.0000000000 1.0000000000 -106.4962530152 -113.5321730162 572.7916900816
127.0000000000 1.0000000000 -85.2725980054 117.8359720075 575.4690210368
128.0000000000 1.0000000000 -160.6644241478 -206.8526841903 532.6539554900
129.0000000000 1.0000000000 -142.6544499279 -68.3793769654 572.0972777108
130.0000000000 1.0000000000 -213.9435662327 -267.6370812911 484.6853305271
131.0000000000 1.0000000000 -212.2380611422 -241.5815081619 498.9135263343
132.0000000000 1.0000000000 -211.3828838414 -166.4917398751 529.0738166030
133.0000000000 1.0000000000 -184.3778031505 -62.3791060509 560.7450394576
