0.0000000000 1166.3088966853 234.6639030000 1157.4468719378 247.0946708089
1.0000000000 4721.3873383334 297.2270240000 4919.3842997680 323.4680404863
2.0000000000 6615.4917115515 315.4886260000 6747.4218152372 332.7713307743
3.0000000000 13390.6589485615 397.5465540000 13463.9789300566 437.7530146063
4.0000000000 2118.1677740402 200.3585420000 2042.7766860719 192.6806024950
5.0000000000 2235.2399688442 155.3771710000 2259.6941752674 194.9517451594
6.0000000000 5378.1455706776 305.1261410000 5173.1276169787 285.8431364498
7.0000000000 12922.9109973630 390.1086900000 13333.0623477056 439.3192719820
8.0000000000 4986.1136725662 256.4118090000 4767.5011771751 272.9773389732
9.0000000000 5452.1109223710 284.6308000000 5763.8793333384 316.0730889558
10.0000000000 5020.8087312148 274.5877020000 4963.0068620340 307.7110505789
11.0000000000 6971.5738640632 294.1473610000 7001.6422236753 319.7813759657
12.0000000000 8121.3122580353 330.5757285132 7973.9672722975 336.5037707906
13.0000000000 4381.2021914914 223.1692230000 4492.8544410061 272.1499312321
14.0000000000 7284.4918333741 317.8460880000 7306.4657606387 331.3585329762
15.0000000000 9935.7817915855 336.1474770000 10041.3226419441 375.3984905812
16.0000000000 2930.0980379169 240.2420980000 2702.6435387289 265.6708254682
17.0000000000 10641.7254942168 321.8331308144 9910.9253670976 385.7360118797
18.0000000000 6407.6424016703 302.7175060000 6930.4959967457 340.7848572293
19.0000000000 8957.8192330832 354.0647120000 9479.4431985739 393.3025750426
20.0000000000 17208.3207803920 449.4589730000 17379.6052738053 488.6183613717
21.0000000000 4524.6581275622 251.3252060000 4638.4168924495 276.7187483615
22.0000000000 13951.3093548231 453.4223750000 13637.8775928663 455.9574285575
23.0000000000 7586.0771698702 303.9134660000 7777.6088938436 332.4521948460
24.0000000000 14068.7262318142 392.8691610000 14316.2901093921 462.0637686170
25.0000000000 9349.8923432297 342.8877690000 9388.6253806548 382.9695357789
26.0000000000 4442.0606764719 267.7881020000 4386.8954412663 279.4441570872
27.0000000000 8151.9327692557 328.8084040000 8322.7654984742 353.5133503348
28.0000000000 16633.0884226394 456.0673900000 17241.7271702684 490.1092197663
29.0000000000 10054.4518691232 358.7815600000 9819.6514135471 388.2663500864
30.0000000000 16870.3532549013 482.9105670000 17269.8749526451 511.5622123367
31.0000000000 3391.6508475471 237.0329580000 3206.8388052381 235.2596708816
32.0000000000 10779.2548344832 336.9736417935 9559.6005610059 379.6082186377
33.0000000000 9150.7066383737 328.3390540000 9437.5198046769 358.3144107320
34.0000000000 6142.2497185992 338.0550140000 6273.2919427592 327.0593458742
35.0000000000 4772.2560778536 275.6302800000 4921.7760911836 296.1000858807
36.0000000000 8381.6458491090 349.9596260000 8398.6061864268 374.1769832546
37.0000000000 10946.4197272986 409.5403240000 10929.3357130009 429.8636423089
38.0000000000 13213.9969569702 399.5471790000 13386.0531174347 433.6015009855
39.0000000000 7266.3258386027 335.4136850000 7507.3597578271 362.2494279838
40.0000000000 25155.9736449277 568.2146840000 24935.3174092437 598.5571668218
41.0000000000 6687.5245186714 282.3745800000 7149.0172128663 331.1774035110
42.0000000000 12757.7860383963 369.7756230000 12812.8372595635 422.8971197194
43.0000000000 7677.9729692511 313.4552420000 7793.2413091938 339.7766863275
44.0000000000 13584.3774599512 413.1970710000 13193.1515369827 425.3148933960
45.0000000000 5587.6538795056 305.0906300000 5500.8746273546 324.2257800356
46.0000000000 7526.2413592293 336.9673130000 7971.1331945879 355.3045855183
47.0000000000 5388.6081641963 263.2489340000 5234.5025513229 280.3290147066
48.0000000000 5935.7632267504 280.8303680000 5704.6204938549 294.4225465833
49.0000000000 14609.4116902740 436.8779980000 15246.1825551148 476.3801124813
50.0000000000 11193.6107323032 379.4028960000 11285.0161609869 402.2003340539
51.0000000000 15345.5620132040 450.4003210000 15098.9267344708 476.8575197759
52.0000000000 11613.9843963247 406.2310230000 11390.4008370309 432.1104671688
53.0000000000 4887.6372533211 257.1958200000 4996.0744210956 288.3761299167
54.0000000000 25206.9268834228 552.3375620000 25366.0560603564 595.1214519050
55.0000000000 4311.1325139720 285.0614440000 4388.8625755597 308.2751149481
56.0000000000 14002.8411924851 407.5086700000 14034.0298556634 436.3671779140
57.0000000000 3756.9035642556 222.0641250000 3930.3025892771 256.8468015503
58.0000000000 1717.2012336702 325.1446450000 770.6950353624 2112.0761576492
59.0000000000 2097.8044022143 189.6996620000 2108.2169873037 196.1291942084
60.0000000000 16105.9357841426 442.1747770000 15610.7579024514 476.5406233934
61.0000000000 6237.1689886430 283.7693880000 6730.0405955594 313.4648333555
62.0000000000 -11943.9217445550 259.4088370000 -13165.2292047236 1987.9043080108
63.0000000000 11627.9205879681 375.7825250000 12031.5824107977 412.3176850720
64.0000000000 2138.6992880259 188.1723710000 1897.3823314164 229.8406186490
65.0000000000 23616.3259512268 376.2258290000 24957.1879600694 2066.5860559841
66.0000000000 2833.1943875534 320.7944660000 3017.9634788853 310.4673104788
67.0000000000 3706.7648387190 348.4334790000 2339.1714932682 299.2613353076
