0.0000000000 1.0000000000 324.1100841749 148.6004030802 474.5438862561
1.0000000000 1.0000000000 427.7904718962 -411.4810306654 0.0000000000
2.0000000000 1.0000000000 -296.7161010601 -155.1388400314 490.1151110993
3.0000000000 1.0000000000 -277.3775169120 215.9745689315 478.2656428483
4.0000000000 1.0000000000 -295.1881769380 75.9912159840 509.3236708930
5.0000000000 1.0000000000 -308.3162301371 -37.2588470166 505.8401002250
6.0000000000 1.0000000000 -298.1979571013 95.8053740326 504.2029701714
7.0000000000 1.0000000000 448.0646039924 89.4890199985 378.8814489935
8.0000000000 1.0000000000 440.0896565054 58.7564690675 393.9417444524
9.0000000000 1.0000000000 427.0331805268 -73.1355730902 405.7279595005
10.0000000000 1.0000000000 406.1150311950 -129.1099790620 413.1858191984
11.0000000000 1.0000000000 414.7563823101 204.2738201527 372.2508242783
12.0000000000 1.0000000000 386.8855300119 -196.1787830060 405.1602130124
13.0000000000 1.0000000000 412.8476450268 172.1781900112 390.1702440254
14.0000000000 1.0000000000 411.5751661065 55.7291110144 424.0536231097
15.0000000000 1.0000000000 388.9405721644 180.4628790763 410.4627961735
16.0000000000 1.0000000000 379.3845350176 244.1343490113 385.7293360179
17.0000000000 1.0000000000 386.4772618398 133.0963089448 430.3975198216
18.0000000000 1.0000000000 380.2966563240 205.5685051752 406.7399283466
19.0000000000 1.0000000000 343.7186527338 -260.7693547980 407.6495526842
20.0000000000 1.0000000000 367.4360402514 -153.7261961052 440.0912853011
21.0000000000 1.0000000000 336.1533579779 157.1053259897 463.2927399695
22.0000000000 1.0000000000 260.8579201604 -349.3022942148 402.8180472477
23.0000000000 1.0000000000 303.9303382835 314.0244732929 401.6669093746
24.0000000000 1.0000000000 306.5347371246 262.0251631065 435.5463181770
25.0000000000 1.0000000000 259.7145998603 233.4757558744 479.9570027418
26.0000000000 1.0000000000 222.2010338922 368.5019118212 408.8451638016
27.0000000000 1.0000000000 233.0142063063 307.1037014036 451.3457905932
28.0000000000 1.0000000000 214.6337111334 226.7873001410 504.7981943138
29.0000000000 1.0000000000 165.4474929291 258.4942008892 508.0641707823
30.0000000000 1.0000000000 137.3580010808 393.5471072316 422.5810932487
31.0000000000 1.0000000000 131.1262720356 342.9633270930 466.3725801265
32.0000000000 1.0000000000 119.8860160538 240.6016411079 529.2065002374
33.0000000000 1.0000000000 105.6263131448 140.0234381920 567.0607067774
34.0000000000 1.0000000000 89.2692160279 339.2809971062 478.7909131499
35.0000000000 1.0000000000 78.0441020940 258.0236843107 528.8234326367
36.0000000000 1.0000000000 61.2693479763 291.2851568873 513.5370978014
37.0000000000 1.0000000000 28.1494880182 375.4299662434 458.8913522975
38.0000000000 1.0000000000 22.8801210117 395.0110932018 442.4523282260
39.0000000000 1.0000000000 8.7969640076 206.9179851793 556.2633254819
40.0000000000 1.0000000000 -10.8936100076 294.1801622043 515.4228243579
41.0000000000 1.0000000000 -24.8869150131 314.4303351654 502.8275372645
42.0000000000 1.0000000000 -42.9205309824 243.9635148998 539.4079697784
43.0000000000 1.0000000000 -83.8898900980 385.1254744497 443.8042155183
44.0000000000 1.0000000000 -83.7785630287 333.6514721141 483.7139381654
45.0000000000 1.0000000000 -165.1481330562 300.3317871023 484.6114301650
46.0000000000 1.0000000000 -166.0807529350 218.6772929144 526.2307017941
47.0000000000 1.0000000000 -185.2649471324 310.9638752223 470.4250143363
48.0000000000 1.0000000000 -190.7452780828 251.6873121093 502.5843832182
49.0000000000 1.0000000000 -264.4976120258 -287.6418530281 446.7935810436
50.0000000000 1.0000000000 -227.2474701419 255.9341341598 484.9511653028
51.0000000000 1.0000000000 -298.2527101076 -237.2629250856 455.0526911642
52.0000000000 1.0000000000 -251.7411651086 178.0886840768 507.1805722187
53.0000000000 1.0000000000 -280.3305030584 -92.0844190192 515.0306741073
54.0000000000 1.0000000000 -271.6391749035 31.4426829888 526.8252488129
55.0000000000 1.0000000000 361.8598651563 -179.7974920777 434.8006741878
56.0000000000 1.0000000000 353.9285983172 0.0817280001 476.5037954270
57.0000000000 1.0000000000 341.5301012953 -120.9913071046 470.1485084065
58.0000000000 1.0000000000 333.3381964289 223.3183932874 437.4195565628
59.0000000000 1.0000000000 315.3332590665 -214.7883720453 454.7001400959
60.0000000000 1.0000000000 300.2799840029 -260.1482910025 440.9944720042
61.0000000000 1.0000000000 320.8991060537 47.9475730080 497.0373430831
62.0000000000 1.0000000000 244.4734240196 -341.3623340274 419.5543210337
63.0000000000 1.0000000000 284.2670743113 -143.5837271572 500.8964665484
64.0000000000 1.0000000000 289.6357763127 -66.2646340715 513.8496295548
65.0000000000 1.0000000000 292.5476080893 170.2005250519 487.6156321488
66.0000000000 1.0000000000 266.3111168894 261.9469028912 461.2846578084
67.0000000000 1.0000000000 161.9301489180 -411.5269237915 395.9110307994
68.0000000000 1.0000000000 168.0199641064 -385.1093612439 419.2629222655
69.0000000000 1.0000000000 240.0029849031 146.8192599407 522.6509337891
70.0000000000 1.0000000000 132.4419670694 -378.6888941984 437.4644822292
71.0000000000 1.0000000000 167.4402030696 309.7165221287 477.8710921986
72.0000000000 1.0000000000 63.6020759691 -428.5989637915 405.6834118026
73.0000000000 1.0000000000 -44.3680929973 -426.8058579744 410.1092029754
74.0000000000 1.0000000000 -29.5495069979 -392.0420049719 444.6922749681
75.0000000000 1.0000000000 -158.9854981780 -390.3969844372 417.8936854680
76.0000000000 1.0000000000 -157.3009220761 124.5635580603 558.6247992704
77.0000000000 1.0000000000 -191.2355150705 186.0502430685 530.2222281953
78.0000000000 1.0000000000 -251.9844990196 -181.0087790141 506.0246640394
79.0000000000 1.0000000000 -226.6318111816 -101.3510710812 539.1542534320
80.0000000000 1.0000000000 -222.2738022993 28.0011360377 549.6650067401
81.0000000000 1.0000000000 -332.7210180908 -146.6022430400 469.1756951280
82.0000000000 1.0000000000 -308.0445392557 -42.8305090356 505.5644724197
83.0000000000 1.0000000000 395.0818893012 5.4073320041 442.9473873377
84.0000000000 1.0000000000 336.0135307502 -53.7326519601 486.3425086384
85.0000000000 1.0000000000 268.6660252576 -285.8287442740 445.4680934271
86.0000000000 1.0000000000 268.5451700725 -172.4785790466 500.4557501352
87.0000000000 1.0000000000 286.5506880062 34.1705470007 518.6929760112
88.0000000000 1.0000000000 246.5984371735 -180.8599481272 508.7241063578
89.0000000000 1.0000000000 263.0861181111 -37.5696040159 530.7499842241
90.0000000000 1.0000000000 219.7312020173 -286.8423970226 470.9150290370
91.0000000000 1.0000000000 207.2548701973 -253.9609602418 494.8439914712
92.0000000000 1.0000000000 232.9831779949 118.1251719974 532.9977569883
93.0000000000 1.0000000000 138.6579109114 -343.2678507806 463.9638917035
94.0000000000 1.0000000000 166.2017959693 -148.0611179727 550.2510288985
95.0000000000 1.0000000000 186.4506552099 -33.2777160375 562.5389526332
96.0000000000 1.0000000000 171.3048439903 -44.8006189975 566.5411559679
97.0000000000 1.0000000000 152.0792941442 -117.1793121111 561.6602385325
98.0000000000 1.0000000000 175.4090509297 94.5633279621 559.1160597758
99.0000000000 1.0000000000 66.7233850715 -406.8156784361 427.0483814578
100.0000000000 1.0000000000 90.2776610156 -329.0105640567 485.7193830837
101.0000000000 1.0000000000 102.7659649833 -261.5125389575 522.8495719149
102.0000000000 1.0000000000 90.3221229789 -256.7849859401 527.4701048769
103.0000000000 1.0000000000 98.2133190200 -188.5099710383 554.2016431127
104.0000000000 1.0000000000 81.6063080545 -210.0665621404 549.1209123670
105.0000000000 1.0000000000 92.8729350717 -132.9908201027 570.9723164411
106.0000000000 1.0000000000 110.5296890386 131.2005360459 568.2349281986
107.0000000000 1.0000000000 8.4080679987 -349.9557289462 479.3554199264
108.0000000000 1.0000000000 -10.2605010119 -384.3546684466 452.2029825254
109.0000000000 1.0000000000 73.2390160095 -28.8058410037 588.3260970759
110.0000000000 1.0000000000 40.4461990110 -97.3757160265 584.1261861588
111.0000000000 1.0000000000 45.6499050036 18.0971450014 591.5318300468
112.0000000000 1.0000000000 -27.0623520079 -296.6279300871 513.4207111508
113.0000000000 1.0000000000 -26.0794350321 -215.4495582651 552.4696166798
114.0000000000 1.0000000000 -12.6848449986 -113.8156749878 582.4142969373
115.0000000000 1.0000000000 -73.8215800022 -280.1329510084 518.0706810155
116.0000000000 1.0000000000 -46.9288740390 -177.3593831475 564.5021314694
117.0000000000 1.0000000000 -18.0658789989 208.9639569870 555.2738199653
118.0000000000 1.0000000000 -74.2773600651 -252.2020072209 532.1638354662
119.0000000000 1.0000000000 -119.2792290684 -365.0882372093 452.5531692595
120.0000000000 1.0000000000 -44.1132899932 -93.8318489855 584.4406969099
121.0000000000 1.0000000000 -34.3773539897 17.5318159948 592.3108638233
122.0000000000 1.0000000000 -130.5700029626 -311.2915629108 488.2318748601
123.0000000000 1.0000000000 -61.8923610284 -27.5406280127 589.6882022710
124.0000000000 1.0000000000 -100.5766261034 -174.5104911793 558.3473445738
125.0000000000 1.0000000000 -128.6604850484 -205.2307320773 541.8931192040
126.0000000000 1.0000000000 -106.2881560405 -114.2776350436 572.6820902184
127.0000000000 1.0000000000 -87.1261800762 118.8346791040 574.9858035031
128.0000000000 1.0000000000 -161.4300381066 -206.6468571365 532.5023433517
129.0000000000 1.0000000000 -144.0918251500 -68.2205220710 571.7559205954
130.0000000000 1.0000000000 -212.8014159194 -270.1192368976 483.8103778167
131.0000000000 1.0000000000 -210.7080291110 -243.0868441281 498.8308722629
132.0000000000 1.0000000000 -210.6890362205 -167.6523851755 528.9840585537
133.0000000000 1.0000000000 -188.5056292368 -63.3553420796 559.2611687026
