0.0000000000 1105.5269416619 234.6639030000 903.4793599678 233.8831548881
1.0000000000 4810.0913654737 297.2270240000 4770.9849822732 320.7218170459
2.0000000000 6674.7748534002 315.4886260000 6546.8983376756 324.0914277354
3.0000000000 13560.0374509557 397.5465540000 13670.4729915743 443.7221356363
4.0000000000 2066.1897018122 200.3585420000 1917.4471949253 194.5034332506
5.0000000000 2290.3468362607 155.3771710000 2386.1961192770 202.0300903534
6.0000000000 5281.2690281414 305.1261410000 5004.1014485710 282.1881048629
7.0000000000 13115.0218874813 390.1086900000 13013.4032864787 432.1220088730
8.0000000000 5020.4043076797 256.4118090000 5190.1067258846 283.1458391037
9.0000000000 5709.8225442020 284.6308000000 6053.6606805336 319.7194726439
10.0000000000 4969.8758146489 274.5877020000 4749.6475297413 303.6712961150
11.0000000000 7057.7925935742 294.1473610000 7103.4919662593 322.9559312332
12.0000000000 8310.0779704477 344.3285555438 8714.0154562270 352.6318894630
13.0000000000 4542.3665410899 223.1692230000 4827.6573302805 281.2865043053
14.0000000000 7442.3313112446 317.8460880000 7688.6903448768 338.2641107795
15.0000000000 10102.5227346324 336.1474770000 10263.4627078686 379.5343946170
16.0000000000 2811.6390128986 240.2420980000 2593.0387765620 263.5394880913
17.0000000000 10196.4511935557 294.4838903619 9207.6889464801 370.3746629671
18.0000000000 6811.6834621760 302.7175060000 7369.0157158623 350.5386963676
19.0000000000 9321.9168255373 354.0647120000 9697.0654426144 398.3470560453
20.0000000000 17421.3981442408 449.4589730000 17451.9778031766 490.8886951918
21.0000000000 4633.0308180814 251.3252060000 4732.0936622876 280.9211901364
22.0000000000 13838.6587353807 453.4223750000 13385.3149987257 451.4428580959
23.0000000000 7704.9573358018 303.9134660000 7685.7523031762 329.1187506691
24.0000000000 14339.4040415776 392.8691610000 14613.4737324520 467.5767683453
25.0000000000 9441.3498007309 342.8877690000 9447.4327569926 383.9793556479
26.0000000000 4451.7768013880 267.7881020000 4404.8900071889 280.6790305269
27.0000000000 8306.9256050848 328.8084040000 8396.8807155106 352.9889026010
28.0000000000 17050.9336195781 456.0673900000 17293.3434416059 490.9292066550
29.0000000000 9978.4808210496 358.7815600000 9712.2008200388 388.8296191939
30.0000000000 17037.3684309565 482.9105670000 16730.3169721133 504.2177768994
31.0000000000 3337.8978133549 237.0329580000 3244.5936307301 237.2905648288
32.0000000000 10310.2757800257 352.7745227750 9683.9759507579 382.8977704831
33.0000000000 9363.2465216511 328.3390540000 9495.5700900730 360.1862107638
34.0000000000 6397.4321822941 338.0550140000 6834.4195072742 340.7027316152
35.0000000000 4808.0856522885 275.6302800000 4656.6117056441 287.7751629501
36.0000000000 8459.7176824404 349.9596260000 8462.0170261884 372.9161400517
37.0000000000 10883.9357155722 409.5403240000 10421.8922782933 418.1519064402
38.0000000000 13325.3952272843 399.5471790000 13168.1132404431 429.8178768178
39.0000000000 7506.0803219384 335.4136850000 7810.6964013454 369.9266327142
40.0000000000 25374.0552084467 568.2146840000 25540.2467153798 604.6099408116
41.0000000000 7121.3077604751 282.3745800000 7843.9879281463 346.3613796926
42.0000000000 12960.5897300680 369.7756230000 13219.3817053985 430.8929628950
43.0000000000 7711.7112184671 313.4552420000 7504.1435391204 334.8499994651
44.0000000000 13638.6664438820 413.1970710000 13776.9621249119 434.3535916012
45.0000000000 5650.9658990285 305.0906300000 5763.1501912537 332.2005213618
46.0000000000 7805.2726525204 336.9673130000 8016.0946365370 356.9168167035
47.0000000000 5345.3651860546 263.2489340000 5217.1669676641 279.4069365786
48.0000000000 5897.6138593652 280.8303680000 5831.4685394424 296.6530171538
49.0000000000 14817.0068834010 436.8779980000 14479.3736752706 465.4467481193
50.0000000000 11344.5151085617 379.4028960000 11409.4288047775 406.6189343413
51.0000000000 15472.4716153295 450.4003210000 15662.4700387157 481.1831708913
52.0000000000 11648.2481187436 406.2310230000 11655.5261024866 439.3063882887
53.0000000000 4895.8645024008 257.1958200000 4704.3005214119 279.8902200930
54.0000000000 25546.9121700735 552.3375620000 25750.3908202995 599.8232261782
55.0000000000 4385.7485213593 285.0614440000 4424.7108049439 310.0524309868
56.0000000000 14183.9984993451 407.5086700000 14328.7081370119 439.7922670498
57.0000000000 3860.0178420793 222.0641250000 3921.5083987094 256.0105928446
58.0000000000 1375.4948090100 325.1446450000 995.1447706919 2100.7081995642
59.0000000000 2189.8141549194 189.6996620000 2387.1493261248 202.6138633229
60.0000000000 16107.4513626284 442.1747770000 16147.2314672518 486.5967664361
61.0000000000 6519.8170283877 283.7693880000 6746.2359072198 311.5991953654
62.0000000000 -12752.7057199325 259.4088370000 -14190.6577928129 1976.2866012684
63.0000000000 11848.4003582679 375.7825250000 11837.1229123342 408.5182555698
64.0000000000 2080.6383791046 188.1723710000 2077.0021958537 234.8395073023
65.0000000000 24379.8748913546 376.2258290000 25185.5292290818 2080.1278463462
66.0000000000 2910.4739574400 320.7944660000 2824.0206118922 316.2707730990
67.0000000000 3047.8245539056 348.4334790000 2086.1427238780 341.5690654607
