0.0000000000 1.0000000000 326.9028151466 147.5019300661 472.9683462121
1.0000000000 1.0000000000 427.4191621665 -411.8667093314 0.0000000000
2.0000000000 1.0000000000 -295.5632071930 -155.4047581015 490.7270913204
3.0000000000 1.0000000000 -277.2571120166 219.1064740131 476.9089780286
4.0000000000 1.0000000000 -296.3367850163 75.3767450041 508.7476610279
5.0000000000 1.0000000000 -310.9827739703 -34.8026999967 504.3806229518
6.0000000000 1.0000000000 -295.2975078575 115.6809369442 501.7356167579
7.0000000000 1.0000000000 445.4631891217 95.8081930262 380.4006621039
8.0000000000 1.0000000000 440.3906451551 59.4619030209 393.4992861386
9.0000000000 1.0000000000 428.9173880045 -71.6603260008 403.9999980042
10.0000000000 1.0000000000 406.4830682990 -127.0288710934 413.4688713041
11.0000000000 1.0000000000 414.5574677158 205.5402668591 371.7749737451
12.0000000000 1.0000000000 384.8503461940 -199.9773451008 405.2414082043
13.0000000000 1.0000000000 414.9176094261 172.8001681775 387.6916373982
14.0000000000 1.0000000000 411.1734220849 56.1232990116 424.3912330876
15.0000000000 1.0000000000 391.4916681316 174.4046290586 410.6563351380
16.0000000000 1.0000000000 380.8195733573 245.7000132305 383.3135563596
17.0000000000 1.0000000000 387.5159022679 130.8278460904 430.1590712974
18.0000000000 1.0000000000 381.0129622402 208.0313071312 404.8128262553
19.0000000000 1.0000000000 343.6309081128 -261.1907230857 407.4537171337
20.0000000000 1.0000000000 370.7265880642 -155.6306800270 436.6488460756
21.0000000000 1.0000000000 335.4900869119 154.4898179595 464.6510778780
22.0000000000 1.0000000000 261.4290638635 -349.3135268176 402.4378597899
23.0000000000 1.0000000000 305.4833591260 315.6537151302 399.2041781647
24.0000000000 1.0000000000 306.1631211772 261.1625431512 436.3251032526
25.0000000000 1.0000000000 257.1826400274 235.7429200251 480.2121320512
26.0000000000 1.0000000000 221.5661660960 370.8435031607 407.0686141764
27.0000000000 1.0000000000 231.3858341362 310.5885571829 449.7962542648
28.0000000000 1.0000000000 212.6631301330 224.8564371407 506.4931413168
29.0000000000 1.0000000000 169.9172020940 255.3413961412 508.1832762811
30.0000000000 1.0000000000 138.9198279615 393.2373968911 422.3588018830
31.0000000000 1.0000000000 129.8567360069 339.3631790180 469.3518800250
32.0000000000 1.0000000000 118.8762001633 241.1653783313 529.1776977270
33.0000000000 1.0000000000 106.1434269535 137.6495759396 567.5451467511
34.0000000000 1.0000000000 88.4250340242 339.1465810928 479.0427291311
35.0000000000 1.0000000000 75.7950850561 260.9309371932 527.7229173907
36.0000000000 1.0000000000 60.2765170166 289.0752990795 514.9014851416
37.0000000000 1.0000000000 27.3713560328 376.5960634507 457.9820305481
38.0000000000 1.0000000000 20.7574830146 400.4740462826 437.6196883088
39.0000000000 1.0000000000 8.2127020028 209.4084200720 555.3395281909
40.0000000000 1.0000000000 -14.4203770112 292.9430942283 516.0404274021
41.0000000000 1.0000000000 -33.2373909980 314.7536169813 502.1421739701
42.0000000000 1.0000000000 -45.9683480268 247.0391601443 537.7544893141
43.0000000000 1.0000000000 -83.8383490446 384.7539022047 444.1361192363
44.0000000000 1.0000000000 -87.4024930282 338.5566791093 479.6472721548
45.0000000000 1.0000000000 -166.1527530941 299.9663541699 484.4943502744
46.0000000000 1.0000000000 -169.7854921455 225.2559721930 522.2585184474
47.0000000000 1.0000000000 -190.7456162326 314.3651243833 465.9527925682
48.0000000000 1.0000000000 -190.5528780307 253.1162500408 501.9393300809
49.0000000000 1.0000000000 -266.9892641209 -284.9841791290 447.0146272024
50.0000000000 1.0000000000 -229.3592221170 259.6504871325 481.9723002459
51.0000000000 1.0000000000 -295.9437172005 -238.9590021619 455.6722923087
52.0000000000 1.0000000000 -253.1999051655 180.9137051182 505.4516453303
53.0000000000 1.0000000000 -277.6537870946 -94.1978030321 516.0973501758
54.0000000000 1.0000000000 -273.9387829995 28.2786249999 525.8128839991
55.0000000000 1.0000000000 362.9237992309 -178.5919971136 434.4105672763
56.0000000000 1.0000000000 354.6179049478 1.7998129997 475.9876349299
57.0000000000 1.0000000000 345.0602743064 -120.8001801073 467.6131414152
58.0000000000 1.0000000000 333.8836632667 222.8644631780 437.2350133493
59.0000000000 1.0000000000 315.7994901699 -218.6952021176 452.5090242434
60.0000000000 1.0000000000 300.1596820703 -261.4048350612 440.3328331031
61.0000000000 1.0000000000 317.2578494051 54.6560130698 498.6797606367
62.0000000000 1.0000000000 245.8544071288 -342.6506131794 417.6930622187
63.0000000000 1.0000000000 283.5238331131 -146.0411710583 500.6071701997
64.0000000000 1.0000000000 288.1328171958 -68.3121900464 514.4261373496
65.0000000000 1.0000000000 289.4062218767 166.9119809289 490.6177287910
66.0000000000 1.0000000000 265.1088109907 261.5385059908 462.2080209838
67.0000000000 1.0000000000 163.3083689696 -411.8609959232 394.9964849264
68.0000000000 1.0000000000 167.5900041523 -386.7044133515 417.9648473799
69.0000000000 1.0000000000 241.8731401273 142.5125780750 522.9807602751
70.0000000000 1.0000000000 130.5872421027 -379.6716752985 437.1701243437
71.0000000000 1.0000000000 168.0669410110 308.5471060202 478.4072670313
72.0000000000 1.0000000000 62.4551530243 -427.9429271665 406.5532331582
73.0000000000 1.0000000000 -41.3447230328 -429.8868053414 407.1968503234
74.0000000000 1.0000000000 -27.3607560099 -394.3581511424 442.7802661599
75.0000000000 1.0000000000 -159.2962939103 -392.0470427793 416.2272617657
76.0000000000 1.0000000000 -159.6336199197 127.6979039358 557.2536937197
77.0000000000 1.0000000000 -192.0518920894 187.0372110871 529.5795302466
78.0000000000 1.0000000000 -251.8615132402 -182.9889891745 505.3732624821
79.0000000000 1.0000000000 -226.3919750699 -101.7684750314 539.1763881665
80.0000000000 1.0000000000 -223.9405021116 23.0098400115 549.2199242737
81.0000000000 1.0000000000 -334.5288458338 -149.3539759258 467.0173097679
82.0000000000 1.0000000000 -308.4631682337 -43.8516260332 505.2215703828
83.0000000000 1.0000000000 397.2692529229 8.9791769983 440.9283859144
84.0000000000 1.0000000000 337.1138148868 -54.2515579818 485.5227808369
85.0000000000 1.0000000000 270.3104071463 -286.6744611551 443.9272052402
86.0000000000 1.0000000000 272.6652680847 -172.3885690535 498.2541111547
87.0000000000 1.0000000000 285.0499460053 39.7809540007 519.1197650097
88.0000000000 1.0000000000 245.9734270235 -181.1931330173 508.9080940487
89.0000000000 1.0000000000 262.0457409854 -36.1685889980 531.3616369704
90.0000000000 1.0000000000 218.7355681005 -288.8431311327 470.1549992160
91.0000000000 1.0000000000 208.1009330531 -253.9755360648 494.4812991262
92.0000000000 1.0000000000 231.8281611397 116.9759540705 533.7543033217
93.0000000000 1.0000000000 139.4816850263 -343.9436500647 463.2158800872
94.0000000000 1.0000000000 164.7698790816 -149.1408080739 550.3900732726
95.0000000000 1.0000000000 187.5023651400 -35.4003050264 562.0596124198
96.0000000000 1.0000000000 173.4064890375 -44.0135360095 565.9631831225
97.0000000000 1.0000000000 149.8901710035 -118.2004420027 562.0346240130
98.0000000000 1.0000000000 174.9867379210 92.5495319582 559.5851607474
99.0000000000 1.0000000000 65.8398250463 -406.0614212855 427.9025193009
100.0000000000 1.0000000000 90.1918900375 -330.0836841371 485.0067122015
101.0000000000 1.0000000000 100.9209159779 -263.8553709421 522.0312618855
102.0000000000 1.0000000000 85.9971870571 -258.5895111717 527.3113643501
103.0000000000 1.0000000000 95.0264860516 -190.2775241033 554.1531893009
104.0000000000 1.0000000000 80.0587360437 -210.6861701151 549.1113393000
105.0000000000 1.0000000000 91.4986589887 -134.0080819835 570.9563519297
106.0000000000 1.0000000000 112.3622781020 126.1445241145 569.0198625164
107.0000000000 1.0000000000 9.1150329992 -350.9956379675 478.5815549557
108.0000000000 1.0000000000 -11.6239560026 -387.4542470861 449.5168700999
109.0000000000 1.0000000000 72.2707310250 -28.4740310099 588.4619762038
110.0000000000 1.0000000000 42.1832600421 -100.2687861001 583.5135555827
111.0000000000 1.0000000000 46.1072209888 17.0094099959 591.5286388560
112.0000000000 1.0000000000 -28.0440400061 -296.4238310642 513.4859011112
113.0000000000 1.0000000000 -26.0267000266 -217.2996942223 551.7470255644
114.0000000000 1.0000000000 -13.1370440080 -115.1590320705 582.1401393564
115.0000000000 1.0000000000 -69.4254290605 -278.7419472429 519.4269564526
116.0000000000 1.0000000000 -47.6865179893 -178.7689439599 563.9937828736
117.0000000000 1.0000000000 -20.5813459945 210.6153089440 554.5619228526
118.0000000000 1.0000000000 -74.1523430614 -251.9011612085 532.3237374407
119.0000000000 1.0000000000 -120.3950990789 -366.3672832400 451.2220742956
120.0000000000 1.0000000000 -46.9269330265 -93.7599530529 584.2330533296
121.0000000000 1.0000000000 -37.8220970311 18.8693370155 592.0597634862
122.0000000000 1.0000000000 -131.3117610483 -311.2372441144 488.0675421794
123.0000000000 1.0000000000 -64.6767320438 -27.0822140184 589.4105533994
124.0000000000 1.0000000000 -101.8848179874 -174.4708629784 558.1225029309
125.0000000000 1.0000000000 -128.5977890509 -206.9734680819 541.2447862141
126.0000000000 1.0000000000 -106.4923089991 -112.5774279990 572.9808349951
127.0000000000 1.0000000000 -86.0313060993 120.5637971391 574.7906676633
128.0000000000 1.0000000000 -163.1185390536 -207.5010270682 531.6549561748
129.0000000000 1.0000000000 -142.9182441147 -69.1595480555 571.9376354590
130.0000000000 1.0000000000 -214.3610951242 -269.5565801562 483.4355152802
131.0000000000 1.0000000000 -213.3875631977 -244.6821842267 496.9081434603
132.0000000000 1.0000000000 -215.4731160115 -167.3953200089 527.1351530281
133.0000000000 1.0000000000 -189.1151051764 -64.6268990603 558.9098025214
