0.0000000000 1036.6056188576 234.6639030000 972.3462892683 241.1905599816
1.0000000000 4867.6922127937 297.2270240000 4947.7657094712 323.2003541193
2.0000000000 6727.7332487209 315.4886260000 6815.1850743103 331.8208328241
3.0000000000 13653.0092599347 397.5465540000 13505.0346137113 441.2328538196
4.0000000000 2033.9912102188 200.3585420000 2008.3222610806 193.8519280090
5.0000000000 2256.0733120084 155.3771710000 2024.0306103795 188.4317041721
6.0000000000 5272.1514356713 305.1261410000 5322.0484336530 292.6633638879
7.0000000000 13229.0416846885 390.1086900000 13341.6762249172 433.9288036411
8.0000000000 5133.3641642515 256.4118090000 5186.5985917825 282.8223050092
9.0000000000 5843.7633877062 284.6308000000 5793.1868495529 315.3189897013
10.0000000000 4896.0840963938 274.5877020000 4751.7772862770 301.8266419200
11.0000000000 7101.9569267433 294.1473610000 7012.3222924745 320.7515059922
12.0000000000 8734.2510692794 356.2451659294 9342.0905834850 365.8743228139
13.0000000000 4635.5616343334 223.1692230000 4564.1807528200 274.2955986405
14.0000000000 7690.9256198374 317.8460880000 8001.2071900396 344.2544468319
15.0000000000 10256.2697096132 336.1474770000 10324.0505788318 382.4971816011
16.0000000000 2747.7118886444 240.2420980000 2683.0675280773 267.9808259624
17.0000000000 9407.9278669848 284.4277019979 7658.9309580136 337.9062340671
18.0000000000 7061.9663963000 302.7175060000 7131.7014479629 346.9026420054
19.0000000000 9591.9370911805 354.0647120000 9820.2404565917 399.7078607397
20.0000000000 17686.6594130101 449.4589730000 17993.7469793076 497.0744452150
21.0000000000 4686.3858599182 251.3252060000 4635.3713082329 280.5793900117
22.0000000000 13875.7856032607 453.4223750000 13984.8440775381 459.6342834992
23.0000000000 7848.1218053739 303.9134660000 8088.5315502532 337.4440519922
24.0000000000 14713.9397256208 392.8691610000 15269.9201570815 477.5623285164
25.0000000000 9346.7880758983 342.8877690000 8832.7620177698 373.7305885790
26.0000000000 4387.6257273083 267.7881020000 4116.4375364790 274.4307643802
27.0000000000 8370.5799181187 328.8084040000 8263.2366870507 349.6416377911
28.0000000000 17419.6894597878 456.0673900000 17840.5483439159 501.7297994208
29.0000000000 9978.5166603898 358.7815600000 9964.2671258708 391.2419363205
30.0000000000 16847.7452515486 482.9105670000 16117.6269013293 496.9733307478
31.0000000000 3393.3949763682 237.0329580000 3543.5379215038 248.2110735170
32.0000000000 10262.9750783900 385.8776903783 10357.9467253863 395.5879673040
33.0000000000 9488.3532368388 328.3390540000 9504.7142219747 359.4291133404
34.0000000000 6673.2469040527 338.0550140000 6893.7547446639 344.1627931176
35.0000000000 4769.8243382688 275.6302800000 4661.6028334048 292.1748776864
36.0000000000 8484.2245186415 349.9596260000 8341.7033197426 369.1290871002
37.0000000000 10778.1144709225 409.5403240000 10584.5806088293 417.3386287001
38.0000000000 13451.9232528317 399.5471790000 13636.2867265156 437.4738701695
39.0000000000 7628.2195705369 335.4136850000 7524.9287384260 362.1506386765
40.0000000000 25606.8441581226 568.2146840000 25468.7453664216 601.6534388680
41.0000000000 7335.4770687602 282.3745800000 7161.5502290582 338.8044834134
42.0000000000 13188.1873373439 369.7756230000 13339.8573300896 432.5850560569
43.0000000000 7897.1437758362 313.4552420000 8436.1262789818 349.6520490189
44.0000000000 13855.5965231852 413.1970710000 14000.6477440224 437.9992747470
45.0000000000 5652.7979427468 305.0906300000 5408.7408614700 324.3075716096
46.0000000000 8182.3825043845 336.9673130000 8885.2271427964 374.2374856741
47.0000000000 5358.3988109914 263.2489340000 5369.7824541983 282.9301170838
48.0000000000 5913.6724509431 280.8303680000 5859.9799822550 298.7934657856
49.0000000000 14784.9027770523 436.8779980000 14615.8079000418 465.8529207327
50.0000000000 11416.0802416394 379.4028960000 11270.6858422430 405.8639127656
51.0000000000 15617.2450169973 450.4003210000 15473.5216977280 478.0451071586
52.0000000000 11750.2595912216 406.2310230000 11750.0435727799 438.2909679012
53.0000000000 4882.9823595122 257.1958200000 4895.0934818045 283.8382704339
54.0000000000 25748.8623832983 552.3375620000 25502.1389298502 598.0855072033
55.0000000000 4535.5678954469 285.0614440000 4834.3040996027 322.6445051900
56.0000000000 14251.4366252787 407.5086700000 13957.8347541015 436.5139355122
57.0000000000 3888.4040153613 222.0641250000 3832.4250839153 253.6650613881
58.0000000000 1112.3454016611 325.1446450000 462.1097735108 2106.0429271674
59.0000000000 2355.5140898456 189.6996620000 2607.6964369446 211.1969188567
60.0000000000 16116.5473965202 442.1747770000 15702.9243146282 481.1167250942
61.0000000000 6578.6543516762 283.7693880000 6382.9566159477 306.4517643448
62.0000000000 -13200.8326180913 259.4088370000 -13379.3601106009 1968.8635058990
63.0000000000 11848.4204784298 375.7825250000 11552.2146563019 404.8187516268
64.0000000000 2074.1926843412 188.1723710000 2005.6069877571 221.6670522417
65.0000000000 25175.5312110385 376.2258290000 26557.7276766599 2104.6584150074
66.0000000000 2926.3278351327 320.7944660000 2902.8899273672 313.4263444929
67.0000000000 2686.1307181876 348.4334790000 2241.1933268403 343.7675252371
