0.0000000000 1.0000000000 323.8273781548 144.0231400688 476.1454512276
1.0000000000 1.0000000000 427.7315971142 -411.5422302421 0.0000000000
2.0000000000 1.0000000000 -293.3554331880 -158.7748741017 490.9729683146
3.0000000000 1.0000000000 -280.9291912280 215.6218701750 476.3479033866
4.0000000000 1.0000000000 -294.6732691501 73.7979890376 509.9439652598
5.0000000000 1.0000000000 -305.8791100442 -22.6584520033 508.1789950735
6.0000000000 1.0000000000 -296.7247560260 117.6252400103 500.4398550439
7.0000000000 1.0000000000 451.2212879127 88.6014619829 375.3271329274
8.0000000000 1.0000000000 441.6429689929 60.8149099990 391.8856479937
9.0000000000 1.0000000000 428.6282628770 -70.5812109797 404.4965158839
10.0000000000 1.0000000000 408.3937131737 -127.4458170542 411.4528711750
11.0000000000 1.0000000000 415.9649981286 200.4612300620 372.9741841153
12.0000000000 1.0000000000 388.0097772688 -195.7903281356 404.2720452801
13.0000000000 1.0000000000 414.5830562015 174.2641160847 387.3941581883
14.0000000000 1.0000000000 412.3474740663 55.7830010090 423.2955750680
15.0000000000 1.0000000000 392.1885181076 177.9207420488 408.4772971120
16.0000000000 1.0000000000 381.0155473218 242.9300692051 384.8810993250
17.0000000000 1.0000000000 388.9903860519 133.4473450178 428.0182380571
18.0000000000 1.0000000000 382.5714541627 211.1192280898 401.7325981709
19.0000000000 1.0000000000 343.7055161157 -263.2401790886 406.0695171367
20.0000000000 1.0000000000 369.8265323099 -154.8563361298 437.6861633667
21.0000000000 1.0000000000 337.0052822221 154.6646131019 463.4950093054
22.0000000000 1.0000000000 261.6093102200 -350.5223542948 401.2679583375
23.0000000000 1.0000000000 305.0881412364 315.0321892441 399.9965903099
24.0000000000 1.0000000000 305.9969637710 261.4259058044 436.2839446735
25.0000000000 1.0000000000 256.6488201080 231.7376890975 482.4420722030
26.0000000000 1.0000000000 222.7296820938 370.8671901561 406.4115431711
27.0000000000 1.0000000000 231.6139549450 314.6578329253 446.8408558939
28.0000000000 1.0000000000 215.0007081475 224.5156831541 505.6567313470
29.0000000000 1.0000000000 165.6083321011 261.8385941598 506.2961163091
30.0000000000 1.0000000000 139.8064250589 393.5390701657 421.7848861776
31.0000000000 1.0000000000 131.7274031094 340.8715292831 467.7347733885
32.0000000000 1.0000000000 118.0931481069 239.4318112167 530.1393614798
33.0000000000 1.0000000000 106.7570369494 134.8606709361 568.0993407310
34.0000000000 1.0000000000 87.4892171240 338.9873534803 479.3271716792
35.0000000000 1.0000000000 70.9800280545 262.2862022014 527.7206744052
36.0000000000 1.0000000000 59.0058649964 291.1859089820 513.8583469682
37.0000000000 1.0000000000 26.7309440136 380.2223271939 455.0140272321
38.0000000000 1.0000000000 19.0000310123 401.1892852592 437.0440282824
39.0000000000 1.0000000000 17.2376679952 205.8304099426 556.4692548448
40.0000000000 1.0000000000 -19.7884090137 295.6758562052 514.3010143569
41.0000000000 1.0000000000 -23.5434019960 308.2555909474 506.7006269136
42.0000000000 1.0000000000 -50.0446900571 246.2462332810 537.7542636136
43.0000000000 1.0000000000 -84.3522100472 390.4470002187 439.0411952459
44.0000000000 1.0000000000 -86.5825109922 340.7386659694 478.2488439570
45.0000000000 1.0000000000 -168.4236931660 301.5978142973 482.6940484758
46.0000000000 1.0000000000 -172.2521410589 224.3341270766 521.8474161783
47.0000000000 1.0000000000 -193.2172380631 315.4998631030 464.1640461516
48.0000000000 1.0000000000 -189.8278862580 249.1408393386 504.1979196853
49.0000000000 1.0000000000 -267.5270023181 -288.7182333433 444.2886575283
50.0000000000 1.0000000000 -230.2536501683 259.8278561899 481.4499643519
51.0000000000 1.0000000000 -308.8309639834 -234.0003769874 449.6538509758
52.0000000000 1.0000000000 -255.0855292616 185.1172041898 502.9754665158
53.0000000000 1.0000000000 -275.0164770848 -95.3472880294 517.2969731594
54.0000000000 1.0000000000 -272.5909031318 29.8183660144 526.4279542545
55.0000000000 1.0000000000 362.7214167827 -178.7322328929 434.5219087397
56.0000000000 1.0000000000 356.9870573981 3.1528480035 474.2063125289
57.0000000000 1.0000000000 345.0293099188 -119.6796709718 467.9240088899
58.0000000000 1.0000000000 335.2227045177 222.1667563431 436.5649976743
59.0000000000 1.0000000000 315.3600601626 -219.7940881133 452.2830062331
60.0000000000 1.0000000000 299.6984652234 -264.1236561969 439.0226083273
61.0000000000 1.0000000000 315.4556088421 61.4812259692 499.0281997502
62.0000000000 1.0000000000 246.3075610629 -342.1299630873 417.8528451066
63.0000000000 1.0000000000 287.8414732838 -144.6762031426 498.5352634916
64.0000000000 1.0000000000 291.3520050417 -67.8516990097 512.6709300733
65.0000000000 1.0000000000 293.1130350017 163.1418480009 489.6844010028
66.0000000000 1.0000000000 265.8995520896 261.3884010881 461.8385631557
67.0000000000 1.0000000000 161.0756510646 -412.9310801657 394.7960031584
68.0000000000 1.0000000000 167.9836770352 -387.0482150812 417.4883110876
69.0000000000 1.0000000000 246.2076970949 138.9678400536 521.9109462012
70.0000000000 1.0000000000 130.7221749801 -383.8085019417 433.5021029341
71.0000000000 1.0000000000 168.0304639972 307.5941579949 479.0333219921
72.0000000000 1.0000000000 63.6234830414 -429.5898122792 404.6306612630
73.0000000000 1.0000000000 -45.7205610224 -428.7165182097 407.9621351995
74.0000000000 1.0000000000 -29.5335250178 -397.1184402392 440.1659252652
75.0000000000 1.0000000000 -161.2513791080 -391.8887322626 415.6230752785
76.0000000000 1.0000000000 -163.6944340137 127.2708410106 556.1722680465
77.0000000000 1.0000000000 -194.9381241865 188.3675451802 528.0512495052
78.0000000000 1.0000000000 -246.7258459949 -183.4419779962 507.7368649896
79.0000000000 1.0000000000 -227.6640801160 -101.7835970519 538.6376262745
80.0000000000 1.0000000000 -224.1909911579 26.2771100185 548.9710733866
81.0000000000 1.0000000000 -334.1533471476 -153.1229680676 466.0646132059
82.0000000000 1.0000000000 -307.4832800144 -43.2992440020 505.8661230237
83.0000000000 1.0000000000 395.6378271500 9.4468520036 442.3830841678
84.0000000000 1.0000000000 338.9387301678 -52.7323100261 484.4183802398
85.0000000000 1.0000000000 269.0006111370 -288.9690511471 443.2345712257
86.0000000000 1.0000000000 273.9150831043 -169.1106440644 498.6917321900
87.0000000000 1.0000000000 284.1264169929 46.5636309988 519.0619749871
88.0000000000 1.0000000000 248.4346128159 -181.0690318658 507.7554286236
89.0000000000 1.0000000000 262.3133721663 -35.3795940224 531.2826983369
90.0000000000 1.0000000000 217.7136638932 -287.8012498588 471.2669387688
91.0000000000 1.0000000000 208.6707900393 -256.7122370483 492.8251770928
92.0000000000 1.0000000000 236.8550262950 118.2080741472 531.2700576616
93.0000000000 1.0000000000 138.3941550607 -345.3786821515 462.4737292029
94.0000000000 1.0000000000 167.1776229463 -150.7123019516 549.2347138237
95.0000000000 1.0000000000 183.9622531143 -32.2534570200 563.4171903500
96.0000000000 1.0000000000 175.0459491203 -38.6021080265 565.8534433889
97.0000000000 1.0000000000 150.9203689489 -117.9448429601 561.8125868099
98.0000000000 1.0000000000 172.1050339017 95.1658869457 560.0398536802
99.0000000000 1.0000000000 67.0661000218 -407.6936751327 426.1564641387
100.0000000000 1.0000000000 92.7074880468 -330.3690511669 484.3376282447
101.0000000000 1.0000000000 100.4316349999 -268.7341049997 519.6314019994
102.0000000000 1.0000000000 85.8254389705 -260.8935099104 526.2032848194
103.0000000000 1.0000000000 93.2112540614 -193.3141171272 553.4100113643
104.0000000000 1.0000000000 77.3546880099 -213.3047720274 548.4876050703
105.0000000000 1.0000000000 91.7617499663 -133.7022219509 570.9858347902
106.0000000000 1.0000000000 109.3625770908 128.2768281065 569.1275854723
107.0000000000 1.0000000000 8.8740320061 -352.1101762409 477.7666813269
108.0000000000 1.0000000000 -10.3853089981 -389.9319719281 447.3997419175
109.0000000000 1.0000000000 69.6293569833 -23.7687999943 588.9890688591
110.0000000000 1.0000000000 42.6618420153 -99.4741910357 583.6147522092
111.0000000000 1.0000000000 45.9396799907 19.9561759960 591.4495948807
112.0000000000 1.0000000000 -27.3517229918 -299.1770329101 511.9241278462
113.0000000000 1.0000000000 -30.9709380279 -217.6817071960 551.3409124965
114.0000000000 1.0000000000 -14.4916390112 -114.3796400883 582.2616394496
115.0000000000 1.0000000000 -70.1822890698 -279.3019222777 519.0242855161
116.0000000000 1.0000000000 -49.6675770093 -177.8453470334 564.1147851060
117.0000000000 1.0000000000 -24.5928299984 208.2297229868 555.2989299648
118.0000000000 1.0000000000 -74.5031029860 -257.1672189518 529.7505409007
119.0000000000 1.0000000000 -118.8356660511 -367.5085511580 450.7070841938
120.0000000000 1.0000000000 -48.2992409907 -94.2125489818 584.0483758873
121.0000000000 1.0000000000 -37.3829850134 18.8103550067 592.0895282122
122.0000000000 1.0000000000 -131.5847860470 -313.2177871118 486.7251671737
123.0000000000 1.0000000000 -68.5261119735 -27.0031749896 588.9790547726
124.0000000000 1.0000000000 -105.9166260033 -175.2809560054 557.1172060172
125.0000000000 1.0000000000 -129.3233010225 -207.1463890360 541.0057150941
126.0000000000 1.0000000000 -108.9532520618 -114.3354460648 572.1694863245
127.0000000000 1.0000000000 -89.9532290014 121.0162530018 574.0947740088
128.0000000000 1.0000000000 -159.6563300708 -210.2932760932 531.6088042357
129.0000000000 1.0000000000 -145.6161371304 -66.9530550600 571.5195145119
130.0000000000 1.0000000000 -214.4600592504 -271.0635273164 482.5482085633
131.0000000000 1.0000000000 -214.9676869623 -245.2179949570 495.9620499130
132.0000000000 1.0000000000 -211.2456729363 -169.8695269488 528.0539138407
133.0000000000 1.0000000000 -189.5322211956 -64.6753010668 558.7628915767
