0.0000000000 1009.2069013507 234.6639030000 952.6884601274 227.0828896613
1.0000000000 4876.8040856576 297.2270240000 4708.4793723203 315.0493754794
2.0000000000 6665.5161401562 315.4886260000 6224.6979465015 324.7912541217
3.0000000000 13615.1726925089 397.5465540000 13309.1622795821 435.7235466477
4.0000000000 2055.6191084333 200.3585420000 2080.2843963883 196.0253190808
5.0000000000 2163.2652508491 155.3771710000 2049.1437611812 189.5246616975
6.0000000000 5453.4679879563 305.1261410000 5773.1916409747 301.1827989242
7.0000000000 13387.4091268675 390.1086900000 13445.2460271881 438.8825666671
8.0000000000 5103.9181753257 256.4118090000 4839.7953483160 275.8116257999
9.0000000000 5928.7085134526 284.6308000000 6086.2639697723 324.0789921131
10.0000000000 4977.4539352619 274.5877020000 5228.6927234956 308.3582303866
11.0000000000 7144.8059187794 294.1473610000 7171.2811492144 324.2959472567
12.0000000000 9196.1362241997 364.2650694753 9730.1330881869 371.2756715029
13.0000000000 4680.8057556496 223.1692230000 4784.5835415743 279.7805446851
14.0000000000 7780.0409612985 317.8460880000 7564.8420456492 335.1372281779
15.0000000000 10427.6330987766 336.1474770000 10633.5501458704 385.3785644854
16.0000000000 2781.3579667045 240.2420980000 2867.3682498933 279.4467001763
17.0000000000 8990.7089549383 295.5056878803 9012.3079393395 364.0391967315
18.0000000000 7206.7697686948 302.7175060000 7399.3623282320 347.4954634410
19.0000000000 9766.3068470904 354.0647120000 9840.3151776367 394.9382145761
20.0000000000 18019.7799551288 449.4589730000 18288.7518896859 501.7542766076
21.0000000000 4708.2886563871 251.3252060000 4695.5207954007 278.3794163753
22.0000000000 13963.9566236859 453.4223750000 13724.6590587833 453.7227366187
23.0000000000 7957.3058117357 303.9134660000 7869.1386071141 333.9824477198
24.0000000000 15015.5397173736 392.8691610000 15105.7874509372 474.9883267462
25.0000000000 9351.5023426952 342.8877690000 9597.0901710854 387.5519419830
26.0000000000 4384.5016282582 267.7881020000 4493.9282491739 282.0679104485
27.0000000000 8188.3103510990 328.8084040000 7535.7469015833 335.5163727067
28.0000000000 17730.7283970292 456.0673900000 17827.9030166866 500.2955866782
29.0000000000 9959.5453988941 358.7815600000 9663.6170041029 385.3278428000
30.0000000000 16552.9401943470 482.9105670000 15888.6115456523 491.4596324545
31.0000000000 3454.8090861634 237.0329580000 3400.7133696454 244.4344960879
32.0000000000 10525.9167639714 403.1799770000 10894.5494584712 402.4576969215
33.0000000000 9522.1449685924 328.3390540000 9367.7768124881 357.5868533909
34.0000000000 6905.8108052636 338.0550140000 7191.5939233484 352.2266856125
35.0000000000 4795.5935541239 275.6302800000 4842.6285664305 292.4980672700
36.0000000000 8511.4143423796 349.9596260000 8504.4499848980 372.9164858272
37.0000000000 10735.0139239948 409.5403240000 10486.7874037341 414.3793681120
38.0000000000 13636.2540253765 399.5471790000 13681.2692565197 437.4734571508
39.0000000000 7704.8872439994 335.4136850000 7829.3863594621 371.5247706991
40.0000000000 25689.5555233479 568.2146840000 25373.9392056341 602.6462455249
41.0000000000 7374.4949127802 282.3745800000 7488.4705013422 340.8996130104
42.0000000000 13364.7546236210 369.7756230000 13460.6015550356 433.8377263807
43.0000000000 8045.0386658085 313.4552420000 7811.1746784699 338.8178837723
44.0000000000 13994.0854058064 413.1970710000 13900.3890367651 437.6086691961
45.0000000000 5531.3629070249 305.0906300000 5237.6130439744 321.8491406350
46.0000000000 8430.3878103598 336.9673130000 8309.9453936794 362.3165973144
47.0000000000 5410.9812994495 263.2489340000 5418.1336267941 284.0348310147
48.0000000000 6000.0239639013 280.8303680000 6144.7200869583 304.7543800670
49.0000000000 15079.2789133592 436.8779980000 15724.2602846643 481.7051283863
50.0000000000 11410.9078925962 379.4028960000 11220.9463512025 403.8580442627
51.0000000000 15627.5102004021 450.4003210000 15379.7780907074 480.5529439930
52.0000000000 11820.4104827224 406.2310230000 11733.6629734284 437.5084272179
53.0000000000 4949.7294491093 257.1958200000 5010.5516841578 290.6348560585
54.0000000000 26005.5918677810 552.3375620000 26325.6827181655 608.4325184187
55.0000000000 4518.2615525279 285.0614440000 4095.9873764147 301.8649134479
56.0000000000 14172.4595919016 407.5086700000 13841.4156247606 434.4457396895
57.0000000000 3844.8536869524 222.0641250000 3684.2040747383 247.3268213251
58.0000000000 1325.4877706785 325.1446450000 2319.9519179074 2108.9880024021
59.0000000000 2358.5693482596 189.6996620000 2086.0414736310 192.5855514796
60.0000000000 16134.8243637357 442.1747770000 16155.1905534062 490.2341935014
61.0000000000 6662.5396251980 283.7693880000 6914.4036024117 317.1920429893
62.0000000000 -13382.6639136538 259.4088370000 -13895.7330526430 1976.7123813559
63.0000000000 11766.5546782184 375.7825250000 11489.6946536314 406.4596175152
64.0000000000 2060.7153670134 188.1723710000 2034.1566176234 223.5485847512
65.0000000000 25609.8815037721 376.2258290000 25380.1975326618 2130.1763106005
66.0000000000 2812.2109357857 320.7944660000 2312.7452691593 327.8122371179
67.0000000000 2382.6025621471 348.4334790000 1664.8450428692 399.5544746906
