0.0000000000 1.0000000000 325.8300212511 148.5784691145 473.3714843647
1.0000000000 1.0000000000 427.2733420341 -412.0179821677 0.0000000000
2.0000000000 1.0000000000 -292.6527423665 -162.0409852029 490.3248086140
3.0000000000 1.0000000000 -285.0678620440 216.5059430335 473.4794790732
4.0000000000 1.0000000000 -295.0385859150 65.4215959811 510.8753018527
5.0000000000 1.0000000000 -301.4693210576 -12.1937440023 511.1642470976
6.0000000000 1.0000000000 -291.8900369637 137.9380349829 498.0909869381
7.0000000000 1.0000000000 446.7100581283 92.3427610265 379.7950301091
8.0000000000 1.0000000000 441.9337699726 60.1835299963 391.6552209757
9.0000000000 1.0000000000 430.6096171807 -68.3534150287 402.7710201690
10.0000000000 1.0000000000 409.5341352625 -126.7477580813 410.5339502632
11.0000000000 1.0000000000 417.8586282019 198.0402480957 372.1499071798
12.0000000000 1.0000000000 390.4019371932 -196.5091650972 401.6115061987
13.0000000000 1.0000000000 414.3068088477 173.3360969363 388.1053878573
14.0000000000 1.0000000000 416.0401839986 55.8172829998 419.6621529986
15.0000000000 1.0000000000 391.0769161025 180.2722870472 408.5120251071
16.0000000000 1.0000000000 381.4402398930 243.1120069318 384.3451858922
17.0000000000 1.0000000000 390.3546929125 132.4249119703 427.0927099043
18.0000000000 1.0000000000 383.5953381782 206.6841780960 403.0602851873
19.0000000000 1.0000000000 346.5079192351 -266.5251431808 401.5195342724
20.0000000000 1.0000000000 371.7669450943 -152.5743020387 436.8429321108
21.0000000000 1.0000000000 338.0256359146 158.7764059599 461.3567478834
22.0000000000 1.0000000000 267.2029442293 -350.8009103010 397.3193103409
23.0000000000 1.0000000000 304.9443881322 316.2060111371 399.1791641731
24.0000000000 1.0000000000 305.8470153688 262.5790333166 435.6962025254
25.0000000000 1.0000000000 261.0599729881 232.8901639893 479.5114059781
26.0000000000 1.0000000000 219.2457780981 367.7923551646 411.0734711839
27.0000000000 1.0000000000 228.0176260915 310.6947221247 451.4400051812
28.0000000000 1.0000000000 215.1250702571 224.6266682684 505.5545376041
29.0000000000 1.0000000000 167.6130409980 256.7055459969 508.2612099938
30.0000000000 1.0000000000 140.1847410822 391.7874402298 423.2873332483
31.0000000000 1.0000000000 134.6707960763 338.2052641916 468.8307822656
32.0000000000 1.0000000000 119.4103689685 245.0062179355 527.2897148611
33.0000000000 1.0000000000 103.3827400276 135.1791630361 568.6474561517
34.0000000000 1.0000000000 88.2958730001 337.8681430006 479.9690440008
35.0000000000 1.0000000000 73.1716100396 259.3474651404 528.8725122863
36.0000000000 1.0000000000 58.5593490253 295.2265691277 511.5988682213
37.0000000000 1.0000000000 25.2393350141 380.2020652131 455.1161302550
38.0000000000 1.0000000000 17.5378570026 402.4202590589 435.9721150639
39.0000000000 1.0000000000 10.0845420076 209.8414121571 555.1452154157
40.0000000000 1.0000000000 -16.6386390099 293.6574951740 515.5674133055
41.0000000000 1.0000000000 -28.6575440327 316.0351723602 501.6192195718
42.0000000000 1.0000000000 -45.8431009968 245.5455709829 538.4487989626
43.0000000000 1.0000000000 -88.6085550490 386.9230322138 441.3166862438
44.0000000000 1.0000000000 -90.4074460207 341.8631840784 476.7361781094
45.0000000000 1.0000000000 -172.2482031402 304.0533032475 479.7952393905
46.0000000000 1.0000000000 -176.2976419779 226.2957429716 519.6447869348
47.0000000000 1.0000000000 -191.4031819534 316.3952189229 464.3061638869
48.0000000000 1.0000000000 -194.9008359554 257.9860079409 497.7732518860
49.0000000000 1.0000000000 -268.1644301635 -293.2776541788 440.9051852689
50.0000000000 1.0000000000 -232.2351340548 263.5982140622 478.4392861130
51.0000000000 1.0000000000 -306.3285941946 -239.1999991519 448.6284422850
52.0000000000 1.0000000000 -262.0021361805 185.1473151276 499.3963143441
53.0000000000 1.0000000000 -279.0210121555 -97.1043180541 514.8197282870
54.0000000000 1.0000000000 -276.3731410147 29.2807350016 524.4824610280
55.0000000000 1.0000000000 365.3991732544 -177.7222101238 432.6887873013
56.0000000000 1.0000000000 359.9610861075 2.9077620009 471.9543281410
57.0000000000 1.0000000000 345.8606211033 -120.7646320361 467.0306851394
58.0000000000 1.0000000000 335.0444668945 221.6810159302 436.9485768624
59.0000000000 1.0000000000 317.3156123827 -217.8257072627 451.8673365450
60.0000000000 1.0000000000 301.9074349850 -265.2367109869 436.8325929784
61.0000000000 1.0000000000 321.3271112055 58.0051710371 495.6870123171
62.0000000000 1.0000000000 247.3878002130 -346.4278742982 413.6524273561
63.0000000000 1.0000000000 286.1043459128 -146.0353989555 499.1385498479
64.0000000000 1.0000000000 289.2338592805 -69.4349550673 513.6573644981
65.0000000000 1.0000000000 291.8336690391 167.0761610224 489.1216540655
66.0000000000 1.0000000000 264.9508299954 261.3991679955 462.3773989920
67.0000000000 1.0000000000 161.2226560917 -417.0575662371 390.3736262220
68.0000000000 1.0000000000 167.4361350819 -389.9150841908 415.0333652031
69.0000000000 1.0000000000 240.9926101585 144.0669790947 522.9613693439
70.0000000000 1.0000000000 130.7328749901 -382.3532369712 434.7829849672
71.0000000000 1.0000000000 167.1549179568 309.3201869201 478.2275418764
72.0000000000 1.0000000000 61.3304640244 -431.8441581721 402.5798351604
73.0000000000 1.0000000000 -43.9296090168 -431.1022211653 405.6382511555
74.0000000000 1.0000000000 -30.7135259939 -398.8508579214 438.5156769136
75.0000000000 1.0000000000 -160.8155789630 -393.5537209095 414.2163019047
76.0000000000 1.0000000000 -162.0775340789 132.5460410645 555.4131312704
77.0000000000 1.0000000000 -194.9629181232 190.0921881201 527.4236883333
78.0000000000 1.0000000000 -250.6051192199 -187.9613941650 504.1715134425
79.0000000000 1.0000000000 -226.6859032467 -103.0654561122 538.8064025865
80.0000000000 1.0000000000 -226.6007162084 28.3012570260 547.8799875038
81.0000000000 1.0000000000 -333.5352574090 -158.7925061947 464.6078975697
82.0000000000 1.0000000000 -304.5683569866 -52.9848629977 506.7070619778
83.0000000000 1.0000000000 397.3740002074 7.0247900037 440.8694622301
84.0000000000 1.0000000000 340.6772908715 -55.1075829792 482.9321528178
85.0000000000 1.0000000000 266.0177008982 -292.3048208881 442.8473788305
86.0000000000 1.0000000000 272.1351730248 -173.2852770158 498.2328640454
87.0000000000 1.0000000000 284.5085090964 43.9671940149 519.0791081759
88.0000000000 1.0000000000 246.6970662758 -183.9870032057 507.5536095674
89.0000000000 1.0000000000 261.9687162743 -34.5808580362 531.5052985565
90.0000000000 1.0000000000 219.2829160436 -289.5253400576 469.4799320934
91.0000000000 1.0000000000 207.0203728658 -257.8576248329 492.9232566806
92.0000000000 1.0000000000 235.8466131951 116.6226620965 532.0684694402
93.0000000000 1.0000000000 138.5721110270 -348.4014200679 460.1473100897
94.0000000000 1.0000000000 167.4862199664 -151.0833069697 549.0387298898
95.0000000000 1.0000000000 183.1745920588 -28.7473360092 563.8634461809
96.0000000000 1.0000000000 170.2973260881 -40.8800780211 567.1410462934
97.0000000000 1.0000000000 152.7485501660 -118.8919451292 561.1184476099
98.0000000000 1.0000000000 170.9524259501 93.1620419728 560.7293718362
99.0000000000 1.0000000000 66.4213640384 -411.2990442379 422.7796412445
100.0000000000 1.0000000000 89.6118910191 -333.9979760710 482.4275981026
101.0000000000 1.0000000000 99.2318640056 -266.3286940151 521.0982540296
102.0000000000 1.0000000000 84.3392150194 -261.0454630602 526.3682071214
103.0000000000 1.0000000000 92.8059369745 -191.4537819474 554.1243848477
104.0000000000 1.0000000000 75.8313640839 -215.5471122384 547.8233046060
105.0000000000 1.0000000000 90.0103939864 -138.1761329791 570.1989229137
106.0000000000 1.0000000000 108.4810130948 128.0607091120 569.3449314978
107.0000000000 1.0000000000 6.7972629979 -355.5736828911 475.2288708544
108.0000000000 1.0000000000 -10.1645470005 -387.8276060173 449.2301820200
109.0000000000 1.0000000000 69.7873270051 -20.5604300015 589.0911000433
110.0000000000 1.0000000000 38.1854230057 -99.0237350149 584.0012840877
111.0000000000 1.0000000000 45.8964119882 21.8485929944 591.3860708482
112.0000000000 1.0000000000 -26.7673230298 -301.9124103358 510.3466795676
113.0000000000 1.0000000000 -29.9381600202 -219.0937291476 550.8384253711
114.0000000000 1.0000000000 -15.7060390147 -115.6723291086 581.9747065463
115.0000000000 1.0000000000 -70.8005640019 -279.6847340076 518.7340900140
116.0000000000 1.0000000000 -52.1374900116 -180.0008680401 563.2075071256
117.0000000000 1.0000000000 -20.9585919864 211.7210738622 554.1265656393
118.0000000000 1.0000000000 -75.4119990181 -258.5188210621 528.9634921271
119.0000000000 1.0000000000 -120.3146300792 -371.3377552444 447.1621492943
120.0000000000 1.0000000000 -50.0467940485 -92.4671400897 584.1801715667
121.0000000000 1.0000000000 -37.5098349908 19.9453219951 592.0443588550
122.0000000000 1.0000000000 -130.7323969457 -313.2406208698 486.9401197976
123.0000000000 1.0000000000 -65.9486640186 -25.0149120071 589.3609711662
124.0000000000 1.0000000000 -105.7161030236 -177.4108040395 556.4807621240
125.0000000000 1.0000000000 -131.0133681004 -210.8492171615 539.1654954130
126.0000000000 1.0000000000 -112.3917221231 -113.6362091244 571.6434546259
127.0000000000 1.0000000000 -92.5549109931 121.8926369909 573.4955099572
128.0000000000 1.0000000000 -164.3260611583 -209.5679382019 530.4710655111
129.0000000000 1.0000000000 -149.6621740026 -70.9829580012 569.9859470099
130.0000000000 1.0000000000 -214.9638061663 -276.0781732135 479.4713033709
131.0000000000 1.0000000000 -211.4914851630 -245.6768691894 497.2278693833
132.0000000000 1.0000000000 -214.4359291794 -170.9016711430 526.4325004405
133.0000000000 1.0000000000 -191.7232480905 -65.8046620311 557.8828452634
