0.0000000000 961.2211044966 234.6639030000 836.7240324492 227.3675375411
1.0000000000 4794.0594442841 297.2270240000 4575.8491932154 315.9738547772
2.0000000000 6539.7806949127 315.4886260000 6380.8847780142 326.9317237669
3.0000000000 13512.6132471189 397.5465540000 13155.6909768075 433.2224445807
4.0000000000 2160.1224464053 200.3585420000 2388.4708987291 211.1267018851
5.0000000000 2171.4868476342 155.3771710000 2253.2217097260 192.9461786077
6.0000000000 5741.7165237116 305.1261410000 6135.7591860937 312.6052518228
7.0000000000 13553.7354180413 390.1086900000 13687.4821393636 442.1027063453
8.0000000000 5040.1128598632 256.4118090000 4955.7428428071 277.5088555263
9.0000000000 5974.4875270351 284.6308000000 5829.8187365612 316.8359241704
10.0000000000 5128.1084531097 274.5877020000 5229.6868680009 312.1515379658
11.0000000000 7287.2972607796 294.1473610000 7503.9412186022 331.0992113266
12.0000000000 9638.7061960268 367.0015520000 10182.5883372472 379.3605422861
13.0000000000 4826.7854342863 223.1692230000 5073.7034978982 288.4132666960
14.0000000000 7828.4597488067 317.8460880000 7962.1893545145 343.9282359040
15.0000000000 10555.0583821688 336.1474770000 10509.9210034495 384.1001411430
16.0000000000 2896.1271599574 240.2420980000 3078.6503073305 268.3906671778
17.0000000000 9132.8538667098 323.4864339288 9210.4363615934 367.4254989892
18.0000000000 7260.0691324540 302.7175060000 7069.5619079854 345.2449882764
19.0000000000 9868.8098548504 354.0647120000 9865.9342147244 397.7483063995
20.0000000000 18323.6710810208 449.4589730000 18539.3980554663 505.6188435069
21.0000000000 4750.4021479161 251.3252060000 4769.7517844886 282.2826133573
22.0000000000 13798.3662512707 453.4223750000 13118.8973945253 445.0548447039
23.0000000000 8039.6203082429 303.9134660000 8168.0164347013 340.1140541795
24.0000000000 15193.4880905863 392.8691610000 15328.5859509165 476.2118440603
25.0000000000 9276.9196181800 342.8877690000 8616.2964411112 368.6914220489
26.0000000000 4462.1247272730 267.7881020000 4473.4242977395 283.2440413989
27.0000000000 7820.2899230871 328.8084040000 7101.7151186470 326.7253543442
28.0000000000 17953.9151063869 456.0673900000 18077.6229495201 504.9954227203
29.0000000000 9890.2140618398 358.7815600000 9694.4031896319 386.0750775216
30.0000000000 16327.2576363771 482.9105670000 15807.2245753153 490.6050116702
31.0000000000 3463.8737456978 237.0329580000 3439.9865343814 244.8292172601
32.0000000000 10883.9909697610 404.9946466285 11290.2080028267 411.1964972762
33.0000000000 9616.6853332820 328.3390540000 9799.5029954082 365.2940017340
34.0000000000 7113.5028039590 338.0550140000 7263.7041086701 350.3440917921
35.0000000000 4900.1646298741 275.6302800000 5041.0722338467 297.3372249442
36.0000000000 8588.1280256501 349.9596260000 8607.3365301235 371.6228307330
37.0000000000 10629.0969992312 385.5482453756 10242.3996226814 410.0901540359
38.0000000000 13680.2786582285 399.5471790000 13437.3289726403 432.3933757597
39.0000000000 7909.6082977054 335.4136850000 8215.1053097063 380.6461978377
40.0000000000 25831.8932979576 568.2146840000 25857.7603021491 607.2985979622
41.0000000000 7424.6994606568 282.3745800000 7315.8146062167 336.5615756286
42.0000000000 13375.5650819582 369.7756230000 13033.8758253698 425.3026713818
43.0000000000 8161.8446190807 313.4552420000 8522.7719123877 355.0691988480
44.0000000000 14068.6472036950 413.1970710000 13999.3248552511 440.4584425050
45.0000000000 5392.5461053311 305.0906300000 5090.1288449058 313.8333025532
46.0000000000 8529.5201876238 336.9673130000 8707.5286112272 368.5840799473
47.0000000000 5439.9622562588 263.2489340000 5381.4248463563 283.2628932927
48.0000000000 6052.2148749925 280.8303680000 5919.6884300684 298.8542171309
49.0000000000 15348.6995483797 436.8779980000 15188.3965665968 476.3752289356
50.0000000000 11412.1373856600 379.4028960000 11283.4182394748 406.3967595890
51.0000000000 15729.9394587486 450.4003210000 15846.9805009446 485.3924542391
52.0000000000 11945.1229835662 406.2310230000 12096.8331986844 445.0238190700
53.0000000000 5005.3129075214 257.1958200000 4994.0532030589 290.6019417478
54.0000000000 26325.2033448563 552.3375620000 26324.1115903537 607.0943869841
55.0000000000 4329.1636564578 285.0614440000 4035.8227312100 306.8042062494
56.0000000000 14198.3846249276 407.5086700000 14209.3106546722 441.2061119765
57.0000000000 3804.7398709166 222.0641250000 3740.5911085603 249.0414267198
58.0000000000 1014.4612601424 325.1446450000 -994.0179866694 2096.7586365540
59.0000000000 2197.2369516558 189.6996620000 1899.4080548080 189.1044588078
60.0000000000 16076.9308116610 442.1747770000 15480.9431863010 482.4315315570
61.0000000000 6788.4116941757 283.7693880000 6762.4472791844 312.8018316541
62.0000000000 -13873.9205457644 259.4088370000 -15003.2309696498 1970.8777803841
63.0000000000 11645.3899983226 375.7825250000 11233.5172338590 402.2639329513
64.0000000000 1971.1881166087 188.1723710000 1673.4666091153 219.4598031320
65.0000000000 26553.1071259026 376.2258290000 29283.7981319429 2122.6388025128
66.0000000000 2640.1116653308 320.7944660000 2424.0004135625 340.9295177814
67.0000000000 2152.9606872962 348.4334790000 1888.2405316261 396.1910457858
