0.0000000000 1.0000000000 327.4870133271 146.7128471465 472.8096054722
1.0000000000 1.0000000000 427.2355502976 -412.0571695827 0.0000000000
2.0000000000 1.0000000000 -300.4768720946 -164.0972900517 484.8783921526
3.0000000000 1.0000000000 -286.3106050724 218.8465080554 471.6500501193
4.0000000000 1.0000000000 -294.2185893930 62.5679760836 511.7049896835
5.0000000000 1.0000000000 -301.1996471116 -12.4179390046 511.3178011895
6.0000000000 1.0000000000 -289.4059902288 141.8914251122 498.4298573941
7.0000000000 1.0000000000 447.3206522975 93.8103340624 378.7151722519
8.0000000000 1.0000000000 444.0746920296 60.6888060040 389.1476110259
9.0000000000 1.0000000000 430.0152502426 -70.6311150398 403.0129732274
10.0000000000 1.0000000000 413.4518913804 -123.3851301135 407.6211103750
11.0000000000 1.0000000000 418.3394060082 200.6434670039 370.2103010073
12.0000000000 1.0000000000 391.2123460397 -198.1229850201 400.0268860406
13.0000000000 1.0000000000 417.2002758206 173.3160119255 385.0023588344
14.0000000000 1.0000000000 416.3374661328 52.6298950168 419.7791501339
15.0000000000 1.0000000000 394.0434908520 177.4227449334 406.9056688472
16.0000000000 1.0000000000 382.8941610489 242.4655870309 383.3064400489
17.0000000000 1.0000000000 391.8113039696 132.1409169897 425.8450499669
18.0000000000 1.0000000000 381.2419600495 210.8499180274 403.1354690523
19.0000000000 1.0000000000 345.5431764808 -268.8678173741 400.7883935577
20.0000000000 1.0000000000 371.2048892317 -153.2223370956 437.0940082728
21.0000000000 1.0000000000 342.0843462290 156.7482341049 459.0529573073
22.0000000000 1.0000000000 262.5412169701 -356.3225869595 395.5093549550
23.0000000000 1.0000000000 304.0207129719 316.1261799707 399.9462099630
24.0000000000 1.0000000000 306.0995132334 263.7805882011 434.7921523315
25.0000000000 1.0000000000 260.3819792334 234.0502872098 479.3151514297
26.0000000000 1.0000000000 216.2057740820 369.6251241403 411.0397271560
27.0000000000 1.0000000000 229.1372382093 313.4852492863 448.9370234100
28.0000000000 1.0000000000 213.5682032096 226.6070282224 505.3307864959
29.0000000000 1.0000000000 167.6377711887 261.8214092948 505.6366815692
30.0000000000 1.0000000000 140.2889840061 392.9624950171 422.1620600184
31.0000000000 1.0000000000 135.2376500574 344.4131261462 464.1246631970
32.0000000000 1.0000000000 118.6522440516 242.0494771053 528.8241882300
33.0000000000 1.0000000000 107.7109150651 133.6252220808 568.2112153436
34.0000000000 1.0000000000 85.1377300538 338.7871942141 479.8917903032
35.0000000000 1.0000000000 73.7874420359 261.8809511273 527.5368302564
36.0000000000 1.0000000000 57.8471560110 293.5333120558 512.6531260975
37.0000000000 1.0000000000 24.4689610276 379.7650264277 455.5229095130
38.0000000000 1.0000000000 17.7317350008 403.6531650172 434.8229920186
39.0000000000 1.0000000000 7.2099250007 210.0404720200 555.1147120530
40.0000000000 1.0000000000 -17.5638440111 298.8060011884 512.5698113232
41.0000000000 1.0000000000 -31.8318900086 316.1507920856 501.3548981357
42.0000000000 1.0000000000 -57.0339840185 247.4242230804 536.5162671743
43.0000000000 1.0000000000 -85.4224730629 392.3369122890 437.1453703220
44.0000000000 1.0000000000 -92.7559480343 340.3535691259 477.3647541766
45.0000000000 1.0000000000 -175.8466559321 307.7264678812 476.1341208162
46.0000000000 1.0000000000 -177.9828140199 229.9698660257 517.4527080577
47.0000000000 1.0000000000 -189.4185422129 317.2470293566 464.5387655222
48.0000000000 1.0000000000 -198.9893849115 257.3799308855 496.4676447791
49.0000000000 1.0000000000 -265.6983763611 -293.1788563984 442.4611366013
50.0000000000 1.0000000000 -233.6192021731 265.4279231966 476.7508913532
51.0000000000 1.0000000000 -300.5070954146 -246.2060163397 448.7754556192
52.0000000000 1.0000000000 -260.2319661654 183.0830531164 501.0800793185
53.0000000000 1.0000000000 -276.3091010056 -97.8714720020 516.1354300105
54.0000000000 1.0000000000 -276.8638439968 29.0948859997 524.2339419940
55.0000000000 1.0000000000 364.7097831957 -179.2239750962 432.6509762322
56.0000000000 1.0000000000 361.1394429756 0.0610330000 471.0622309682
57.0000000000 1.0000000000 347.2754582322 -122.6346020820 465.4909633112
58.0000000000 1.0000000000 335.9993073868 223.1900292570 435.4446035013
59.0000000000 1.0000000000 314.4448181769 -221.5040471246 452.0859872543
60.0000000000 1.0000000000 296.3805432773 -267.9972772508 438.9275104107
61.0000000000 1.0000000000 321.2865789037 56.6193049830 495.8734868514
62.0000000000 1.0000000000 244.9338711372 -347.7607281949 413.9942042320
63.0000000000 1.0000000000 284.3082838294 -147.2960659116 499.7939527000
64.0000000000 1.0000000000 289.0579569178 -71.6638759796 513.4502048540
65.0000000000 1.0000000000 292.1111732263 168.6510171306 488.4150113784
66.0000000000 1.0000000000 266.9400120051 263.7431840050 459.8955200088
67.0000000000 1.0000000000 166.4208080719 -416.9936321802 388.2547511678
68.0000000000 1.0000000000 166.9899240447 -389.1156181041 415.9624111113
69.0000000000 1.0000000000 245.2382599894 142.0774699939 521.5299749775
70.0000000000 1.0000000000 130.6983329619 -384.6485768880 432.7640748740
71.0000000000 1.0000000000 166.1376571353 314.0102972557 475.5177583872
72.0000000000 1.0000000000 63.0055270040 -432.4892520272 401.6275350253
73.0000000000 1.0000000000 -42.1287630143 -432.0708621464 404.7978061372
74.0000000000 1.0000000000 -32.2389159855 -398.4988778210 438.7261368029
75.0000000000 1.0000000000 -156.2445291521 -395.7495493854 413.8734924030
76.0000000000 1.0000000000 -165.1177681077 132.3468070863 554.5644883616
77.0000000000 1.0000000000 -202.0367019627 192.6412729644 523.8242429033
78.0000000000 1.0000000000 -249.9054708829 -189.9747789110 503.7639977639
79.0000000000 1.0000000000 -229.1490930644 -104.5117650294 537.4842421511
80.0000000000 1.0000000000 -228.2036159288 27.1733279915 547.2714558292
81.0000000000 1.0000000000 -332.2310029079 -161.2971959553 464.6795688712
82.0000000000 1.0000000000 -308.1630490048 -47.1575740007 505.1069440079
83.0000000000 1.0000000000 401.0710941315 5.7226740019 437.5277761434
84.0000000000 1.0000000000 342.3706282681 -53.6580100420 481.8967703774
85.0000000000 1.0000000000 268.8015770030 -293.8601820033 440.1286540050
86.0000000000 1.0000000000 269.7315928136 -178.4523068767 497.7157506561
87.0000000000 1.0000000000 283.7246261885 42.6487290283 519.6178873452
88.0000000000 1.0000000000 243.9269840458 -185.6599010349 508.2827500955
89.0000000000 1.0000000000 256.3390161563 -34.3408580209 534.2586833258
90.0000000000 1.0000000000 215.9494241268 -293.3757081722 468.6340432751
91.0000000000 1.0000000000 203.7941910412 -261.7068150529 492.2385570994
92.0000000000 1.0000000000 234.3601639928 115.3778159965 532.9958719837
93.0000000000 1.0000000000 135.9901911281 -346.5808923266 462.2874424356
94.0000000000 1.0000000000 162.9798080496 -153.9594110468 549.5956771671
95.0000000000 1.0000000000 188.0530630072 -31.2482260012 562.1218020215
96.0000000000 1.0000000000 171.5651982337 -38.4485350524 566.9289367724
97.0000000000 1.0000000000 150.0685820107 -122.6170580087 561.0399310398
98.0000000000 1.0000000000 170.4896069715 93.9819519843 560.7334599063
99.0000000000 1.0000000000 68.4226350622 -411.8414353747 421.9316313838
100.0000000000 1.0000000000 91.0813090515 -333.2791561885 482.6494852730
101.0000000000 1.0000000000 99.0690590855 -271.6807192346 518.3591754475
102.0000000000 1.0000000000 83.9730169890 -262.4242479656 525.7407849311
103.0000000000 1.0000000000 89.9228450172 -194.3985940372 553.5742001059
104.0000000000 1.0000000000 72.3510000206 -215.4827560612 548.3191051558
105.0000000000 1.0000000000 87.8358640175 -135.9773240271 571.0659811137
106.0000000000 1.0000000000 110.7060700729 123.5531430814 569.9123733753
107.0000000000 1.0000000000 8.5127480051 -357.5475232150 473.7178782849
108.0000000000 1.0000000000 -11.4199189956 -387.3779478520 449.5878528282
109.0000000000 1.0000000000 66.0277320364 -19.1078220105 589.5731983246
110.0000000000 1.0000000000 36.6658289900 -99.8017969729 583.9662188415
111.0000000000 1.0000000000 45.6986739803 24.4422109895 591.2998697454
112.0000000000 1.0000000000 -25.5945240166 -298.8893601933 512.1829723313
113.0000000000 1.0000000000 -28.3346849988 -218.8112699909 551.0354799771
114.0000000000 1.0000000000 -18.0003689996 -115.1390189976 582.0140199881
115.0000000000 1.0000000000 -70.5430930180 -282.7540080721 517.1026681319
116.0000000000 1.0000000000 -51.1302720049 -180.4056320173 563.1703380539
117.0000000000 1.0000000000 -23.1089059939 211.0246999447 554.3066668547
118.0000000000 1.0000000000 -73.7193420723 -257.7261432527 529.5885385193
119.0000000000 1.0000000000 -115.7969180179 -372.8101540575 447.1297230690
120.0000000000 1.0000000000 -52.5125139909 -93.6328319838 583.7779158992
121.0000000000 1.0000000000 -40.3072089916 21.0223419956 591.8232138763
122.0000000000 1.0000000000 -126.1388009747 -314.3400449370 487.4429869023
123.0000000000 1.0000000000 -66.0217709855 -27.1900549940 589.2564408710
124.0000000000 1.0000000000 -104.0708761125 -178.3244471928 556.4988506018
125.0000000000 1.0000000000 -130.5939830462 -212.6612580752 538.5552221904
126.0000000000 1.0000000000 -110.7279240650 -114.1754370670 571.8606673355
127.0000000000 1.0000000000 -95.2821350067 124.2302940087 572.5464830401
128.0000000000 1.0000000000 -162.7565761242 -210.4483911606 530.6063494049
129.0000000000 1.0000000000 -152.6169150648 -69.4723230295 569.3882682419
130.0000000000 1.0000000000 -216.6782490177 -274.6243730224 479.5344790391
131.0000000000 1.0000000000 -210.9442229718 -247.3331079670 496.6388979337
132.0000000000 1.0000000000 -212.1225360813 -172.6678870662 526.7932772019
133.0000000000 1.0000000000 -192.0869481920 -63.9464770639 557.9738155577
