0.0000000000 916.7564581991 234.6639030000 863.8725206030 217.5327374844
1.0000000000 4769.1943454545 297.2270240000 4766.6702237170 319.7582617499
2.0000000000 6537.4753198239 315.4886260000 6494.2292795561 327.2973825819
3.0000000000 13512.7248081713 397.5465540000 13505.7068833898 439.0293292650
4.0000000000 2247.9142010309 200.3585420000 2242.9480359331 201.9812917489
5.0000000000 2169.7045993124 155.3771710000 2047.2752581363 188.5812009103
6.0000000000 5989.4338007161 305.1261410000 6197.5274365605 316.1320124973
7.0000000000 13597.3841521486 390.1086900000 13301.6193778341 437.3410044075
8.0000000000 5063.0404770590 256.4118090000 5079.0673520624 283.2518390524
9.0000000000 5843.5821111583 284.6308000000 5445.9338813101 310.9052456036
10.0000000000 5203.7385364736 274.5877020000 5215.3644224286 312.2947674182
11.0000000000 7487.3520876154 294.1473610000 7705.0752127744 336.9660646615
12.0000000000 10024.8110116008 367.0015520000 10394.1887235709 383.6075510732
13.0000000000 4946.9974422019 223.1692230000 4990.0831024688 286.0061038857
14.0000000000 7929.0726595337 317.8460880000 7901.3012790813 343.7747406228
15.0000000000 10658.7029099163 336.1474770000 10763.1193311195 390.0993772178
16.0000000000 2861.2482661969 240.2420980000 2524.3587020430 259.9111261996
17.0000000000 9388.7386929983 357.6822461835 9757.4369232329 377.1888569493
18.0000000000 7223.1795854830 302.7175060000 7109.8540734739 346.0616796868
19.0000000000 10097.2105358233 354.0647120000 10540.3957658688 407.3349592182
20.0000000000 18529.1178586241 449.4589730000 18499.9656756532 504.4519733977
21.0000000000 4888.2976561721 251.3252060000 5162.5422855860 292.0553918063
22.0000000000 13706.3952800441 453.4223750000 13640.5843246421 453.3318272951
23.0000000000 8138.0141465402 303.9134660000 8116.8814806470 338.5307786168
24.0000000000 15258.1365793000 392.8691610000 15023.3981495707 473.0105576696
25.0000000000 8993.5001644471 342.8877690000 8508.8312256791 364.3352769901
26.0000000000 4454.4304937735 267.7881020000 4299.1009657886 277.2502251522
27.0000000000 7534.7505948256 328.8084040000 7117.7727659556 327.0729939554
28.0000000000 18156.2234322831 456.0673900000 18188.9415199455 506.4150018204
29.0000000000 9771.2994517600 358.7815600000 9344.8566092975 377.7270682986
30.0000000000 16225.3108539872 477.2263302943 15942.5587827354 491.9399161616
31.0000000000 3479.6918528904 237.0329580000 3448.5821721582 245.4637199049
32.0000000000 11233.1959465450 406.8093162571 11575.8633429586 415.0442327430
33.0000000000 9831.2685631665 328.3390540000 10066.1580776631 370.1268236342
34.0000000000 7176.8286520208 338.0550140000 7023.0229887001 348.4171918454
35.0000000000 5010.6592228647 275.6302800000 5082.4245506168 298.8545330739
36.0000000000 8665.9266165255 349.9596260000 8667.8487011950 375.0077212242
37.0000000000 10726.5859450779 329.7981593231 11067.6362562479 421.3145795685
38.0000000000 13782.6019188978 399.5471790000 13970.6004789521 441.3820735779
39.0000000000 8128.7943317980 335.4136850000 8315.1343555378 382.4725726024
40.0000000000 25816.2385870459 568.2146840000 25074.9784129137 598.6958670056
41.0000000000 7429.5526122686 282.3745800000 7388.0226066560 337.7832616879
42.0000000000 13440.2740104671 369.7756230000 13644.5616289101 436.7581017659
43.0000000000 8380.0413768011 313.4552420000 8496.6655502245 351.9658046539
44.0000000000 14236.7316838597 413.1970710000 14425.0620167563 446.2245272735
45.0000000000 5402.7067865133 305.0906300000 5552.9203318341 328.3865903407
46.0000000000 8406.5651709219 336.9673130000 7660.1385226081 350.3831696101
47.0000000000 5455.7637576896 263.2489340000 5414.7990702023 283.4488438884
48.0000000000 5995.7830386793 280.8303680000 5787.4045416397 296.4170795153
49.0000000000 15258.1153049146 436.8779980000 14754.2802105245 471.1326863635
50.0000000000 11459.6280968867 379.4028960000 11416.2676997579 409.2259737062
51.0000000000 15942.6155029251 450.4003210000 16063.5675798970 486.4691304780
52.0000000000 12091.1541117188 406.2310230000 12093.4278568676 443.0699373944
53.0000000000 5020.6230909014 257.1958200000 4953.8405311485 286.2126484385
54.0000000000 26413.7680840338 552.3375620000 26017.1405829152 604.5361476293
55.0000000000 4153.7276339338 285.0614440000 3790.3047986329 294.8781329461
56.0000000000 14404.3979311859 407.5086700000 14639.1379637664 447.2112781400
57.0000000000 3777.4802449605 222.0641250000 3664.2305751108 247.0046073546
58.0000000000 539.3518590944 325.1446450000 726.3739169041 2096.0086784867
59.0000000000 2203.5604136035 189.6996620000 2424.3982582342 205.7986008405
60.0000000000 16043.5550534175 442.1747770000 16079.4737706604 493.5376032462
61.0000000000 6860.4333457785 283.7693880000 6918.4379785049 319.1391275965
62.0000000000 -13988.6663849275 259.4088370000 -13454.5162965859 1963.6997268375
63.0000000000 11606.0329998204 375.7825250000 11558.9346455904 409.5428669883
64.0000000000 1859.9904713501 188.1723710000 1737.9803342996 206.9504728840
65.0000000000 27165.1942105904 376.2258290000 26274.9178181879 2133.7021798425
66.0000000000 2557.8384398119 320.7944660000 2357.6511522990 351.9143363134
67.0000000000 2032.0778443923 348.4334790000 1684.2211371828 406.0731743899
