0.0000000000 1.0000000000 327.8714051224 145.9570450545 472.7771241765
1.0000000000 1.0000000000 427.0315416450 -412.2685882805 0.0000000000
2.0000000000 1.0000000000 -292.6246860794 -167.9098310456 488.3629881325
3.0000000000 1.0000000000 -289.0311839353 219.4928129509 469.6862848949
4.0000000000 1.0000000000 -292.7007051064 57.1275830208 513.2095701865
5.0000000000 1.0000000000 -299.7680958737 -9.7135929959 512.2168107842
6.0000000000 1.0000000000 -290.9051412369 141.5559971153 497.6519114052
7.0000000000 1.0000000000 448.4914412711 99.0387010599 375.9894802272
8.0000000000 1.0000000000 445.4913942661 60.3911180361 387.5714862315
9.0000000000 1.0000000000 432.8304549205 -71.0134679870 399.9202559265
10.0000000000 1.0000000000 413.2457572411 -127.8479180746 406.4531712372
11.0000000000 1.0000000000 418.4472593015 200.1238111442 370.3696502668
12.0000000000 1.0000000000 393.8996471886 -197.6001160946 397.6412811903
13.0000000000 1.0000000000 417.1566130201 172.3874990083 385.4662590186
14.0000000000 1.0000000000 418.1313091234 55.4774820164 417.6239741232
15.0000000000 1.0000000000 393.2511218075 179.4935559121 406.7639918008
16.0000000000 1.0000000000 382.9791909437 241.6069919645 383.7633739436
17.0000000000 1.0000000000 391.7752839687 130.5775489896 426.3601259659
18.0000000000 1.0000000000 384.7751232498 210.3444361366 400.0308102597
19.0000000000 1.0000000000 346.0561902627 -271.6094172062 398.4906073025
20.0000000000 1.0000000000 373.1963362083 -154.5297620862 434.9326082427
21.0000000000 1.0000000000 340.8652252373 158.4795291103 459.3652833198
22.0000000000 1.0000000000 261.9318581545 -358.1389642112 394.2708592326
23.0000000000 1.0000000000 305.8556931494 314.5443951537 399.7942531953
24.0000000000 1.0000000000 308.7314202476 262.6642272106 433.6055123477
25.0000000000 1.0000000000 260.4510241832 238.9213091681 476.8681143355
26.0000000000 1.0000000000 218.3693691795 370.3842743044 409.2085463363
27.0000000000 1.0000000000 228.3973139001 315.9263878619 447.6008388043
28.0000000000 1.0000000000 212.7640690925 228.4018180993 504.8617502195
29.0000000000 1.0000000000 168.2694520921 262.2837821436 505.1870302765
30.0000000000 1.0000000000 138.6108071024 393.8381952909 421.9002803116
31.0000000000 1.0000000000 135.9517840414 344.4255541050 463.9067541414
32.0000000000 1.0000000000 117.6513779540 243.1705699050 528.5333987935
33.0000000000 1.0000000000 104.1340791003 131.3559341265 569.4058645485
34.0000000000 1.0000000000 86.2178081006 340.3168993970 478.6149015583
35.0000000000 1.0000000000 71.2990000573 262.8354072111 527.4043304236
36.0000000000 1.0000000000 55.4845540171 295.3407170913 511.8756211582
37.0000000000 1.0000000000 21.3459550123 381.1391992188 454.5311732610
38.0000000000 1.0000000000 15.3917870142 400.8633833697 437.4848194035
39.0000000000 1.0000000000 7.8550630000 208.9161239995 555.5300869987
40.0000000000 1.0000000000 -18.2745810213 300.6552373508 511.4624075967
41.0000000000 1.0000000000 -32.3600290202 318.4823731984 499.8431083113
42.0000000000 1.0000000000 -53.5729920690 251.2337183236 535.1008126892
43.0000000000 1.0000000000 -89.3057650918 385.4362603962 442.4756444548
44.0000000000 1.0000000000 -94.3196980075 345.1231320275 473.6191980377
45.0000000000 1.0000000000 -171.4793660571 303.8889001012 480.1746451599
46.0000000000 1.0000000000 -176.2317091304 231.6256261714 517.3135223829
47.0000000000 1.0000000000 -192.7437320128 317.3759310211 463.0806610309
48.0000000000 1.0000000000 -197.3815130258 256.9265130336 497.3435750651
49.0000000000 1.0000000000 -269.0068272132 -294.2144532332 439.7664253486
50.0000000000 1.0000000000 -238.9727490967 264.8076891072 474.4367601920
51.0000000000 1.0000000000 -312.8387013070 -236.8799892325 445.3550764371
52.0000000000 1.0000000000 -264.3213189798 186.8130549857 497.5504489620
53.0000000000 1.0000000000 -279.2536722444 -99.9138620874 514.1555534499
54.0000000000 1.0000000000 -278.1465092462 29.7540050263 523.5174734635
55.0000000000 1.0000000000 366.6416253516 -180.5362741731 430.4670704128
56.0000000000 1.0000000000 363.8514840707 1.9408730004 468.9665840911
57.0000000000 1.0000000000 348.6048111743 -123.3038900616 464.3190312321
58.0000000000 1.0000000000 338.1466623611 225.4848002408 432.5907604619
59.0000000000 1.0000000000 314.9424269110 -226.1017329361 449.4558938730
60.0000000000 1.0000000000 297.9211241633 -270.4952251482 436.3446612391
61.0000000000 1.0000000000 324.4144408479 59.1908089723 493.5311997687
62.0000000000 1.0000000000 245.3867812017 -351.4633282888 410.5851713374
63.0000000000 1.0000000000 284.9151858159 -148.8796029038 498.9784836776
64.0000000000 1.0000000000 291.5351308159 -70.8363599553 512.1628686766
65.0000000000 1.0000000000 293.6541194182 170.9208632434 486.6976916931
66.0000000000 1.0000000000 268.3764770947 265.4845130937 458.0538901616
67.0000000000 1.0000000000 162.7132889044 -416.6827127552 390.1553907707
68.0000000000 1.0000000000 168.2271121605 -392.6975613748 412.0795923933
69.0000000000 1.0000000000 241.9086241456 144.0270260867 522.5492893146
70.0000000000 1.0000000000 130.5511640472 -385.8788681394 431.7119631559
71.0000000000 1.0000000000 167.6543389886 315.1626099786 474.2213389677
72.0000000000 1.0000000000 63.2804650491 -434.2712523368 399.6565883100
73.0000000000 1.0000000000 -44.3073050026 -434.2928270257 402.1789770238
74.0000000000 1.0000000000 -30.7186309930 -400.6950199091 436.8308519009
75.0000000000 1.0000000000 -162.5012221340 -396.2549013267 410.9704763388
76.0000000000 1.0000000000 -165.6204561483 131.5020611177 554.6155414966
77.0000000000 1.0000000000 -196.6275069257 195.9659109259 524.6487508017
78.0000000000 1.0000000000 -248.5775161980 -190.5897281518 504.1885564017
79.0000000000 1.0000000000 -231.8968630530 -107.3228750245 535.7489821224
80.0000000000 1.0000000000 -228.4412251990 28.2396840246 547.1183174765
81.0000000000 1.0000000000 -330.8599862276 -163.4293911124 464.9127123199
82.0000000000 1.0000000000 -304.4721469428 -54.0102459899 506.6566209048
83.0000000000 1.0000000000 401.9120148290 6.6299259972 436.7426048142
84.0000000000 1.0000000000 343.5790481738 -58.0188300293 480.5294782431
85.0000000000 1.0000000000 269.9263251414 -292.8067701534 440.1423642306
86.0000000000 1.0000000000 271.6212398646 -174.5708469129 498.0645017516
87.0000000000 1.0000000000 285.7012991708 42.0052710251 518.5862043101
88.0000000000 1.0000000000 246.9533111486 -186.0813151119 506.6647143048
89.0000000000 1.0000000000 260.4358581317 -36.7871470186 532.1101352690
90.0000000000 1.0000000000 213.7657369931 -293.5950179906 469.4970729850
91.0000000000 1.0000000000 202.8017071981 -260.1254402541 493.4851054821
92.0000000000 1.0000000000 230.9138239782 116.5202579890 534.2500929495
93.0000000000 1.0000000000 135.9314921483 -348.5497433802 460.8221265027
94.0000000000 1.0000000000 166.2244911197 -155.2829161118 548.2499073948
95.0000000000 1.0000000000 184.2272240360 -31.6681120062 563.3638141100
96.0000000000 1.0000000000 170.9474801170 -40.2779100276 566.9885143881
97.0000000000 1.0000000000 151.7348641665 -123.3740811354 560.4254576150
98.0000000000 1.0000000000 172.6599170930 92.8813780500 560.2525583016
99.0000000000 1.0000000000 69.2292369924 -411.3245449551 422.3041059539
100.0000000000 1.0000000000 91.8728620626 -335.9626282291 480.6348053277
101.0000000000 1.0000000000 104.5341731267 -272.3159213300 516.9506476265
102.0000000000 1.0000000000 86.1468640270 -263.6391990825 524.7803511642
103.0000000000 1.0000000000 91.5129930397 -195.4584310848 552.9400512400
104.0000000000 1.0000000000 73.6579600473 -219.4695801411 546.5610073513
105.0000000000 1.0000000000 90.2128830052 -138.7161920080 570.0357710330
106.0000000000 1.0000000000 105.9337079895 126.0435989875 570.2739579434
107.0000000000 1.0000000000 10.4589600014 -357.9490380479 473.3755620634
108.0000000000 1.0000000000 -6.1172630030 -392.4249591944 445.2937872205
109.0000000000 1.0000000000 67.9005340559 -15.9585190131 589.4541284853
110.0000000000 1.0000000000 36.8874150327 -100.1245240888 583.8970155179
111.0000000000 1.0000000000 44.6685819883 25.1244359934 591.3499868451
112.0000000000 1.0000000000 -25.8915040114 -304.2253461342 509.0165962246
113.0000000000 1.0000000000 -32.0815169980 -216.6616589863 551.6790989651
114.0000000000 1.0000000000 -19.3032770184 -114.3876431092 582.1204145560
115.0000000000 1.0000000000 -70.3570549740 -284.5451958950 516.1445948095
116.0000000000 1.0000000000 -53.4925389983 -179.2354149943 563.3245429820
117.0000000000 1.0000000000 -22.4419130195 209.9713551823 554.7339154816
118.0000000000 1.0000000000 -77.2209820403 -259.0667081352 528.4341842758
119.0000000000 1.0000000000 -119.0380230932 -372.8375042921 446.2549393496
120.0000000000 1.0000000000 -53.3377390347 -95.0575830618 583.4727653796
121.0000000000 1.0000000000 -39.7791660013 20.9315340007 591.8621590195
122.0000000000 1.0000000000 -131.7655150513 -315.7501371230 485.0371391890
123.0000000000 1.0000000000 -70.3454999851 -26.0718319945 588.8065018755
124.0000000000 1.0000000000 -105.4377979588 -176.6325149310 556.7810627826
125.0000000000 1.0000000000 -131.4109489719 -213.1359519544 538.1687048848
126.0000000000 1.0000000000 -113.9286600749 -114.4983740753 571.1669713755
127.0000000000 1.0000000000 -96.2189479511 124.3211179368 572.3700727088
128.0000000000 1.0000000000 -165.6684709672 -212.6030199579 528.8433038952
129.0000000000 1.0000000000 -149.4737950690 -67.3868270311 570.4716702632
130.0000000000 1.0000000000 -218.7871611043 -275.5821311313 478.0250972278
131.0000000000 1.0000000000 -215.1375351529 -250.8199011783 493.0786393505
132.0000000000 1.0000000000 -215.8407989287 -174.2971879425 524.7423808267
133.0000000000 1.0000000000 -191.8791640092 -64.7127520031 557.9569630266
