0.0000000000 929.4482822568 234.6639030000 985.3741521443 231.9550914067
1.0000000000 4844.9069187812 297.2270240000 4945.9596616702 318.4750102083
2.0000000000 6599.1079095543 315.4886260000 6637.9500994296 338.2358225601
3.0000000000 13698.8155343016 397.5465540000 13929.4027943722 443.1737495966
4.0000000000 2232.7931823073 200.3585420000 2131.9155070890 198.7368818139
5.0000000000 2170.6579957640 155.3771710000 2237.7840212273 194.1592951711
6.0000000000 6272.0752240712 305.1261410000 6753.4766994421 325.8061852699
7.0000000000 13715.7885177039 390.1086900000 14028.0110225024 449.1343826972
8.0000000000 5116.8742595242 256.4118090000 5133.6995812632 285.5404403735
9.0000000000 5800.9317925841 284.6308000000 5891.9482754532 316.7066798257
10.0000000000 5382.4981801565 274.5877020000 5775.7188874759 319.6162084911
11.0000000000 7688.8604032102 294.1473610000 7903.5183780192 341.9353313930
12.0000000000 10419.2131295995 367.0015520000 10972.8489826734 395.2215137888
13.0000000000 5014.6776463039 223.1692230000 5081.1946256884 288.1602041617
14.0000000000 8008.6486544903 317.8460880000 8064.3280270113 345.8998131485
15.0000000000 10839.7731515553 336.1474770000 11040.8460613914 392.5104708736
16.0000000000 2829.1632755274 240.2420980000 2969.7870790446 275.5205501504
17.0000000000 9684.6369270603 385.0314866360 9907.7731095666 380.6770332073
18.0000000000 7365.2955693269 302.7175060000 7713.7801853813 353.0631617990
19.0000000000 10345.2291787284 354.0647120000 10447.4167593870 402.1618013584
20.0000000000 18691.0182511822 449.4589730000 18751.8815516779 509.2767234142
21.0000000000 5037.2354446026 251.3252060000 5119.3041754605 291.5637687683
22.0000000000 13924.6505861754 438.7902217750 14235.6874363056 461.3493392907
23.0000000000 8243.8742976212 303.9134660000 8380.7821605974 344.0859865121
24.0000000000 15350.5586104643 392.8691610000 15524.5289571928 481.3536161326
25.0000000000 8944.0087591245 342.8877690000 8995.7781890098 373.1160715523
26.0000000000 4502.6920143425 267.7881020000 4660.4413687948 285.5551779156
27.0000000000 7381.1246909051 328.8084040000 7083.0244995408 326.0356873138
28.0000000000 18422.4985734514 456.0673900000 18730.1509134440 513.3168495413
29.0000000000 9708.7693753530 355.2687448929 9658.2868641262 380.4596368962
30.0000000000 16020.5114778399 438.7319190873 15227.3185805666 482.8463025138
31.0000000000 3475.5180048469 237.0329580000 3391.1106533047 244.0575281159
32.0000000000 11560.8612968288 408.6239858856 11899.9139878407 420.6483778234
33.0000000000 9993.0200373450 328.3390540000 10025.0336316476 369.6269272629
34.0000000000 7247.9519403031 338.0550140000 7391.4038303480 354.8514233066
35.0000000000 5154.1596013269 275.6302800000 5380.5926341744 302.6648920864
36.0000000000 8641.8553910871 349.9596260000 8345.4411661433 360.8562330945
37.0000000000 10397.1391409237 274.9477101486 8838.4020010402 373.6905289633
38.0000000000 13901.8043538038 399.5471790000 13752.2380238711 435.6185600526
39.0000000000 8284.1306860796 335.4136850000 8390.6438615413 385.2231019798
40.0000000000 25895.0491866319 568.2146840000 26117.3733608728 611.7789466442
41.0000000000 7436.8262855809 282.3745800000 7348.2832959001 337.2349150110
42.0000000000 13735.5763665084 369.7756230000 14126.3658304693 444.1344971234
43.0000000000 8460.5651942883 313.4552420000 8394.9027428374 351.4263513033
44.0000000000 14450.2856053289 413.1970710000 14543.0406046269 449.0011281416
45.0000000000 5579.1971221623 305.0906300000 5811.5200229160 331.0112033262
46.0000000000 8360.6214748372 336.9673130000 8675.9932498855 368.2245009152
47.0000000000 5347.4825207451 263.2489340000 4914.3928693024 271.8530868326
48.0000000000 5866.5529027386 280.8303680000 5512.6871440273 288.5783988460
49.0000000000 15169.5193656966 436.8779980000 14980.9639194918 473.2608946197
50.0000000000 11633.1141783174 379.4028960000 11893.8240953650 421.2357722039
51.0000000000 16171.3006600650 450.4003210000 16334.1368872330 491.9929658885
52.0000000000 12455.8086703661 406.2310230000 13238.8273480709 460.2233443114
53.0000000000 4974.7631915601 257.1958200000 4777.8367472127 282.4956411169
54.0000000000 26517.8359952334 552.3375620000 26517.8285395501 608.0175590234
55.0000000000 4124.1635448350 285.0614440000 4253.0734810692 309.7705525623
56.0000000000 14426.4622867880 407.5086700000 13918.4036870800 437.4466165403
57.0000000000 3788.1564006869 222.0641250000 3831.4337826608 250.8691507528
58.0000000000 -8267.9928247614 325.1446450000 -31654.5075611019 1971.1843432087
59.0000000000 2303.3863732911 189.6996620000 2340.4024378732 201.1838378854
60.0000000000 15932.9135443624 442.1747770000 15172.2687612056 480.9563138828
61.0000000000 6979.1277074800 283.7693880000 7105.1170408677 321.5503285138
62.0000000000 -14337.1859007285 259.4088370000 -15975.8727782056 1971.5337953679
63.0000000000 11519.5772414870 375.7825250000 11003.7039543337 402.9798236179
64.0000000000 6477.9006306941 188.1723710000 15617.2085658474 1889.9947126542
65.0000000000 35330.1238728671 376.2258290000 46953.2831878532 2137.8445299097
66.0000000000 2558.1131617989 320.7944660000 2586.0115143482 355.8740056835
67.0000000000 2009.6013195901 348.4334790000 2018.0524087383 425.6798629774
