0.0000000000 1.0000000000 326.9391221755 143.6122290771 474.1388662546
1.0000000000 1.0000000000 420.2663444197 -419.1628874205 0.0000000000
2.0000000000 1.0000000000 420.2663444197 -419.1628874205 0.0000000000
3.0000000000 1.0000000000 -292.0263430596 228.3950590466 463.5489600947
4.0000000000 1.0000000000 -296.3284500662 66.6065190149 509.9748501139
5.0000000000 1.0000000000 -302.2361222687 8.5254540076 510.7856394541
6.0000000000 1.0000000000 -292.5397101836 160.0531031004 491.0446503081
7.0000000000 1.0000000000 450.5567940886 84.3578040166 377.0990090741
8.0000000000 1.0000000000 447.6125291694 51.8925850196 386.3567131462
9.0000000000 1.0000000000 430.8168194315 -75.3005580754 401.3078874019
10.0000000000 1.0000000000 410.7209369123 -134.4013709713 406.8979109131
11.0000000000 1.0000000000 422.3965114514 192.7962932061 369.7730423952
12.0000000000 1.0000000000 387.8830049576 -203.3783019778 400.6312109562
13.0000000000 1.0000000000 418.7664212632 167.3303951052 385.9488952425
14.0000000000 1.0000000000 418.1190419203 49.2208819906 418.4197629203
15.0000000000 1.0000000000 393.6002172320 178.5955271053 406.8216232398
16.0000000000 1.0000000000 385.8092231060 239.5215980658 382.2328791050
17.0000000000 1.0000000000 393.7372148993 126.3392079677 425.8294688910
18.0000000000 1.0000000000 384.2025060491 206.6469670264 402.5006730515
19.0000000000 1.0000000000 343.0693992314 -277.7044421873 396.8689412677
20.0000000000 1.0000000000 368.1002832368 -161.0759751036 436.8959122811
21.0000000000 1.0000000000 340.5002472498 156.2551981146 460.3968083377
22.0000000000 1.0000000000 260.5006969304 -361.2456829035 392.3802618952
23.0000000000 1.0000000000 313.0390150795 315.1049890801 393.7470601001
24.0000000000 1.0000000000 310.2240791839 261.0807521548 433.4964682570
25.0000000000 1.0000000000 260.6156748990 234.5352799091 478.9509358144
26.0000000000 1.0000000000 224.1314059748 368.6843339585 407.6251969541
27.0000000000 1.0000000000 228.9868921620 318.1324312251 445.7332003154
28.0000000000 1.0000000000 212.7633340561 229.2373940605 504.4832081331
29.0000000000 1.0000000000 167.8830512369 264.0170713725 504.4121267117
30.0000000000 1.0000000000 141.9737650257 394.2527340715 420.3921480762
31.0000000000 1.0000000000 137.0767161135 343.0133292841 464.6215193849
32.0000000000 1.0000000000 115.0794970095 245.8047860202 527.8807090434
33.0000000000 1.0000000000 100.1041320145 134.8778820196 569.3052310827
34.0000000000 1.0000000000 88.1095429593 344.3688548409 475.3610487804
35.0000000000 1.0000000000 69.6658909790 265.3559529199 526.3593908411
36.0000000000 1.0000000000 55.0605859985 296.2288959919 511.4079579861
37.0000000000 1.0000000000 26.0717720210 382.1051823077 453.4724013651
38.0000000000 1.0000000000 19.5594790097 409.6202702037 429.1270062134
39.0000000000 1.0000000000 1.8707150018 215.4977682087 553.0628705355
40.0000000000 1.0000000000 -22.3135159873 306.9240408258 507.5638547119
41.0000000000 1.0000000000 -31.3259999774 323.9576347666 496.3783426424
42.0000000000 1.0000000000 -57.3826920482 255.5920292146 532.6361494471
43.0000000000 1.0000000000 -87.0367700628 395.1679532851 434.2674473133
44.0000000000 1.0000000000 -94.2887380072 350.3071990266 469.8040300356
45.0000000000 1.0000000000 -173.5865800515 311.9671020925 474.1999081406
46.0000000000 1.0000000000 -181.4566080407 238.5365380535 512.3428011150
47.0000000000 1.0000000000 -196.5418229680 325.1654599471 456.0263829258
48.0000000000 1.0000000000 -200.6829399103 267.0208928806 490.6602967806
49.0000000000 1.0000000000 -276.5925069988 -290.7020419987 437.3902539981
50.0000000000 1.0000000000 -240.1508029853 274.1990369832 468.4696429712
51.0000000000 1.0000000000 -307.7203341808 -242.4376301425 445.9299472620
52.0000000000 1.0000000000 -263.8881431623 194.1620691194 494.9600643044
53.0000000000 1.0000000000 -281.6323743313 -91.9274561081 514.3480096050
54.0000000000 1.0000000000 -280.2293942315 39.2638910324 521.7769254310
55.0000000000 1.0000000000 364.1290769954 -184.1472689977 431.0697449946
56.0000000000 1.0000000000 361.1680613927 -5.9344000065 471.0029095122
57.0000000000 1.0000000000 342.6431590372 -128.8763840140 467.2342770507
58.0000000000 1.0000000000 338.1317880253 222.9233940167 433.9278520324
59.0000000000 1.0000000000 307.3834659354 -227.3142359522 454.0539279046
60.0000000000 1.0000000000 290.0236553113 -275.3243552955 438.6389234708
61.0000000000 1.0000000000 322.5424391396 54.9394930238 495.2467602143
62.0000000000 1.0000000000 239.8789971900 -354.8622192810 410.9162913254
63.0000000000 1.0000000000 275.5926549814 -152.7323179897 503.0336509661
64.0000000000 1.0000000000 282.8429340334 -78.3888370092 515.9228540609
65.0000000000 1.0000000000 291.9589259166 168.5574189518 488.5383388604
66.0000000000 1.0000000000 268.7205999122 263.4160249139 459.0452738499
67.0000000000 1.0000000000 156.9368740996 -423.5246832689 385.1220412445
68.0000000000 1.0000000000 160.6412531938 -398.0741454803 409.9422994947
69.0000000000 1.0000000000 237.6028819726 142.1909179836 525.0218469396
70.0000000000 1.0000000000 123.7979601611 -390.2676835078 429.7517035591
71.0000000000 1.0000000000 168.6741750637 317.0593681197 472.5925371784
72.0000000000 1.0000000000 55.6361100040 -438.0579890311 396.6499060282
73.0000000000 1.0000000000 -50.4851180356 -433.5150233061 402.2900742840
74.0000000000 1.0000000000 -39.7492070395 -396.8298613948 439.6218694374
75.0000000000 1.0000000000 -168.2651070548 -393.0160281280 411.7603451341
76.0000000000 1.0000000000 -172.4652319622 138.0342829698 550.9297658793
77.0000000000 1.0000000000 -199.9170611757 202.0362971776 521.0909994580
78.0000000000 1.0000000000 -256.3179130307 -188.3563200225 501.1430440600
79.0000000000 1.0000000000 -237.2980341846 -99.5325000774 534.8871384161
80.0000000000 1.0000000000 -235.9551520527 36.5306760082 543.4261701213
81.0000000000 1.0000000000 -340.4466032667 -157.9313861237 459.8642343603
82.0000000000 1.0000000000 -311.9063691968 -42.8617050270 503.1884513174
83.0000000000 1.0000000000 400.0028599859 -0.2747490000 438.5418599845
84.0000000000 1.0000000000 338.2081362608 -64.0626170494 483.5623683728
85.0000000000 1.0000000000 258.8186531062 -299.4762131229 442.3214091816
86.0000000000 1.0000000000 261.4512732331 -181.3667661617 501.0695104468
87.0000000000 1.0000000000 283.0672839576 38.1601919943 520.3249359221
88.0000000000 1.0000000000 234.9811848782 -191.6721229006 510.2616647354
89.0000000000 1.0000000000 251.1722121588 -41.9282480265 536.1677613390
90.0000000000 1.0000000000 206.5857849255 -298.2723328924 469.7629778305
91.0000000000 1.0000000000 192.1913910427 -265.0163230589 495.1263921101
92.0000000000 1.0000000000 230.3481963203 116.3216221618 534.5374777433
93.0000000000 1.0000000000 128.3785760073 -353.0882960201 459.5311990262
94.0000000000 1.0000000000 153.4930510872 -156.8674590891 551.5014143132
95.0000000000 1.0000000000 174.3715130446 -30.8083960079 566.5392701451
96.0000000000 1.0000000000 164.7879051771 -41.5816410447 568.7154296113
97.0000000000 1.0000000000 140.1260359715 -124.6146999746 563.1671128854
98.0000000000 1.0000000000 167.6181210014 90.8357520007 562.1159650045
99.0000000000 1.0000000000 57.7005459905 -415.1115079318 420.3265509310
100.0000000000 1.0000000000 83.5984710565 -337.9842512285 480.7278523251
101.0000000000 1.0000000000 90.2535320396 -272.8923951196 519.3316542276
102.0000000000 1.0000000000 71.7726860101 -264.6698630373 526.4217620742
103.0000000000 1.0000000000 78.6326790947 -195.9803652360 554.7341026680
104.0000000000 1.0000000000 55.1581980262 -221.5317191054 547.9074712607
105.0000000000 1.0000000000 76.8485539550 -141.8078789170 571.2321346656
106.0000000000 1.0000000000 105.5881240897 126.2524491072 570.2918494843
107.0000000000 1.0000000000 3.1243400022 -355.3033792536 475.4693193394
108.0000000000 1.0000000000 -13.5345790085 -388.6750042431 448.4081652805
109.0000000000 1.0000000000 61.7566970469 -13.9903890106 590.1793844483
110.0000000000 1.0000000000 27.0107470120 -98.7410310438 584.6725192591
111.0000000000 1.0000000000 41.5485620255 25.7559160158 591.5502313636
112.0000000000 1.0000000000 -25.1539670049 -292.8810340569 515.6639451001
113.0000000000 1.0000000000 -40.4499419817 -214.9252589029 551.8081747507
114.0000000000 1.0000000000 -29.5048549839 -111.7065539389 582.2133936814
115.0000000000 1.0000000000 -66.8746670203 -271.7272560826 523.4628961591
116.0000000000 1.0000000000 -64.1674270311 -173.6201670842 563.9680002734
117.0000000000 1.0000000000 -22.7444890058 216.2600970552 552.3002671411
118.0000000000 1.0000000000 -74.7089590596 -248.4420171982 533.8693304258
119.0000000000 1.0000000000 -124.6342689482 -367.8904378470 448.8254128133
120.0000000000 1.0000000000 -63.0464479889 -90.0650609841 583.2964568969
121.0000000000 1.0000000000 -48.8875510112 24.2481600055 591.0527561352
122.0000000000 1.0000000000 -129.2450730557 -308.5576991329 490.3153922112
123.0000000000 1.0000000000 -77.7896260897 -23.7171460274 587.9690446781
124.0000000000 1.0000000000 -111.9705989329 -170.8694648976 557.3038106659
125.0000000000 1.0000000000 -138.0017770985 -204.2405951458 539.9653833855
126.0000000000 1.0000000000 -122.3350460131 -109.9182600118 570.3274840611
127.0000000000 1.0000000000 -100.5851300242 130.9985850315 570.1257131373
128.0000000000 1.0000000000 -169.7687090305 -204.9692320368 530.5539800953
129.0000000000 1.0000000000 -158.5598421566 -65.1513150643 568.2740615612
130.0000000000 1.0000000000 -222.7687581713 -269.0727842069 479.8908663691
131.0000000000 1.0000000000 -219.5908478595 -243.2839828444 494.8879566834
132.0000000000 1.0000000000 -219.4763091866 -166.6800561417 525.7083174470
133.0000000000 1.0000000000 -199.1525461495 -56.2857470423 556.3196064176
