0.0000000000 1122.4197163870 234.6639030000 1235.7944916161 228.6854953193
1.0000000000 4099.7241757139 297.2270240000 3962.8527740569 296.7093912327
2.0000000000 5924.6210126733 315.4886260000 5676.3264678457 304.5469399070
3.0000000000 10909.9407931507 397.5465540000 10974.2992824808 397.3936977355
4.0000000000 2063.9751657083 200.3585420000 2109.5958428434 202.0059138442
5.0000000000 1592.7111567054 155.3771710000 1666.8887066107 163.6075965563
6.0000000000 5811.7956073877 305.1261410000 5903.7237301311 306.0884679891
7.0000000000 10239.2676624533 390.1086900000 10276.9470675209 392.4493274611
8.0000000000 4423.6119754916 256.4118090000 4731.0492204346 264.6658988066
9.0000000000 4713.0972554397 284.6308000000 4821.3334827401 286.5054047574
10.0000000000 4193.4839172270 274.5877020000 4550.4470245475 283.8018446912
11.0000000000 6026.2179695344 294.1473610000 5955.8808604453 294.1439596714
12.0000000000 9636.2430928892 367.0015520000 9619.3806035883 368.7711884090
13.0000000000 3116.4259986285 223.1692230000 3146.5155172775 225.8071802837
14.0000000000 6844.4883048928 317.8460880000 6914.9637102391 322.7989966034
15.0000000000 8113.5646947682 336.1474770000 8233.7013579523 342.2029487546
16.0000000000 2450.6271875876 240.2420980000 2660.9007624032 251.7001135818
17.0000000000 10643.6618560525 395.0876750000 10225.9424949835 387.9910310194
18.0000000000 6000.1629845399 302.7175060000 6542.8444529198 329.5359829862
19.0000000000 7978.6832888038 354.0647120000 8156.2872578985 361.0649018388
20.0000000000 14849.3874597241 449.4589730000 14713.4199223209 447.8482975975
21.0000000000 4008.3985795652 251.3252060000 4271.5464656763 262.7837217863
22.0000000000 13436.6781153876 453.4223750000 13412.4442198618 457.2637379747
23.0000000000 6534.7683586331 303.9134660000 6478.0766348406 304.1792823508
24.0000000000 10432.0875620702 392.8691610000 10917.2776368060 405.9068858671
25.0000000000 7644.3054553954 342.8877690000 7489.8690459413 341.6967065040
26.0000000000 4046.4209896311 267.7881020000 3807.5819484712 262.0085791605
27.0000000000 7155.3950088758 328.8084040000 7094.0160290946 323.0386622156
28.0000000000 14884.9692963046 446.4765287288 14235.0817083097 445.4062101214
29.0000000000 8454.4245909552 358.7815600000 8656.7244364906 365.5066185365
30.0000000000 14858.3552225922 482.9105670000 14847.2100520096 486.3555837118
31.0000000000 3331.9630175816 237.0329580000 3354.2416243354 237.9848697231
32.0000000000 10980.6704474398 403.1799770000 11042.8610809937 409.2617722958
33.0000000000 8024.3439740631 328.3390540000 8229.8586176958 335.4518025915
34.0000000000 6789.2567208055 338.0550140000 6600.4424390961 337.8918865908
35.0000000000 4272.0751034400 275.6302800000 4365.2537567549 281.9209791975
36.0000000000 6962.6643045459 349.9596260000 6612.2893672460 339.9004155721
37.0000000000 9755.5081721150 409.5403240000 9524.4626268657 401.1610509261
38.0000000000 11285.6963104148 399.5471790000 11624.3616978545 406.3019500854
39.0000000000 6246.3134422929 335.4136850000 6115.4465161703 329.9088685416
40.0000000000 22608.7591510270 568.2146840000 22486.8798564477 567.6647584832
41.0000000000 5183.7193985363 282.3745800000 5392.1844810988 288.2126888981
42.0000000000 9813.0659418018 369.7756230000 9994.3467254666 375.8628504255
43.0000000000 6586.1902175593 313.4552420000 6018.4718203452 298.1682836386
44.0000000000 12365.0935950066 413.1970710000 12080.7404424175 410.1353444212
45.0000000000 5164.5106229263 305.0906300000 5299.7498542335 310.3635888700
46.0000000000 7399.1895039302 336.9673130000 7220.8237752649 335.0430958276
47.0000000000 4591.9527369986 263.2489340000 4534.0530986943 260.5174046986
48.0000000000 5264.7018040030 280.8303680000 5098.7474304039 275.9511148105
49.0000000000 12767.8031672270 436.8779980000 12937.3999872037 444.8637772616
50.0000000000 9874.1152903437 379.4028960000 9510.3124965751 375.9210770362
51.0000000000 13455.2886840166 450.4003210000 13337.0110172352 450.8855612894
52.0000000000 9882.0612201824 406.2310230000 10038.1796844523 407.9183728579
53.0000000000 4066.3902133671 257.1958200000 4159.4125448226 262.6024336008
54.0000000000 22007.0433229970 552.3375620000 21520.2367653377 547.5285545828
55.0000000000 3606.8936303868 285.0614440000 3186.0901982852 271.5990096555
56.0000000000 12214.4041304389 407.5086700000 12421.1075884119 414.4921369220
57.0000000000 3003.7410642914 222.0641250000 3122.7700715330 228.7531924467
58.0000000000 7173.4765062896 325.1446450000 6929.0138349594 323.7352779880
59.0000000000 2020.9652951688 189.6996620000 1936.6174265468 189.3015671168
60.0000000000 13600.1503782395 442.1747770000 13663.2071517644 445.7366576115
61.0000000000 5563.5043703563 283.7693880000 5332.9834312823 277.8435366455
62.0000000000 4459.1600586825 259.4088370000 4322.8481553948 256.1704338406
63.0000000000 9982.4823295899 375.7825250000 9849.1723050697 373.7542372843
64.0000000000 1673.0753690831 188.1723710000 1807.0747916528 195.4171345731
65.0000000000 8683.5796588476 376.2258290000 8866.8417410471 383.1695646946
66.0000000000 4996.3764314435 320.7944660000 4940.8826746053 319.7731920818
67.0000000000 7749.1064540590 348.4334790000 7638.6613992470 346.3033686671
