0.0000000000 1.0000000000 324.3891933442 138.5335571470 477.3902295065
1.0000000000 1.0000000000 -240.2655801016 -163.7556610692 517.4725702187
2.0000000000 1.0000000000 -241.2395141325 -164.9934740906 516.6255672837
3.0000000000 1.0000000000 -245.3142731181 191.5621900923 505.4168192434
4.0000000000 1.0000000000 -267.4475611158 78.4018970339 524.0670482269
5.0000000000 1.0000000000 -275.3253252004 -36.2038840264 524.6013443819
6.0000000000 1.0000000000 -310.8975110506 78.5844840128 499.4882810813
7.0000000000 1.0000000000 441.2814099693 86.2421649940 387.4975259730
8.0000000000 1.0000000000 428.6970983608 57.9592250488 406.4244733420
9.0000000000 1.0000000000 420.7936659195 -66.0692009874 413.3870799209
10.0000000000 1.0000000000 403.9968390548 -107.6772670146 421.3234940572
11.0000000000 1.0000000000 411.7100792138 189.0649820982 383.4978091991
12.0000000000 1.0000000000 383.3008642504 -178.5228901166 416.5709442722
13.0000000000 1.0000000000 402.3962963712 169.2420111561 402.1886233710
14.0000000000 1.0000000000 403.5503280270 51.7287060035 432.1950950289
15.0000000000 1.0000000000 393.2958542546 164.1380581063 413.1566232675
16.0000000000 1.0000000000 381.9124909881 222.3501539931 396.2632769877
17.0000000000 1.0000000000 381.9003439798 123.4958019935 437.2896529769
18.0000000000 1.0000000000 371.9774962814 205.5824811555 414.3548143134
19.0000000000 1.0000000000 340.7020319480 -252.9852799614 415.0203609366
20.0000000000 1.0000000000 362.5021763048 -140.9414721185 448.3848793770
21.0000000000 1.0000000000 334.6552351319 149.7182790590 466.8100651839
22.0000000000 1.0000000000 268.8817670088 -329.1130730107 414.3772520135
23.0000000000 1.0000000000 306.1795271531 292.7788271464 415.7595242079
24.0000000000 1.0000000000 302.6412781876 247.6315391535 446.5514572768
25.0000000000 1.0000000000 261.7655410213 223.9086050183 483.3891440394
26.0000000000 1.0000000000 221.4885459961 350.8006489938 424.5033039925
27.0000000000 1.0000000000 228.4015471496 294.2717261928 462.1235883027
28.0000000000 1.0000000000 212.6100341074 215.2585471087 510.6682462579
29.0000000000 1.0000000000 170.7386771850 240.1770422602 515.2519955583
30.0000000000 1.0000000000 150.7228111183 368.9242082896 439.8850863453
31.0000000000 1.0000000000 139.6127141245 315.5434442815 482.9719984309
32.0000000000 1.0000000000 120.3350459925 225.9478459859 535.5262589667
33.0000000000 1.0000000000 114.2923840731 130.0898180832 567.7457323631
34.0000000000 1.0000000000 94.3449550999 312.7514753313 495.5873995249
35.0000000000 1.0000000000 79.9626220521 238.7675901557 537.5103193506
36.0000000000 1.0000000000 68.7258700044 269.9273640174 524.1538890338
37.0000000000 1.0000000000 40.8607420271 342.5174192272 483.0461093203
38.0000000000 1.0000000000 28.5289340146 368.4550461889 464.4871422381
39.0000000000 1.0000000000 23.8410840147 195.9027071209 559.7991233454
40.0000000000 1.0000000000 5.2104500019 272.6443671006 527.2183861946
41.0000000000 1.0000000000 -8.8992330102 291.0732603342 517.2218935939
42.0000000000 1.0000000000 -23.7120600081 228.5640550782 547.2819541872
43.0000000000 1.0000000000 -72.0419750030 355.5715920147 469.7873170195
44.0000000000 1.0000000000 -71.1497960133 313.2753100588 499.1168330936
45.0000000000 1.0000000000 -141.7434320399 273.3098920770 507.4759391429
46.0000000000 1.0000000000 -147.5391000577 200.6866920784 538.7748992106
47.0000000000 1.0000000000 -158.8175060912 283.9927981631 496.4336982851
48.0000000000 1.0000000000 -160.9939159659 224.5760969524 525.3264338886
49.0000000000 1.0000000000 -225.7453391888 -277.7544612322 473.5111693959
50.0000000000 1.0000000000 -199.1965671297 228.9439291490 510.1242313321
51.0000000000 1.0000000000 -258.4622631563 -220.3199991332 486.8035362943
52.0000000000 1.0000000000 -221.1845941314 157.5067630936 527.8165603136
53.0000000000 1.0000000000 -235.1477901060 -97.4488920439 536.2187582417
54.0000000000 1.0000000000 -242.9476578714 18.5097619902 541.2533147136
55.0000000000 1.0000000000 354.8780440650 -164.4438120301 446.4763520817
56.0000000000 1.0000000000 361.2380363220 1.4106820013 470.9845194198
57.0000000000 1.0000000000 340.1731871918 -112.3736820633 473.2606942668
58.0000000000 1.0000000000 335.6380930463 206.2281350285 444.0026500613
59.0000000000 1.0000000000 309.9388668332 -200.6814628920 464.7431287499
60.0000000000 1.0000000000 291.3166322296 -249.8009651969 452.8304583569
61.0000000000 1.0000000000 327.7211639765 52.1208059963 492.1418359647
62.0000000000 1.0000000000 249.4591830773 -319.7578920991 433.4124281343
63.0000000000 1.0000000000 288.4309209491 -130.7735499769 502.0231159114
64.0000000000 1.0000000000 290.4392380208 -73.4765960053 512.4134710367
65.0000000000 1.0000000000 286.5010372669 163.8718311527 493.3401514596
66.0000000000 1.0000000000 261.8625110506 249.9094510483 470.4196190909
67.0000000000 1.0000000000 178.7450051781 -388.4473643871 411.6797234103
68.0000000000 1.0000000000 180.3196040779 -363.2580391569 433.4163861872
69.0000000000 1.0000000000 233.8593751093 144.6393540676 526.0328662459
70.0000000000 1.0000000000 146.6694519703 -355.6312949280 452.0351539085
71.0000000000 1.0000000000 173.1499231468 283.7295252406 491.7702584170
72.0000000000 1.0000000000 82.9156039692 -401.7956758509 428.9598628409
73.0000000000 1.0000000000 -19.5069609933 -406.8734898610 431.7346038525
74.0000000000 1.0000000000 -1.0714500006 -366.6267881915 466.8029312438
75.0000000000 1.0000000000 -123.1189069829 -374.8522659478 443.4510569383
76.0000000000 1.0000000000 -136.5109240837 110.3187540676 567.0236913475
77.0000000000 1.0000000000 -165.4252809348 165.5462129347 545.4816717848
78.0000000000 1.0000000000 -207.0377451512 -180.1105651316 526.3239333844
79.0000000000 1.0000000000 -193.6337269801 -101.4673599896 551.8438919433
80.0000000000 1.0000000000 -196.3979289663 16.1006729972 559.9017309040
81.0000000000 1.0000000000 -294.0593453962 -158.9900032142 490.4820146608
82.0000000000 1.0000000000 -319.3885000638 -33.8728340068 499.1642450997
83.0000000000 1.0000000000 389.6882313289 8.8974000075 447.6441053778
84.0000000000 1.0000000000 334.9863378429 -61.7375999710 486.1007597721
85.0000000000 1.0000000000 268.8237520395 -269.7093550397 455.3152540669
86.0000000000 1.0000000000 270.8349039799 -163.3863749878 502.2695229626
87.0000000000 1.0000000000 282.5391652122 32.6542100245 520.9862273913
88.0000000000 1.0000000000 249.2551062505 -171.6792581726 510.6069435132
89.0000000000 1.0000000000 261.4585212127 -38.8571830316 531.4610874323
90.0000000000 1.0000000000 221.8117710397 -271.4942480486 478.9694540858
91.0000000000 1.0000000000 214.8413469583 -240.0566339534 498.5351889031
92.0000000000 1.0000000000 228.4076719849 121.2518269920 534.2745139646
93.0000000000 1.0000000000 150.6697539564 -320.1423149074 476.5803708621
94.0000000000 1.0000000000 178.5239750520 -148.6163160433 546.2267911591
95.0000000000 1.0000000000 193.1945552374 -38.3449140471 559.9346906880
96.0000000000 1.0000000000 187.1064251673 -41.1438920368 561.8004025023
97.0000000000 1.0000000000 164.7527470978 -111.9374890665 559.1492263321
98.0000000000 1.0000000000 171.0613920891 94.8270210494 560.4169542920
99.0000000000 1.0000000000 87.4648670636 -382.3637682782 445.4987903241
100.0000000000 1.0000000000 109.0798160081 -307.5089090227 495.8439180366
101.0000000000 1.0000000000 122.1094379962 -243.0348779924 527.5837939835
102.0000000000 1.0000000000 114.7828770544 -240.1766781139 530.5293402516
103.0000000000 1.0000000000 111.5984660669 -184.3926761106 553.0519413318
104.0000000000 1.0000000000 102.6653590198 -203.0964600391 548.2088821056
105.0000000000 1.0000000000 103.1667561015 -132.7939181306 569.2483835599
106.0000000000 1.0000000000 115.3817380991 123.6222311062 568.9691774887
107.0000000000 1.0000000000 29.6477570118 -327.5806951306 494.0983961970
108.0000000000 1.0000000000 11.7020630078 -361.3636222396 470.7448573121
109.0000000000 1.0000000000 76.9750960456 -16.1665450096 588.3322223487
110.0000000000 1.0000000000 49.3484509923 -100.5680319843 582.8997579087
111.0000000000 1.0000000000 54.1770140237 19.3899620085 590.7708582584
112.0000000000 1.0000000000 3.5568930045 -285.6204993583 520.3168316526
113.0000000000 1.0000000000 -2.9235360023 -207.2598111622 556.1979414353
114.0000000000 1.0000000000 1.2028190003 -112.0610370251 582.8912451306
115.0000000000 1.0000000000 -39.2315409712 -271.8640938001 526.1863996131
116.0000000000 1.0000000000 -25.1869230268 -173.8035541849 566.9914196032
117.0000000000 1.0000000000 -4.3318759980 195.8803219078 560.2976537361
118.0000000000 1.0000000000 -42.3864699972 -247.5701639836 537.8045439645
119.0000000000 1.0000000000 -86.4663460253 -345.5073371010 474.8363691388
120.0000000000 1.0000000000 -28.5219380275 -90.5138120874 585.9309475656
121.0000000000 1.0000000000 -25.7214810140 14.8736160081 592.8224923228
122.0000000000 1.0000000000 -98.5901440840 -295.3771312515 505.3253014303
123.0000000000 1.0000000000 -46.0333659965 -30.5665169976 590.9889539545
124.0000000000 1.0000000000 -74.6118690549 -171.5287761262 563.3225314146
125.0000000000 1.0000000000 -95.1466089666 -202.4649439290 549.7966858072
126.0000000000 1.0000000000 -82.2596039788 -111.3920089713 577.1884478514
127.0000000000 1.0000000000 -72.3317030623 108.5790000935 579.0509924984
128.0000000000 1.0000000000 -127.2322269886 -202.0484839819 543.4240489514
129.0000000000 1.0000000000 -120.1629760871 -68.5204850497 577.2236384184
130.0000000000 1.0000000000 -179.0897040204 -258.6459670295 503.3393170574
131.0000000000 1.0000000000 -173.3468881648 -236.3072142246 516.1696264907
132.0000000000 1.0000000000 -176.3219521606 -165.3507751506 542.1171614937
133.0000000000 1.0000000000 -161.8380950734 -63.9521730290 567.4855742575
