0.0000000000 967.2645247383 234.6639030000 996.1781227213 227.5618537280
1.0000000000 4979.7168261244 297.2270240000 5163.2574998400 330.5836983035
2.0000000000 6665.1105556804 315.4886260000 6645.8073890634 333.4830969078
3.0000000000 13954.9331567377 397.5465540000 14183.8013121484 447.4100856377
4.0000000000 2247.6771784808 200.3585420000 2320.4530867653 208.0270982151
5.0000000000 2225.9937736060 155.3771710000 2282.0801766459 190.4914912284
6.0000000000 6564.7118285430 305.1261410000 6829.0293486653 325.1850689674
7.0000000000 13869.7066963539 390.1086900000 13740.3183900134 446.7504830456
8.0000000000 5214.2569424992 256.4118090000 5355.5593967502 288.6653291245
9.0000000000 5771.8916494088 284.6308000000 5466.1219536292 307.2896597579
10.0000000000 5618.2024918623 274.5877020000 5841.5138756017 321.8929224148
11.0000000000 7837.9484942598 294.1473610000 7903.4471371245 343.9754048194
12.0000000000 10774.1356652123 367.0015520000 11040.1568834490 394.4207735394
13.0000000000 5148.7066610404 223.1692230000 5394.0557143590 295.9721183877
14.0000000000 8011.2364415527 317.2486498037 7769.9332067706 340.0965730020
15.0000000000 11007.9266198684 336.1474770000 11084.4910375723 394.0048336778
16.0000000000 2863.3923493030 240.2420980000 2770.2384178095 263.9334055103
17.0000000000 10067.9625275170 395.0876750000 10680.0050426845 394.8869980651
18.0000000000 7507.5851456991 302.7175060000 7438.0326573003 351.7577390919
19.0000000000 10570.4448239347 354.0647120000 10906.5386411027 408.9479536709
20.0000000000 19002.2844490527 449.4589730000 19419.6554851531 517.6910678661
21.0000000000 5163.7092124756 251.3252060000 5349.0235748639 298.3919595751
22.0000000000 13981.6614818579 401.3325000261 13475.0643264633 450.6425124364
23.0000000000 8344.4971645865 303.9134660000 8322.7686780648 342.3238284906
24.0000000000 15646.0543646560 392.8691610000 16059.8783666271 491.1290050215
25.0000000000 8885.4769974463 333.0549248270 8440.2460458811 362.6435946951
26.0000000000 4663.1276606764 267.7881020000 4872.2296694707 288.3494673948
27.0000000000 7272.1113251372 328.8084040000 7001.5451589335 322.3598645736
28.0000000000 18720.8619727207 456.0673900000 18877.9003389095 515.1875746371
29.0000000000 9693.6813956896 345.4853153228 9443.8889236896 376.2767280116
30.0000000000 15968.3154597239 380.7790833710 16079.2909616832 493.8893239217
31.0000000000 3415.7306275323 237.0329580000 3215.1342422015 240.5065818135
32.0000000000 11868.4494522179 410.4386555142 12147.3509684408 424.5683976997
33.0000000000 10046.8741623234 328.3390540000 9944.1134015268 368.2432147392
34.0000000000 7307.3479065227 338.0550140000 7141.7087812181 352.7326172661
35.0000000000 5361.7159813991 275.6302800000 5646.7724638619 308.7408719566
36.0000000000 8470.9270507343 349.9596260000 8015.0830957771 351.1111259341
37.0000000000 9550.5334240945 253.1275470762 8142.4277813577 360.9778673076
38.0000000000 13817.4054656819 399.5471790000 13365.7007886597 428.7453161079
39.0000000000 8472.7700647196 335.4136850000 8748.8036341416 395.0360503656
40.0000000000 26149.0585198216 568.2146840000 26022.5989998397 611.9380152784
41.0000000000 7478.4980851373 282.3745800000 7532.4020261431 343.0016944785
42.0000000000 14114.9686144750 369.7756230000 14597.5284292704 451.5521399324
43.0000000000 8282.9425066120 313.4552420000 7615.5891600178 339.5700834213
44.0000000000 14505.2880289377 413.1970710000 14209.3716396422 445.0904118866
45.0000000000 5818.2866991772 305.0906300000 6169.1840142731 341.1625010232
46.0000000000 8469.0029297820 336.9673130000 8285.3051558811 363.2751722758
47.0000000000 5251.2049710161 263.2489340000 5212.8578090902 278.5449482161
48.0000000000 5735.0364817201 280.8303680000 5503.1507759354 288.5507396890
49.0000000000 15160.0327389150 436.8779980000 14919.6095101524 475.9173119749
50.0000000000 11616.2605935745 379.4028960000 11039.5574299156 412.3058421771
51.0000000000 16360.9263065047 450.4003210000 16373.0699644370 493.8526784645
52.0000000000 12872.0973489336 406.2310230000 13111.8299077535 455.6955029855
53.0000000000 4972.0948375969 257.1958200000 5019.1717769637 288.3594380895
54.0000000000 26647.1781600377 552.3375620000 26368.2809267948 607.8688837884
55.0000000000 4088.6330074868 285.0614440000 3758.7871820740 297.2776150943
56.0000000000 14427.1480845271 407.5086700000 14522.1430724180 445.9550881090
57.0000000000 3828.0637130277 222.0641250000 3818.1886013449 252.5362003044
58.0000000000 -19545.1500837838 325.1446450000 -32241.2645292026 1986.9894495789
59.0000000000 2224.2239003920 189.6996620000 1895.3144970404 187.8119479076
60.0000000000 15800.1488466757 442.1747770000 15680.5447393859 491.0405078969
61.0000000000 6995.3691812339 283.7693880000 6761.9788799782 316.2406261192
62.0000000000 -15280.9914967618 259.4088370000 -16745.7243678056 1962.8014780618
63.0000000000 11328.6514628563 375.7825250000 10926.0716916485 403.9138975480
64.0000000000 11363.2272054415 188.1723710000 17605.0015615220 1890.3635639276
65.0000000000 40867.1810164292 376.2258290000 46612.1873208352 2135.9198769924
66.0000000000 2592.0819626600 320.7944660000 2512.9490169618 366.0415051239
67.0000000000 2102.2479717722 348.4334790000 2138.5515902013 451.4198639335
