0.0000000000 1.0000000000 327.7085763705 147.4276221667 472.4336055342
1.0000000000 1.0000000000 420.8583150218 -418.5685190259 0.0000000000
2.0000000000 1.0000000000 420.8583150218 -418.5685190259 0.0000000000
3.0000000000 1.0000000000 -292.5161000808 227.6929970629 463.5855441281
4.0000000000 1.0000000000 -293.9999220528 59.6016430107 512.1845530919
5.0000000000 1.0000000000 -301.7699911270 7.8874290033 511.0714112152
6.0000000000 1.0000000000 -293.6223859289 169.5054349590 487.2115848821
7.0000000000 1.0000000000 449.8284998904 90.3502899780 376.5799679083
8.0000000000 1.0000000000 448.7666580984 53.4325130117 384.8048590844
9.0000000000 1.0000000000 431.2556590022 -80.1018420004 399.9044610020
10.0000000000 1.0000000000 412.0089670518 -133.1886460167 405.9935000510
11.0000000000 1.0000000000 422.0658646376 196.5427658312 368.1747866839
12.0000000000 1.0000000000 388.7761170654 -204.4575020344 399.2137110671
13.0000000000 1.0000000000 418.9831919322 168.1559719728 385.3543569376
14.0000000000 1.0000000000 417.7236113318 51.0591960406 418.5943973325
15.0000000000 1.0000000000 395.0534869634 175.5849319837 406.7234939623
16.0000000000 1.0000000000 387.2538869207 236.0866659516 382.9083959216
17.0000000000 1.0000000000 393.1295602864 126.5740290922 426.3208773106
18.0000000000 1.0000000000 382.4935161643 212.7286450914 400.9570551722
19.0000000000 1.0000000000 342.9441491545 -280.4512011263 395.0414671779
20.0000000000 1.0000000000 370.0472260524 -161.4986770229 435.0914320616
21.0000000000 1.0000000000 338.9169922239 155.0150281024 461.9815363052
22.0000000000 1.0000000000 258.6691799710 -364.7398889591 390.3541919562
23.0000000000 1.0000000000 310.4656760765 313.6499230773 396.9333900978
24.0000000000 1.0000000000 311.2163379382 259.7155559484 433.6052899139
25.0000000000 1.0000000000 259.7043910975 238.8690770897 477.3012881792
26.0000000000 1.0000000000 221.8387589145 370.5657668572 407.1730638431
27.0000000000 1.0000000000 227.6449730367 319.7697710516 445.2486790719
28.0000000000 1.0000000000 213.4472819756 230.8060319736 503.4780629425
29.0000000000 1.0000000000 166.4939300462 263.8472740731 504.9611011400
30.0000000000 1.0000000000 145.6094861035 395.8877262814 417.6028162968
31.0000000000 1.0000000000 135.0863190796 345.6734832036 463.2308882728
32.0000000000 1.0000000000 114.7282770610 246.1858141310 527.7795882808
33.0000000000 1.0000000000 100.4951831142 134.7928351532 569.2564766472
34.0000000000 1.0000000000 87.6974370347 344.2297131363 475.5380011883
35.0000000000 1.0000000000 69.4451380259 268.1233880999 524.9843311956
36.0000000000 1.0000000000 58.6193119928 295.3534889638 511.5187379373
37.0000000000 1.0000000000 24.0241649998 385.0803059961 451.0624389955
38.0000000000 1.0000000000 18.4726659998 405.0141089946 433.5246919942
39.0000000000 1.0000000000 -2.2055210001 221.0969860109 550.8471520273
40.0000000000 1.0000000000 -18.7496900112 306.0402381826 508.2412303033
41.0000000000 1.0000000000 -30.5289800259 318.8124022702 499.7478964236
42.0000000000 1.0000000000 -55.8446419744 257.5664778821 531.8479217565
43.0000000000 1.0000000000 -87.9499760729 392.9945603256 436.0520653613
44.0000000000 1.0000000000 -90.8049090456 347.7504081746 472.3827352372
45.0000000000 1.0000000000 -177.1012461161 314.8494682064 470.9843813088
46.0000000000 1.0000000000 -181.6148600302 239.3747690398 511.8955840852
47.0000000000 1.0000000000 -191.2559650583 322.9526890985 459.8304501403
48.0000000000 1.0000000000 -201.9728839932 266.4862769910 490.4215989835
49.0000000000 1.0000000000 -274.4496260568 -292.5311890606 437.5205510906
50.0000000000 1.0000000000 -237.9889952089 275.0253242414 469.0880894117
51.0000000000 1.0000000000 -316.3394672765 -235.0970912055 443.8243183879
52.0000000000 1.0000000000 -267.2523770677 198.2946510502 491.5045521245
53.0000000000 1.0000000000 -278.0110510156 -93.7253650053 515.9910250289
54.0000000000 1.0000000000 -282.3449910667 39.8970220094 520.5870341229
55.0000000000 1.0000000000 360.5909632209 -186.5818391143 432.9927262653
56.0000000000 1.0000000000 362.1300731350 -6.2246230023 470.2599181753
57.0000000000 1.0000000000 342.4009839865 -132.9278169948 466.2757639816
58.0000000000 1.0000000000 340.5766911667 220.8679891081 433.0660172120
59.0000000000 1.0000000000 304.7202520914 -231.2281520693 453.8727091361
60.0000000000 1.0000000000 292.3641499852 -274.7052519861 437.4717759779
61.0000000000 1.0000000000 324.2953102358 53.5316500389 494.2552383594
62.0000000000 1.0000000000 239.8259812159 -357.5501493219 408.6107143679
63.0000000000 1.0000000000 274.0502160376 -154.7677450212 503.2541610691
64.0000000000 1.0000000000 280.5576111920 -79.0824310541 517.0635573538
65.0000000000 1.0000000000 294.3110778722 171.1076339257 486.2350187889
66.0000000000 1.0000000000 270.7764452969 265.6786522913 456.5263375005
67.0000000000 1.0000000000 158.9163930909 -422.6966572417 385.2199922203
68.0000000000 1.0000000000 163.7481080756 -397.3369201834 409.4279611890
69.0000000000 1.0000000000 238.6471380548 142.1812780326 524.5506211204
70.0000000000 1.0000000000 121.1210780303 -387.9202550971 432.6301961083
71.0000000000 1.0000000000 171.3811589678 317.2625809403 471.4809429113
72.0000000000 1.0000000000 58.1990820013 -438.5975570100 395.6846930090
73.0000000000 1.0000000000 -49.4792200544 -435.7506984795 399.9930774401
74.0000000000 1.0000000000 -37.2839639833 -399.2213558211 437.6683008039
75.0000000000 1.0000000000 -170.3728070227 -392.1332960523 411.7352440549
76.0000000000 1.0000000000 -169.3305901171 139.0713880961 551.6408493814
77.0000000000 1.0000000000 -201.7665921223 203.7270571235 519.7180533151
78.0000000000 1.0000000000 -254.3250099294 -190.1055249473 501.4977618609
79.0000000000 1.0000000000 -237.6441331066 -99.7190620447 534.6987012398
80.0000000000 1.0000000000 -235.2738241946 38.0725190315 543.6157074497
81.0000000000 1.0000000000 -339.0675280954 -156.4885160440 461.3739071298
82.0000000000 1.0000000000 -309.5894932603 -48.0466380404 504.1499704239
83.0000000000 1.0000000000 402.0974862062 1.4319680007 436.6198432239
84.0000000000 1.0000000000 338.3407753157 -65.4269420610 483.2868314509
85.0000000000 1.0000000000 261.6508199985 -299.9649229983 440.3194519974
86.0000000000 1.0000000000 260.9478932537 -181.8032351768 501.1737294873
87.0000000000 1.0000000000 279.0146612468 35.2944640312 522.7106714624
88.0000000000 1.0000000000 235.4384121972 -191.2649761602 510.2036744273
89.0000000000 1.0000000000 254.7009520211 -37.6328490031 534.8200820444
90.0000000000 1.0000000000 204.4559990001 -298.7053620002 470.4191510002
91.0000000000 1.0000000000 191.0269291582 -264.5500822191 495.8258694106
92.0000000000 1.0000000000 229.6673340733 114.1056710364 535.3075171708
93.0000000000 1.0000000000 129.1573279056 -350.3660957440 461.3927936628
94.0000000000 1.0000000000 148.8118200421 -158.4227990448 552.3391941562
95.0000000000 1.0000000000 175.5882921278 -31.0526220226 566.1499914119
96.0000000000 1.0000000000 161.0350021363 -42.2395240357 569.7410614821
97.0000000000 1.0000000000 136.7318149596 -128.8238779619 563.0543008336
98.0000000000 1.0000000000 168.1137501501 91.5653980817 561.8495095016
99.0000000000 1.0000000000 61.6577929725 -414.4085638152 420.4583038125
100.0000000000 1.0000000000 85.7161650227 -336.3251180890 481.5178921274
101.0000000000 1.0000000000 86.8298620178 -277.3258960569 517.5637631063
102.0000000000 1.0000000000 66.9223320381 -266.8791731521 525.9450872998
103.0000000000 1.0000000000 73.0990670776 -198.6666832108 554.5353025885
104.0000000000 1.0000000000 50.0994259681 -225.3636528565 546.8295876518
105.0000000000 1.0000000000 74.5813920932 -144.6769211809 570.8130437136
106.0000000000 1.0000000000 102.2258210592 129.4315700749 570.1917893299
107.0000000000 1.0000000000 2.2957289990 -356.5592218472 474.5330097966
108.0000000000 1.0000000000 -11.4713450055 -388.7247801872 448.4225462159
109.0000000000 1.0000000000 60.4230320429 -15.9486480113 590.2677564190
110.0000000000 1.0000000000 21.4227080009 -100.5726310040 584.5917720233
111.0000000000 1.0000000000 39.4136739884 25.4169329925 591.7109668263
112.0000000000 1.0000000000 -20.2720320052 -291.4457150744 516.6911711319
113.0000000000 1.0000000000 -40.0917569877 -216.0454819335 551.3967058302
114.0000000000 1.0000000000 -29.9338520074 -112.6010080277 582.0191611431
115.0000000000 1.0000000000 -67.0705419975 -270.0291959900 524.3158419805
116.0000000000 1.0000000000 -63.7392930292 -175.0043710803 563.5885902584
117.0000000000 1.0000000000 -21.9052709972 219.5864909724 551.0201979307
118.0000000000 1.0000000000 -77.8948869964 -255.2966819883 530.1672539757
119.0000000000 1.0000000000 -122.4226309637 -367.0328778910 450.1343048664
120.0000000000 1.0000000000 -59.0829160583 -90.2630060891 583.6806705763
121.0000000000 1.0000000000 -50.6006819902 26.1554779949 590.8272068850
122.0000000000 1.0000000000 -130.2258139218 -307.2420328154 490.8817547051
123.0000000000 1.0000000000 -76.9402090621 -21.1909190171 588.1772484747
124.0000000000 1.0000000000 -112.5740780142 -172.3862500217 556.7148140702
125.0000000000 1.0000000000 -136.2604571019 -207.2583861550 539.2572444032
126.0000000000 1.0000000000 -119.2324681384 -109.7468921274 571.0171316629
127.0000000000 1.0000000000 -99.9654701105 132.9916541470 569.7731576298
128.0000000000 1.0000000000 -165.5982849672 -208.2224849588 530.6052498949
129.0000000000 1.0000000000 -156.9033481402 -62.7747970561 569.0008705086
130.0000000000 1.0000000000 -223.2953879412 -270.4159369288 478.8900888739
131.0000000000 1.0000000000 -220.0484359690 -244.8969689655 493.8881319304
132.0000000000 1.0000000000 -220.2962781274 -170.3663520986 524.1814403032
133.0000000000 1.0000000000 -199.8300090570 -58.9453130168 555.8009931587
