0.0000000000 936.9037603841 234.6639030000 791.6418617325 215.7417273879
1.0000000000 5050.3245090559 297.2270240000 4974.1095019954 324.1857315720
2.0000000000 6722.3092155691 315.4886260000 6727.7690299118 333.4964102671
3.0000000000 14231.2184056495 397.5465540000 14514.6803753363 449.4507361065
4.0000000000 2314.0601462816 200.3585420000 2383.0388367220 211.9320181963
5.0000000000 2236.9798252526 155.3771710000 2172.3998961922 186.2749390266
6.0000000000 6844.5365086742 305.1261410000 7265.9373834181 335.3466175172
7.0000000000 14028.2264471596 390.1086900000 14305.7049591902 454.4032720213
8.0000000000 5230.8663137078 256.4118090000 5022.2617950518 277.2027610425
9.0000000000 5869.5477330527 284.6308000000 6296.8683801532 328.2658449881
10.0000000000 5701.9230720400 274.5877020000 5628.9789612639 317.6136131563
11.0000000000 7948.8391908290 294.1473610000 8034.2883900757 347.3645360235
12.0000000000 11056.4168965993 367.0015520000 11361.8808391554 398.7190454596
13.0000000000 5263.3634855808 223.1692230000 5290.5750310654 292.5755474060
14.0000000000 7889.4318840034 315.5322909804 7541.1617681564 336.1646546316
15.0000000000 11243.5785809919 336.1474770000 11635.2527380369 403.4473576742
16.0000000000 2840.9427976186 240.2420980000 2786.0807757507 269.7504896094
17.0000000000 10652.4223670589 395.0876750000 11514.1628482835 408.2610602308
18.0000000000 7650.5683467177 302.7175060000 7966.7289262417 362.7247521169
19.0000000000 10877.8531751350 354.0647120000 11248.9047152748 416.0309022086
20.0000000000 19367.5844413238 449.4589730000 19614.9009343149 522.0324015852
21.0000000000 5243.0194104391 251.3252060000 5192.2998109463 292.1249365167
22.0000000000 13815.4347855267 354.0666090383 13367.5269707712 445.6526032008
23.0000000000 8472.6014778079 303.9134660000 8674.9101459752 350.8967418469
24.0000000000 15808.3342264988 392.8691610000 15611.9620493109 483.7716030858
25.0000000000 8815.3844107699 308.2191542581 8768.4514475537 371.4894112990
26.0000000000 4747.9728790931 267.7881020000 4687.2358100882 281.2969573002
27.0000000000 7164.4472294674 328.8084040000 6873.8963586285 320.5067124044
28.0000000000 19013.0340868533 456.0673900000 19260.6881371451 519.7777311096
29.0000000000 9165.3845768973 330.6112972839 7609.2889153375 341.9524534522
30.0000000000 15023.3199202661 330.4845990512 11781.4677013845 427.4496473249
31.0000000000 3427.8948613705 236.1027600696 3543.0109608409 252.0851977447
32.0000000000 12063.5290701290 412.2533251427 12048.5955177135 423.2275525104
33.0000000000 10068.5379986877 328.3390540000 9985.1407991331 369.9254901011
34.0000000000 7234.7333520569 338.0550140000 6963.6705856004 344.6968565862
35.0000000000 5521.4908053287 275.6302800000 5609.6019482403 305.8677272048
36.0000000000 8221.5769605939 349.9596260000 7667.3343225741 343.9858393461
37.0000000000 8984.3167546028 277.1196257006 8269.7391201804 359.0595124870
38.0000000000 13824.2212727091 399.5471790000 13911.7239538551 438.3480857241
39.0000000000 8658.1789240009 335.4136850000 8771.2627375604 393.0641594334
40.0000000000 26255.5468780076 568.2146840000 25986.8189587267 608.9909407215
41.0000000000 7588.8580935786 282.3745800000 7717.8406745558 343.8753161258
42.0000000000 14382.9170462348 369.7756230000 14451.0844469112 448.0254887405
43.0000000000 8149.9809616067 313.4552420000 8147.7135983075 346.6361266591
44.0000000000 14587.1501258111 413.1970710000 14714.8429250814 454.3984193773
45.0000000000 6162.4342341887 305.0906300000 6712.2526670760 350.3107770285
46.0000000000 8354.3057847086 336.9673130000 7952.5867302904 356.9861771255
47.0000000000 5220.4826532681 263.2489340000 5027.1487939306 273.9142265999
48.0000000000 5657.4018625711 280.8303680000 5476.5254177919 287.8468218969
49.0000000000 15176.4077030096 436.8779980000 15056.7295393308 475.2008115820
50.0000000000 11461.7335944980 379.4028960000 11229.0170643340 411.0551519449
51.0000000000 16580.9394092278 450.4003210000 16817.8002554671 500.0873893757
52.0000000000 13334.2717409296 406.2310230000 14202.8804671206 475.6804313377
53.0000000000 5004.1112011982 257.1958200000 4934.8864144110 287.0675392807
54.0000000000 26780.3729928516 552.3375620000 26759.7954375430 612.2657484195
55.0000000000 3907.7512887718 285.0614440000 3554.5078789595 286.0744349887
56.0000000000 14560.9467185265 407.5086700000 14512.4608689376 446.1410038903
57.0000000000 3903.2006816680 222.0641250000 4041.4046172463 257.2523243385
58.0000000000 -25774.2662564668 325.1446450000 -33093.6837772482 1980.5385591571
59.0000000000 2166.1177411711 189.6996620000 2229.4301455932 199.6049681784
60.0000000000 15809.5657238522 442.1747770000 15538.1955706331 489.1938235872
61.0000000000 6849.0378310773 283.7693880000 6454.5499410318 306.1476274485
62.0000000000 -15569.3148377310 259.4088370000 -15251.0967224091 1972.3419571657
63.0000000000 11338.6763467881 375.7825250000 11434.9018189903 416.4096299537
64.0000000000 14784.2241704810 188.1723710000 19281.2477888294 1887.7309740371
65.0000000000 43034.4711170221 376.2258290000 44053.0422420355 2157.2240206036
66.0000000000 2482.4807267766 320.7944660000 2080.2003396907 360.2040638446
67.0000000000 2104.3321171894 348.4334790000 1850.7510042799 451.2484803880
