0.0000000000 1.0000000000 328.5359742767 146.4597201234 472.1599203977
1.0000000000 1.0000000000 421.1027873418 -418.3225656542 0.0000000000
2.0000000000 1.0000000000 421.1027873418 -418.3225656542 0.0000000000
3.0000000000 1.0000000000 -289.0237411773 225.8279281385 466.6779942863
4.0000000000 1.0000000000 -294.0199952548 58.2647270505 512.3268394440
5.0000000000 1.0000000000 -298.7736033688 16.6904120206 512.6178796327
6.0000000000 1.0000000000 -290.9323710751 167.7704390433 489.4208431263
7.0000000000 1.0000000000 449.9504403504 90.7033680706 376.3493412931
8.0000000000 1.0000000000 447.3352439432 55.1512329930 386.2264199510
9.0000000000 1.0000000000 432.5294897335 -77.2020129524 399.0982537541
10.0000000000 1.0000000000 413.9740848104 -131.1998929399 404.6398048147
11.0000000000 1.0000000000 423.8884711601 191.9082090725 368.5256161392
12.0000000000 1.0000000000 390.4249683277 -205.4051881724 397.1125523333
13.0000000000 1.0000000000 420.8248949934 169.6501699973 382.6833599940
14.0000000000 1.0000000000 417.5344804363 49.0098520512 419.0278254379
15.0000000000 1.0000000000 396.7897814270 174.7829411881 405.3765154363
16.0000000000 1.0000000000 390.6018810789 235.0779030475 380.1182400767
17.0000000000 1.0000000000 393.3882709887 128.3768159963 425.5424629878
18.0000000000 1.0000000000 384.6316629765 208.0993349873 401.3408489755
19.0000000000 1.0000000000 342.0413310870 -280.5283660714 395.7687331007
20.0000000000 1.0000000000 369.2613071519 -161.7301170666 435.6727931793
21.0000000000 1.0000000000 340.6054381218 155.1095380555 460.7062981647
22.0000000000 1.0000000000 258.6213371100 -365.2032501553 389.9524541659
23.0000000000 1.0000000000 311.0187041579 316.7859151608 393.9992082000
24.0000000000 1.0000000000 312.7231297522 257.7148337958 433.7149236563
25.0000000000 1.0000000000 263.5559322018 234.4405301795 477.3858343656
26.0000000000 1.0000000000 218.7132682747 370.6625554655 408.7726785133
27.0000000000 1.0000000000 226.7999740107 317.7358960149 447.1319700210
28.0000000000 1.0000000000 211.6059189433 228.8323259387 505.1534698646
29.0000000000 1.0000000000 168.0753449438 262.1394919123 505.3265198310
30.0000000000 1.0000000000 142.2757089934 394.3623739818 420.1871809806
31.0000000000 1.0000000000 133.5858309916 346.1912749782 463.2793469709
32.0000000000 1.0000000000 115.5858880798 245.8391851697 527.7540373644
33.0000000000 1.0000000000 99.9696019914 130.3301179888 570.3871189510
34.0000000000 1.0000000000 88.7041530633 344.2886962456 475.3085243391
35.0000000000 1.0000000000 67.7584780251 267.1477720988 525.7016101944
36.0000000000 1.0000000000 57.6785400788 293.1019984004 512.9188347006
37.0000000000 1.0000000000 24.6596160108 380.9991651675 454.4808751998
38.0000000000 1.0000000000 20.3821429996 405.7468169912 432.7532959907
39.0000000000 1.0000000000 3.6829750012 211.8530140671 554.4601541756
40.0000000000 1.0000000000 -21.9986070029 304.8921800401 508.8006940669
41.0000000000 1.0000000000 -32.2595460204 324.2358322052 496.1368493141
42.0000000000 1.0000000000 -56.3610080371 257.6634581698 531.7464673504
43.0000000000 1.0000000000 -89.7979760428 389.4773501856 438.8223372091
44.0000000000 1.0000000000 -93.7118049710 350.6125848914 469.6916428545
45.0000000000 1.0000000000 -173.3569731504 316.1918292743 471.4779034090
46.0000000000 1.0000000000 -184.6806279525 240.3337309381 510.3470288686
47.0000000000 1.0000000000 -193.2911220690 326.9461291168 456.1426281629
48.0000000000 1.0000000000 -201.6351529796 267.6391149729 489.9325419504
49.0000000000 1.0000000000 -277.0657990856 -290.6078640898 437.1532211351
50.0000000000 1.0000000000 -238.6439458135 275.6805617845 468.3701756339
51.0000000000 1.0000000000 -317.5745999422 -239.5209079564 440.5649039198
52.0000000000 1.0000000000 -268.1965403384 196.1170482474 491.8638486205
53.0000000000 1.0000000000 -283.3817092942 -96.5796091003 512.5314745321
54.0000000000 1.0000000000 -283.6347328809 41.2869239827 519.7769277817
55.0000000000 1.0000000000 363.9036661217 -182.9572590612 431.7662441444
56.0000000000 1.0000000000 361.1166660720 -9.1712400018 470.9904120939
57.0000000000 1.0000000000 341.2526109895 -130.6926249960 467.7471749856
58.0000000000 1.0000000000 340.2621521114 215.4266300705 436.0439901427
59.0000000000 1.0000000000 306.2122210205 -227.5377850153 454.7328430305
60.0000000000 1.0000000000 291.6334571228 -278.2799851171 435.6965721834
61.0000000000 1.0000000000 322.1700178836 49.7265199820 496.0393928207
62.0000000000 1.0000000000 239.8545789379 -358.2597239072 407.9719078944
63.0000000000 1.0000000000 273.4045382377 -153.5178691335 503.9876474382
64.0000000000 1.0000000000 277.6765071145 -77.0291100318 518.9254282139
65.0000000000 1.0000000000 293.6015012774 171.5418441621 486.5109254597
66.0000000000 1.0000000000 270.7498728176 265.1025938214 456.8768406923
67.0000000000 1.0000000000 154.6962689577 -423.6257768840 385.9165608944
68.0000000000 1.0000000000 160.9558501235 -398.5061613057 409.3988033141
69.0000000000 1.0000000000 239.0616380867 144.0451560522 523.8528921899
70.0000000000 1.0000000000 117.7057510459 -389.9070001520 431.7860741684
71.0000000000 1.0000000000 167.5655869948 318.8620289901 471.7733639853
72.0000000000 1.0000000000 58.5761329740 -436.6829368060 397.7413428233
73.0000000000 1.0000000000 -47.9859420185 -437.0070191689 398.8026341541
74.0000000000 1.0000000000 -31.9343119825 -397.8704017820 439.3184147593
75.0000000000 1.0000000000 -168.4549250889 -398.6030542104 406.2756082144
76.0000000000 1.0000000000 -171.4600610990 139.4123340805 550.8965193180
77.0000000000 1.0000000000 -202.6857700026 207.6755850026 517.7940290066
78.0000000000 1.0000000000 -255.4503331875 -193.1986441418 499.7406703668
79.0000000000 1.0000000000 -236.0081650774 -101.5323000333 535.0819231756
80.0000000000 1.0000000000 -234.0002309525 40.1524509919 544.0156238897
81.0000000000 1.0000000000 -337.4969537920 -159.9859219014 461.3259557157
82.0000000000 1.0000000000 -308.8866310241 -50.6808550040 504.3231370393
83.0000000000 1.0000000000 401.9206032983 -0.5468040004 436.7846793241
84.0000000000 1.0000000000 334.2160830020 -65.6633460004 486.1165100029
85.0000000000 1.0000000000 260.5687532150 -301.5349892488 439.8885103629
86.0000000000 1.0000000000 256.9248858777 -182.6557169131 502.9391797606
87.0000000000 1.0000000000 272.6897361864 35.9885600246 525.9909293595
88.0000000000 1.0000000000 232.1838561692 -191.8096021398 511.4890613727
89.0000000000 1.0000000000 245.9412501829 -36.6962440273 538.9690284008
90.0000000000 1.0000000000 201.5539591931 -301.7091982891 469.7540714501
91.0000000000 1.0000000000 190.2356190344 -265.6832550481 495.5241100897
92.0000000000 1.0000000000 221.8047139783 110.1311399892 539.4396419473
93.0000000000 1.0000000000 121.4973790359 -352.0878181039 462.1621811364
94.0000000000 1.0000000000 150.4687480704 -159.2271260745 551.6585942580
95.0000000000 1.0000000000 163.7362630429 -28.8403880076 569.8069801493
96.0000000000 1.0000000000 158.2337880442 -32.3668210090 571.1705381596
97.0000000000 1.0000000000 134.0118619966 -125.7078879968 564.4109089858
98.0000000000 1.0000000000 158.3652039758 86.4528809868 565.4800509137
99.0000000000 1.0000000000 60.7910810527 -409.6905793550 425.1816083684
100.0000000000 1.0000000000 80.2796030493 -344.4479192114 476.6887272925
101.0000000000 1.0000000000 87.0012900563 -276.0431341786 518.2203103353
102.0000000000 1.0000000000 65.8783050349 -269.2516351426 524.8665852779
103.0000000000 1.0000000000 70.9919829934 -202.2547489811 553.5110489483
104.0000000000 1.0000000000 52.2055160309 -228.8079081356 545.1998273231
105.0000000000 1.0000000000 76.4460210694 -143.3319771301 570.9056635182
106.0000000000 1.0000000000 106.1382721146 114.6923031238 572.6269896182
107.0000000000 1.0000000000 11.3829780017 -358.0347390543 473.2894250717
108.0000000000 1.0000000000 -6.5748740017 -389.2764361014 448.0423571167
109.0000000000 1.0000000000 67.8954540840 -9.7927650121 589.5893787296
110.0000000000 1.0000000000 22.6730900014 -98.5462950061 584.8896350363
111.0000000000 1.0000000000 46.1920049762 26.4397479864 591.1755786949
112.0000000000 1.0000000000 -17.9049870103 -293.5636471692 515.5784352971
113.0000000000 1.0000000000 -39.0638120351 -216.1583671941 551.4262464952
114.0000000000 1.0000000000 -30.5373080085 -112.1285010312 582.0790311621
115.0000000000 1.0000000000 -65.9188830228 -275.8038340955 521.4482451805
116.0000000000 1.0000000000 -65.2289459953 -174.1779429874 563.6741569591
117.0000000000 1.0000000000 -21.9528840117 217.0858971153 552.0082522932
118.0000000000 1.0000000000 -72.7224189947 -250.4206979818 533.2187639613
119.0000000000 1.0000000000 -119.9971601106 -368.4621073396 449.6194874144
120.0000000000 1.0000000000 -60.2528380038 -87.9723380056 583.9107720370
121.0000000000 1.0000000000 -47.8631980405 27.5949890233 590.9898114999
122.0000000000 1.0000000000 -127.0627420280 -309.4648680683 490.3140641082
123.0000000000 1.0000000000 -75.9566700854 -21.9787620247 588.2761636612
124.0000000000 1.0000000000 -111.5248830225 -172.4316360348 556.9118941123
125.0000000000 1.0000000000 -136.5655979766 -210.3949789639 537.9638619077
126.0000000000 1.0000000000 -120.1217860431 -110.6433500397 570.6576312049
127.0000000000 1.0000000000 -100.8745319653 130.9536079550 570.0849128041
128.0000000000 1.0000000000 -170.0125250022 -210.6736510028 528.2363870069
129.0000000000 1.0000000000 -157.7896621350 -65.1584120557 568.4875814864
130.0000000000 1.0000000000 -218.9070488742 -270.4361138445 480.9005497236
131.0000000000 1.0000000000 -219.1816929663 -252.0394529613 490.6697729247
132.0000000000 1.0000000000 -220.0719912040 -170.3800081579 524.2712064859
133.0000000000 1.0000000000 -200.6575962102 -60.1551160630 555.3730435817
