0.0000000000 842.6135064324 234.6639030000 663.6080851123 202.4620305813
1.0000000000 5019.6961396891 297.2270240000 4873.3174962033 319.6339953937
2.0000000000 6716.5024862507 315.4886260000 6515.5695639413 328.2265801371
3.0000000000 14528.0300141577 397.5465540000 14828.7601412481 454.8183568618
4.0000000000 2381.9082900340 200.3585420000 2459.7311222846 214.5749565408
5.0000000000 2126.6428281995 155.3771710000 1814.7046303822 175.0816029293
6.0000000000 7184.9948997939 305.1261410000 7643.0237624489 344.2129580280
7.0000000000 14450.9491903892 390.1086900000 15140.7523258942 462.3177029008
8.0000000000 5207.9659433605 256.4118090000 5201.6495033203 284.1091414977
9.0000000000 6068.4644507574 284.6308000000 6123.2501372117 327.5030791722
10.0000000000 5907.8521329850 274.5877020000 6463.0451169433 334.0104064875
11.0000000000 8102.9398290972 294.1473610000 8298.3340178653 350.6083037042
12.0000000000 11422.8305525593 367.0015520000 11937.3552566743 407.6268777991
13.0000000000 5320.1795415061 223.1692230000 5368.2435643348 293.9572185118
14.0000000000 7961.8688316187 312.7521767150 8286.9341542947 348.1722390196
15.0000000000 11477.8320768895 336.1474770000 11581.2933669987 403.7817758638
16.0000000000 2881.4545969600 240.2420980000 2976.8419966394 269.6623825062
17.0000000000 10895.7982518790 395.0876750000 10514.7251560794 390.1134857061
18.0000000000 7816.0115394748 302.7175060000 7845.9259257730 356.2781327390
19.0000000000 11178.6705238889 354.0647120000 11494.4707781958 413.4394082129
20.0000000000 19701.3543684146 449.4589730000 20001.6068656824 529.9899417922
21.0000000000 5312.7318751256 251.3252060000 5445.0890756470 300.2904181301
22.0000000000 12705.1388976442 313.4185071136 9523.7817816670 377.1008417278
23.0000000000 8548.9233129541 303.9134660000 8399.9493922777 344.7315321258
24.0000000000 15892.4816781819 392.8691610000 16002.6021665622 487.1685950969
25.0000000000 8518.4427938446 277.8668775139 7466.9689149365 344.0626599532
26.0000000000 4851.6984597175 267.7881020000 5089.6091697801 291.7412115301
27.0000000000 6807.7949414751 328.8084040000 5816.1426651382 293.7952043251
28.0000000000 19262.9266443122 456.0673900000 19309.2660710748 525.3924434248
29.0000000000 8499.2071842747 312.4407168687 7659.1995603233 342.1587969944
30.0000000000 13564.1244272406 311.3818143020 11669.3091776976 418.6476180180
31.0000000000 3576.6569400580 233.4911171876 3812.8574702885 257.6431035638
32.0000000000 12083.4634324604 414.0679947713 11828.1308671203 420.1929715843
33.0000000000 10097.7584837615 328.3390540000 10021.3210161889 372.1147609997
34.0000000000 7225.5624946651 338.0550140000 7227.2049248877 354.3758366164
35.0000000000 5549.5262160791 275.6302800000 5430.9592427322 298.9139473365
36.0000000000 8129.3473372624 349.9596260000 8138.7901271233 355.3965959355
37.0000000000 8992.8843571223 332.8697117531 9366.8632247368 380.4337246540
38.0000000000 13962.6764507630 399.5471790000 13956.5989569493 439.0989884898
39.0000000000 8827.7328212035 335.4136850000 9040.8448494828 404.8333497080
40.0000000000 26188.8957815908 568.2146840000 25549.7430395455 606.8037376996
41.0000000000 7614.7521043492 282.3745800000 7431.9280032634 335.8541559313
42.0000000000 14303.3506513396 369.7756230000 13716.9467386719 437.1479041805
43.0000000000 7908.8594886431 313.4552420000 6976.2994426079 322.2896775610
44.0000000000 14737.4462622434 413.1970710000 14695.8449078515 454.2436434235
45.0000000000 6483.8508378488 305.0906300000 6790.3026459710 355.2129585090
46.0000000000 8419.5995779684 336.9673130000 8746.1826905382 368.8382494275
47.0000000000 5240.5106724153 263.2489340000 5334.3870684875 281.8196585878
48.0000000000 5662.8342861402 280.8303680000 5682.1571088239 294.4170711654
49.0000000000 15784.6952329390 436.8779980000 17320.2100355048 515.9825556785
50.0000000000 11577.4539458592 379.4028960000 11831.1979414611 421.4818695592
51.0000000000 16663.6150430562 450.4003210000 16288.4644623506 499.2668947487
52.0000000000 13873.6032082032 406.2310230000 14399.6388971355 474.2161660754
53.0000000000 4910.8451261872 257.1958200000 4578.6088579319 275.7892948760
54.0000000000 27168.8246900055 552.3375620000 27672.6489235657 620.8621736175
55.0000000000 3852.8764836790 285.0614440000 3896.4575078189 299.8472876610
56.0000000000 14676.0561707541 407.5086700000 14698.9363946575 447.5446409227
57.0000000000 3947.8128073763 222.0641250000 3863.8583054022 254.2484071333
58.0000000000 -29303.3459565197 325.1446450000 -33430.4651517624 1993.4442451298
59.0000000000 2141.5506188713 189.6996620000 1950.1752586539 192.7670500935
60.0000000000 15814.9765405870 442.1747770000 15665.4510158698 491.8168035822
61.0000000000 6726.6663377394 283.7693880000 6544.0808830883 311.0543905008
62.0000000000 -15461.8317576274 259.4088370000 -15562.0653915385 1974.5779743851
63.0000000000 11361.4145869083 375.7825250000 11043.9585196298 409.1556277990
64.0000000000 16708.9802230597 188.1723710000 18340.6916687936 1885.5943049823
65.0000000000 44204.3003148422 376.2258290000 46495.5814313285 2157.1603244356
66.0000000000 2327.2561155787 320.7944660000 2080.1085103749 369.1562244958
67.0000000000 2108.9970262227 348.4334790000 2117.3235611252 454.6542286634
