0.0000000000 1.0000000000 325.3296390913 144.2979940405 475.0368841334
1.0000000000 1.0000000000 420.0943506953 -419.3352631922 0.0000000000
2.0000000000 1.0000000000 420.0943506953 -419.3352631922 0.0000000000
3.0000000000 1.0000000000 -295.5216310527 226.3599410404 462.3304760825
4.0000000000 1.0000000000 -293.2666932746 57.6283990540 512.8303234802
5.0000000000 1.0000000000 -298.1520768884 14.8792559944 513.0353528079
6.0000000000 1.0000000000 -290.7755352323 167.2251981336 489.7005693912
7.0000000000 1.0000000000 448.7902118394 95.3700639659 376.5809648652
8.0000000000 1.0000000000 446.3584037865 55.1150859736 387.3600768147
9.0000000000 1.0000000000 434.9242359366 -74.9433159891 396.9203129421
10.0000000000 1.0000000000 413.3610692540 -132.1279910812 404.9643772489
11.0000000000 1.0000000000 422.0824998758 190.2656989440 371.4386268907
12.0000000000 1.0000000000 391.5078704288 -205.8957012255 395.7901894334
13.0000000000 1.0000000000 420.5593263368 167.8365021344 383.7734853074
14.0000000000 1.0000000000 419.1031514759 50.4439740573 417.2880064738
15.0000000000 1.0000000000 396.9852855594 176.0661912481 404.6290965702
16.0000000000 1.0000000000 391.8845421093 232.6284620649 380.3049181061
17.0000000000 1.0000000000 393.0372461028 127.3794000333 426.1660921115
18.0000000000 1.0000000000 388.9152535310 202.9540802771 399.8448365459
19.0000000000 1.0000000000 344.4009690267 -282.7935010220 392.0932730305
20.0000000000 1.0000000000 369.5132250932 -162.5296270410 435.1613761097
21.0000000000 1.0000000000 340.1284159052 154.4505789569 461.2797478714
22.0000000000 1.0000000000 259.0959549415 -368.0459289169 386.9532359126
23.0000000000 1.0000000000 310.6239940114 313.7117860115 396.7606030145
24.0000000000 1.0000000000 310.4490439324 261.1092749431 433.3182019056
25.0000000000 1.0000000000 259.0822822346 235.7331202134 479.1947344339
26.0000000000 1.0000000000 217.5447190699 365.9193791175 413.6407011328
27.0000000000 1.0000000000 223.3753339544 317.2176269352 449.2190599083
28.0000000000 1.0000000000 210.0331819335 226.6361189283 506.7972558396
29.0000000000 1.0000000000 163.4338440870 262.6705301398 506.5717102697
30.0000000000 1.0000000000 147.7561391709 387.7927164486 424.3892774909
31.0000000000 1.0000000000 138.5723770046 349.4578850117 459.3454140154
32.0000000000 1.0000000000 117.4238980399 245.1579590833 527.6651681794
33.0000000000 1.0000000000 103.7160980192 121.6095990225 571.6427231058
34.0000000000 1.0000000000 88.5940609905 339.5771949635 478.7063269485
35.0000000000 1.0000000000 71.3976910313 260.8457281142 528.3778972313
36.0000000000 1.0000000000 55.5682450605 294.4047833207 512.4054255581
37.0000000000 1.0000000000 26.1047350090 380.3052261312 454.9811031570
38.0000000000 1.0000000000 18.0100640143 407.8382123243 430.8885663427
39.0000000000 1.0000000000 3.0535440017 212.3721481198 554.2653453127
40.0000000000 1.0000000000 -4.1336839992 298.2073009445 513.2023429044
41.0000000000 1.0000000000 -31.9728180180 322.7650321818 497.1134672801
42.0000000000 1.0000000000 -42.9492079805 248.1335408875 537.5001747563
43.0000000000 1.0000000000 -89.3704680216 393.4050950953 435.3925551054
44.0000000000 1.0000000000 -93.5343640089 345.7188940328 473.3403590449
45.0000000000 1.0000000000 -178.7869701915 315.8109033382 469.7020535031
46.0000000000 1.0000000000 -186.3736221294 238.6969841658 510.4997053545
47.0000000000 1.0000000000 -193.9415800380 323.8045670634 458.1032550897
48.0000000000 1.0000000000 -207.2298759598 267.6100259481 487.6084279054
49.0000000000 1.0000000000 -276.1650861318 -298.6175891425 432.2981692063
50.0000000000 1.0000000000 -243.5611731818 273.6203532042 467.0451623486
51.0000000000 1.0000000000 -321.5052059962 -238.8242539972 438.0852709948
52.0000000000 1.0000000000 -269.4186489606 197.7316549711 490.5477659283
53.0000000000 1.0000000000 -283.5406808958 -96.2805719646 512.4998148116
54.0000000000 1.0000000000 -281.3189892859 38.9640930396 521.2127705298
55.0000000000 1.0000000000 361.5255127226 -184.0524438588 433.2958896676
56.0000000000 1.0000000000 359.0475090881 -8.3212830020 472.5854091160
57.0000000000 1.0000000000 341.6862770059 -128.2962380022 468.0938900081
58.0000000000 1.0000000000 340.5493621715 220.6045931111 433.2217352182
59.0000000000 1.0000000000 305.7711272578 -229.8739581938 453.8538393826
60.0000000000 1.0000000000 287.8685962768 -276.8734042663 439.0832674222
61.0000000000 1.0000000000 314.3972890141 52.9403700024 500.6725360225
62.0000000000 1.0000000000 238.7178140469 -359.7823130706 407.2981940800
63.0000000000 1.0000000000 273.9291410537 -149.3640290293 504.9500360989
64.0000000000 1.0000000000 273.9815430646 -74.2619270175 521.2874511229
65.0000000000 1.0000000000 291.6498140849 166.6831260485 489.3653521424
66.0000000000 1.0000000000 267.5663183071 261.0018612995 461.0939385292
67.0000000000 1.0000000000 156.2253431675 -423.8098564544 385.0976164129
68.0000000000 1.0000000000 160.9881899739 -398.0764519355 409.8039379336
69.0000000000 1.0000000000 236.8521622923 138.3582551707 526.3832946496
70.0000000000 1.0000000000 117.3976050060 -384.7709540197 436.4521070223
71.0000000000 1.0000000000 167.8286650086 316.6321890162 473.1795880242
72.0000000000 1.0000000000 55.6173409749 -437.4475478028 397.3256608209
73.0000000000 1.0000000000 -46.0311510159 -438.7290351515 397.1388841372
74.0000000000 1.0000000000 -33.2009050164 -398.2073291970 438.9190692171
75.0000000000 1.0000000000 -171.4597190995 -399.4248092318 404.2062752346
76.0000000000 1.0000000000 -170.1060231540 138.5809751255 551.5256844994
77.0000000000 1.0000000000 -204.3422121002 206.9079051015 517.4501962538
78.0000000000 1.0000000000 -256.6872292455 -193.3634241849 499.0426624772
79.0000000000 1.0000000000 -236.1454239235 -100.1495029676 535.2819278267
80.0000000000 1.0000000000 -236.7429671976 39.1494730327 542.9009234532
81.0000000000 1.0000000000 -340.8205998634 -162.6091689348 457.9529488164
82.0000000000 1.0000000000 -310.0684331653 -51.6537230275 503.4985462684
83.0000000000 1.0000000000 401.7763683581 0.6946860006 436.9171473894
84.0000000000 1.0000000000 335.3138563115 -65.4144720608 485.3935424509
85.0000000000 1.0000000000 257.2745940256 -301.5485020301 441.8140000440
86.0000000000 1.0000000000 259.6568390657 -180.7339250457 502.2299281271
87.0000000000 1.0000000000 261.9474441437 35.6890820196 531.4425202915
88.0000000000 1.0000000000 233.7199212543 -190.8538642076 511.1468745561
89.0000000000 1.0000000000 240.4158651050 -27.9009720122 541.9806952366
90.0000000000 1.0000000000 195.3787191744 -297.9704582659 474.7231704237
91.0000000000 1.0000000000 186.6350371878 -266.2358982678 496.5955454996
92.0000000000 1.0000000000 225.5213741641 100.4308700731 539.7916973927
93.0000000000 1.0000000000 124.2237280388 -349.3498121092 463.5132151449
94.0000000000 1.0000000000 147.4583960152 -155.5380360160 553.5207920570
95.0000000000 1.0000000000 171.1152239875 -15.0792869989 568.1668079586
96.0000000000 1.0000000000 162.0429870485 -27.2774320082 570.3677221705
97.0000000000 1.0000000000 136.0632370089 -120.4206170079 565.0725590370
98.0000000000 1.0000000000 168.8076221154 78.7889030539 563.5757463854
99.0000000000 1.0000000000 58.9520270554 -414.0828933888 421.1666443955
100.0000000000 1.0000000000 81.7396849740 -343.8532208905 476.8699118482
101.0000000000 1.0000000000 93.4923480878 -280.0094582629 514.9516584835
102.0000000000 1.0000000000 69.2970820002 -270.8616530008 523.5964150016
103.0000000000 1.0000000000 75.1748450413 -200.6242491101 553.5521473038
104.0000000000 1.0000000000 54.3348570253 -224.6692111047 546.7108882547
105.0000000000 1.0000000000 73.3302860475 -134.6815310873 573.4151033717
106.0000000000 1.0000000000 109.9291350666 111.7121910677 572.5009153468
107.0000000000 1.0000000000 12.1655299995 -361.2959949850 470.7850149805
108.0000000000 1.0000000000 -4.3760780016 -389.7552661401 447.6527771610
109.0000000000 1.0000000000 68.9292519954 -5.7801779996 589.5224119609
110.0000000000 1.0000000000 26.9178380285 -95.4031941011 585.2307126200
111.0000000000 1.0000000000 49.5698340298 27.8880480168 590.8353533554
112.0000000000 1.0000000000 -23.1142880216 -297.7321642786 512.9742824799
113.0000000000 1.0000000000 -38.4778290131 -215.4675360731 551.7377311872
114.0000000000 1.0000000000 -28.1339430156 -110.8005660616 582.4543263239
115.0000000000 1.0000000000 -67.7824510183 -280.8622740760 518.5009631403
116.0000000000 1.0000000000 -63.8799049998 -174.7342169993 563.6564889979
117.0000000000 1.0000000000 -20.5616479914 215.1706939103 552.8111047696
118.0000000000 1.0000000000 -76.0903569676 -254.4895618918 530.8169617742
119.0000000000 1.0000000000 -116.6142300337 -371.1903271073 448.2635261296
120.0000000000 1.0000000000 -58.2356969950 -88.8537429923 583.9819709497
121.0000000000 1.0000000000 -44.7576430121 27.4581040074 591.2394881593
122.0000000000 1.0000000000 -127.0596039604 -312.8159829026 488.1837198480
123.0000000000 1.0000000000 -75.8905559852 -24.9519199951 588.1660918851
124.0000000000 1.0000000000 -114.6593950187 -172.9433320281 556.1161330905
125.0000000000 1.0000000000 -137.4169191036 -208.8632481575 538.3438124059
126.0000000000 1.0000000000 -118.6469159687 -109.9538359710 571.0992818494
127.0000000000 1.0000000000 -99.0955740208 131.9134970276 570.1756071194
128.0000000000 1.0000000000 -167.8472329731 -211.0914649662 528.7617859152
129.0000000000 1.0000000000 -152.4475840161 -66.5076680070 569.7874960601
130.0000000000 1.0000000000 -223.7731719980 -272.8772709976 477.2681519957
131.0000000000 1.0000000000 -221.7264132352 -249.5081102647 490.8201575206
132.0000000000 1.0000000000 -221.9599840409 -174.5920480321 522.0849630961
133.0000000000 1.0000000000 -200.1548961701 -60.9798730518 555.4644894719
