0.0000000000 807.8425074737 234.6639030000 832.5638696314 210.7175184916
1.0000000000 5080.8791959177 297.2270240000 5266.5745386387 326.7532261432
2.0000000000 6703.6101944222 315.4886260000 6664.3965299395 330.3353892360
3.0000000000 14644.7412729425 397.5465540000 14393.3720736020 447.0748972669
4.0000000000 2523.3920075723 200.3585420000 2814.6480689415 225.1898516569
5.0000000000 2067.9031759284 155.3771710000 2129.9846339991 189.9648611009
6.0000000000 7509.9518527074 305.1261410000 7887.4755504450 347.5757331670
7.0000000000 14777.6102935693 390.1086900000 14823.8169862388 458.8880981843
8.0000000000 5288.3872743907 256.4118090000 5403.7096389038 288.4937037788
9.0000000000 6107.2837682591 284.6308000000 6030.9948506896 319.6831564225
10.0000000000 6278.4449413226 274.5877020000 6755.9828146555 338.2463073069
11.0000000000 8205.8148203991 294.1473610000 8153.6560414752 346.6344078238
12.0000000000 11601.3919122647 367.0015520000 11384.4503837972 397.8941916126
13.0000000000 5407.8555750596 223.1692230000 5531.4026537037 298.6021702884
14.0000000000 8088.5255764488 308.9976621675 7968.6800972472 342.7686676863
15.0000000000 11781.5193265586 336.1474770000 12353.1022577407 415.9147068403
16.0000000000 3032.5635069221 240.2420980000 3323.3449533153 277.0885110694
17.0000000000 10923.7594333297 395.0876750000 11026.4667709955 399.5301881566
18.0000000000 7905.4091173860 302.7175060000 7975.5625549060 361.8785966489
19.0000000000 11373.7697239540 354.0647120000 11427.2195180299 410.9823846772
20.0000000000 19993.3512500892 449.4589730000 20144.7356625861 533.3059694012
21.0000000000 5380.5692402527 251.3252060000 5342.5437793908 298.6516069612
22.0000000000 11019.4835124694 293.5143222764 8483.1918475588 354.6779909960
23.0000000000 8679.0482890152 303.9134660000 8992.7845986018 357.2742532522
24.0000000000 15774.1953508470 392.8691610000 15008.0074010550 467.4908470835
25.0000000000 7748.4068704019 253.5916326747 6190.7721150194 311.7449893157
26.0000000000 5084.3173210872 267.7881020000 5436.8286545942 298.7689278038
27.0000000000 6289.9441994401 328.8084040000 5421.2879429094 284.5662079885
28.0000000000 19309.8194076712 456.0673900000 18954.2717462940 520.4974365134
29.0000000000 8249.7475827241 293.1652142446 8014.1455104074 352.6846290661
30.0000000000 12827.3523563777 330.4845990512 11890.8494575293 419.4466097279
31.0000000000 3475.8521911260 229.4536751556 2887.0041855465 226.6326276468
32.0000000000 12144.5516659188 415.8826643998 12221.2736300155 426.6336846245
33.0000000000 10199.4546600519 328.3390540000 10332.5708347793 376.2799165339
34.0000000000 7237.5500664284 338.0550140000 7071.4973632880 358.0736884569
35.0000000000 5673.7145087240 275.6302800000 6028.8275866304 310.0101331010
36.0000000000 8240.8856879805 349.9596260000 8335.8477543827 364.2057020274
37.0000000000 9462.1648454689 387.7201609276 10227.5182872173 400.7254113923
38.0000000000 14151.1452920810 399.5471790000 14370.6234495901 446.1760304094
39.0000000000 8986.4306134125 335.4136850000 9077.1141476357 403.6933739637
40.0000000000 26066.5324565737 568.2146840000 25597.9351485382 608.5745325262
41.0000000000 7559.6242454836 282.3745800000 7402.8972941362 339.1891498277
42.0000000000 14069.9159781096 369.7756230000 13612.0901316495 434.8401392894
43.0000000000 7832.5443002030 313.4552420000 8236.7894420705 347.1540592052
44.0000000000 14880.9402208359 413.1970710000 14971.0966377716 458.8630180825
45.0000000000 6898.9044228176 305.0906300000 7692.3758041606 366.0811289069
46.0000000000 8538.8555294952 336.9673130000 8374.9040182390 364.5461378823
47.0000000000 5345.3678280571 263.2489340000 5433.1994849551 284.6537951494
48.0000000000 5700.1338874402 280.8303680000 5634.2818096232 291.7129184990
49.0000000000 16316.3371665839 436.8779980000 16138.5606744410 495.6261039965
50.0000000000 11791.6447232677 379.4028960000 11898.7041884897 417.7731462565
51.0000000000 16770.0186147261 450.4003210000 17020.1629512502 507.2626759421
52.0000000000 14293.3571590770 406.2310230000 14765.9401112709 488.9084784909
53.0000000000 4798.9410437744 257.1958200000 4643.2027295775 278.1182403966
54.0000000000 27572.3413976107 552.3375620000 27656.3163176114 620.8334724952
55.0000000000 3849.1998824422 285.0614440000 3686.9412633270 293.8611270854
56.0000000000 14749.9601925602 407.5086700000 14586.8032425178 445.3260834647
57.0000000000 3886.4833403344 222.0641250000 3690.1752071207 246.7114364925
58.0000000000 -31522.7961156651 325.1446450000 -34621.5393308563 1978.9383188390
59.0000000000 2150.0801442901 189.6996620000 2281.0827138413 202.6287970679
60.0000000000 15897.2904464613 442.1747770000 15867.3018710818 497.3025238924
61.0000000000 6689.6103128522 283.7693880000 6573.5351941669 309.7173235303
62.0000000000 -15466.2562856100 259.4088370000 -15523.9462575331 1964.8074367326
63.0000000000 11300.3069972276 375.7825250000 11101.0383444417 410.4081896332
64.0000000000 18163.9716815143 188.1723710000 20958.8846903738 1882.7390276575
65.0000000000 44955.6707005049 376.2258290000 44872.2059005869 2150.1125938944
66.0000000000 2203.6749457411 320.7944660000 1904.7543300867 372.3745118919
67.0000000000 2130.1139582863 348.4334790000 1956.7299764862 439.3001807423
