0.0000000000 1.0000000000 325.8776618770 144.4998989455 474.5996788209
1.0000000000 1.0000000000 419.1405985462 -420.2885735931 0.0000000000
2.0000000000 1.0000000000 419.1405985462 -420.2885735931 0.0000000000
3.0000000000 1.0000000000 -292.5856173186 224.6354792446 465.0310575063
4.0000000000 1.0000000000 -294.6182032523 52.2627730447 512.6305134389
5.0000000000 1.0000000000 -299.2213831438 13.6107310065 512.4476932464
6.0000000000 1.0000000000 -290.1250888791 162.5525539323 491.6558007952
7.0000000000 1.0000000000 450.1975108724 90.7691399743 376.0378848935
8.0000000000 1.0000000000 447.3426620903 54.0304930109 386.3762090780
9.0000000000 1.0000000000 433.9023268674 -77.0321079765 397.6382168785
10.0000000000 1.0000000000 414.7076100293 -133.2043140094 403.2313670285
11.0000000000 1.0000000000 424.9665488852 189.4165639488 368.5730919004
12.0000000000 1.0000000000 390.9322789469 -207.6288979718 395.4535629463
13.0000000000 1.0000000000 422.1502601512 163.3176420585 383.9763431375
14.0000000000 1.0000000000 418.2023852857 46.3687770317 418.6621882861
15.0000000000 1.0000000000 398.0344437294 173.4079298821 404.7463377248
16.0000000000 1.0000000000 389.4418144343 234.1065992611 381.9037834259
17.0000000000 1.0000000000 393.2131881777 124.4893760563 426.8572481929
18.0000000000 1.0000000000 388.6482183439 202.1812271789 400.4954933543
19.0000000000 1.0000000000 346.3592781011 -283.2571440827 390.0281621139
20.0000000000 1.0000000000 367.2279014738 -159.6699752060 438.1443755652
21.0000000000 1.0000000000 339.5718933026 151.7843621353 462.5729814122
22.0000000000 1.0000000000 262.4234069721 -368.1261109609 384.6276749592
23.0000000000 1.0000000000 314.2449610803 308.9914180790 397.6125431016
24.0000000000 1.0000000000 310.7145121208 256.7156100998 435.7463871694
25.0000000000 1.0000000000 259.5420460529 233.2011300475 480.1838040978
26.0000000000 1.0000000000 218.5170823209 367.0144495390 412.1553166053
27.0000000000 1.0000000000 223.5515292629 319.2504133754 447.6887465264
28.0000000000 1.0000000000 211.5728209796 220.9846959787 508.6492229509
29.0000000000 1.0000000000 166.7790819992 256.3250699987 508.7273559975
30.0000000000 1.0000000000 152.7241790489 384.4798901232 425.6428851364
31.0000000000 1.0000000000 137.4190661868 344.1380204678 463.6877716303
32.0000000000 1.0000000000 119.3319690836 242.6463891701 528.3975183703
33.0000000000 1.0000000000 104.9814010145 121.1365530168 571.5121760792
34.0000000000 1.0000000000 87.1456560916 340.9247783582 478.0138665022
35.0000000000 1.0000000000 71.6099330022 262.3040520079 527.6266940160
36.0000000000 1.0000000000 57.0712450113 293.5014960584 512.7582971020
37.0000000000 1.0000000000 24.8226600163 382.9818182519 452.8024832979
38.0000000000 1.0000000000 17.0442280018 405.8323160432 432.8174580460
39.0000000000 1.0000000000 5.9934340051 211.4643941797 554.5883294712
40.0000000000 1.0000000000 -13.2453830091 307.0150592115 507.8263873499
41.0000000000 1.0000000000 -33.0005590280 321.7730452728 497.6890564220
42.0000000000 1.0000000000 -53.5127120245 254.0238571163 533.7879692444
43.0000000000 1.0000000000 -91.4144529924 390.0315569677 437.9955579638
44.0000000000 1.0000000000 -97.4891219991 348.3996239968 470.5686979956
45.0000000000 1.0000000000 -183.1725501082 316.1284311867 467.7947822762
46.0000000000 1.0000000000 -185.6398829754 238.9924069683 510.6288179323
47.0000000000 1.0000000000 -198.7608640815 326.8011251340 453.8903721861
48.0000000000 1.0000000000 -202.5699090320 265.5262750420 490.6959910776
49.0000000000 1.0000000000 -277.5345403392 -293.1963163583 435.1227705317
50.0000000000 1.0000000000 -244.5895920896 273.9904621003 466.2901291707
51.0000000000 1.0000000000 -320.7571259184 -242.1486189384 436.8068668889
52.0000000000 1.0000000000 -269.8844190353 196.9141240257 490.6205810641
53.0000000000 1.0000000000 -281.7108381005 -99.0786930353 512.9753821829
54.0000000000 1.0000000000 -285.0488127937 36.4999689736 519.3613896242
55.0000000000 1.0000000000 359.3966219720 -185.5370839855 434.4322559661
56.0000000000 1.0000000000 358.2427143634 -8.6628720088 473.1896434800
57.0000000000 1.0000000000 341.4954288557 -129.3338479453 467.9475978022
58.0000000000 1.0000000000 339.3343852058 218.0017521322 435.4867822642
59.0000000000 1.0000000000 302.6816503608 -230.8067472751 455.4485595429
60.0000000000 1.0000000000 286.6178731134 -276.8662911096 439.9051921741
61.0000000000 1.0000000000 315.7722443855 46.8945780572 500.4099466109
62.0000000000 1.0000000000 240.6194919184 -359.1207338782 406.7626888620
63.0000000000 1.0000000000 272.6005100990 -151.5294720551 505.0238681835
64.0000000000 1.0000000000 274.1801540595 -73.3926990159 521.3061301132
65.0000000000 1.0000000000 290.0660322848 168.9174331659 489.5405234807
66.0000000000 1.0000000000 266.7729472657 261.4923572604 461.2756964594
67.0000000000 1.0000000000 159.2758690828 -426.0100342215 381.4026411983
68.0000000000 1.0000000000 163.6129680438 -397.2963671062 409.5213301095
69.0000000000 1.0000000000 235.7975361567 132.5463110881 528.3486763511
70.0000000000 1.0000000000 118.3219750447 -384.5767251454 436.3736691650
71.0000000000 1.0000000000 169.1355530278 321.6359850528 469.3237520770
72.0000000000 1.0000000000 57.2142030076 -437.1985200577 397.3730180525
73.0000000000 1.0000000000 -38.1867020506 -447.2570735928 388.3609305147
74.0000000000 1.0000000000 -34.5003020132 -400.2601881537 436.9471791678
75.0000000000 1.0000000000 -162.6738681183 -409.5493782978 397.6529212892
76.0000000000 1.0000000000 -171.2246151348 139.0058301095 551.0724424339
77.0000000000 1.0000000000 -204.7331829751 205.6131719750 517.8116199370
78.0000000000 1.0000000000 -255.6685552190 -194.4468261665 499.1446164275
79.0000000000 1.0000000000 -236.0149761393 -104.0893020614 534.5873873156
80.0000000000 1.0000000000 -238.0609770031 34.8424630004 542.6180060070
81.0000000000 1.0000000000 -336.0589380276 -163.4026130134 461.1781680378
82.0000000000 1.0000000000 -312.6106011245 -49.8481220199 502.1066652000
83.0000000000 1.0000000000 397.9942901927 -4.1574900020 440.3459852132
84.0000000000 1.0000000000 334.5439201669 -65.1631860325 485.9582812424
85.0000000000 1.0000000000 256.5600619755 -301.7426539712 442.0968579578
86.0000000000 1.0000000000 259.9456830185 -181.8324930129 501.6836780356
87.0000000000 1.0000000000 262.2961770047 35.7384690006 531.2671680095
88.0000000000 1.0000000000 228.6487230751 -190.2960320625 513.6423931686
89.0000000000 1.0000000000 241.5445721337 -27.0148570150 541.5235392998
90.0000000000 1.0000000000 190.0784609618 -302.2302199392 474.1818209046
91.0000000000 1.0000000000 178.2014041366 -268.6436192059 498.3936113819
92.0000000000 1.0000000000 223.4473299669 93.8697099861 541.8312419198
93.0000000000 1.0000000000 126.9439309629 -343.5601398996 467.0899218635
94.0000000000 1.0000000000 147.3054820796 -154.8733520837 553.7478362993
95.0000000000 1.0000000000 174.2196602020 -11.2618370131 567.3112086578
96.0000000000 1.0000000000 162.1326380056 -27.8242780010 570.3158280196
97.0000000000 1.0000000000 136.8987459495 -125.0172189539 563.8712217919
98.0000000000 1.0000000000 172.4852220774 72.7034620326 563.2800202528
99.0000000000 1.0000000000 63.6948880005 -410.0988750031 424.3621100032
100.0000000000 1.0000000000 84.9296280240 -340.5983880963 478.6449861353
101.0000000000 1.0000000000 103.7356400484 -279.6908441306 513.1600872396
102.0000000000 1.0000000000 76.0336940430 -271.5631501537 522.2965242956
103.0000000000 1.0000000000 81.8347550747 -196.6318821795 554.0399825057
104.0000000000 1.0000000000 60.3341240562 -224.9147542094 545.9802865084
105.0000000000 1.0000000000 81.2411159846 -141.8438509732 570.6150448921
106.0000000000 1.0000000000 111.8613830717 110.2916750707 572.4020473670
107.0000000000 1.0000000000 9.1825050026 -359.2562201002 472.4108131317
108.0000000000 1.0000000000 -4.5059309988 -390.8922498951 446.6590108801
109.0000000000 1.0000000000 71.4409569981 -7.4997449998 589.2039289844
110.0000000000 1.0000000000 25.9943640284 -95.2053491039 585.3046736387
111.0000000000 1.0000000000 48.5442499790 30.3547619869 590.7989257448
112.0000000000 1.0000000000 -23.9300790107 -299.5684841343 511.8665852295
113.0000000000 1.0000000000 -35.6931850050 -215.1765680300 552.0383750769
114.0000000000 1.0000000000 -28.5704510123 -111.9294330484 582.2171912517
115.0000000000 1.0000000000 -71.4429250395 -284.2729481572 516.1454502854
116.0000000000 1.0000000000 -63.6160820778 -176.1879232155 563.2336426889
117.0000000000 1.0000000000 -15.7518600108 215.8841321475 552.6909143777
118.0000000000 1.0000000000 -77.4113370501 -254.0661671644 530.8287803436
119.0000000000 1.0000000000 -119.1001719591 -370.3049818728 448.3421638460
120.0000000000 1.0000000000 -58.2085219744 -87.6637019615 584.1645057435
121.0000000000 1.0000000000 -47.1921200356 25.9483440196 591.1183584459
122.0000000000 1.0000000000 -128.8939950646 -314.8606221579 486.3850872438
123.0000000000 1.0000000000 -76.3965889637 -22.7812869892 588.1886607207
124.0000000000 1.0000000000 -112.1945479686 -171.6571989520 557.0166208442
125.0000000000 1.0000000000 -138.0997619753 -209.7450569625 537.8259879038
126.0000000000 1.0000000000 -119.1531899715 -112.0496389732 570.5862968633
127.0000000000 1.0000000000 -98.6061160389 132.0200370521 570.2358022249
128.0000000000 1.0000000000 -172.5181920073 -210.3374400089 527.5575430222
129.0000000000 1.0000000000 -151.3455109448 -69.5273509746 569.7208177922
130.0000000000 1.0000000000 -221.8572652084 -272.7459162562 478.2367044492
131.0000000000 1.0000000000 -220.8490981531 -250.6851071738 490.6159183402
132.0000000000 1.0000000000 -221.4136231570 -174.2894901236 522.4179433705
133.0000000000 1.0000000000 -198.7280162063 -60.9872490633 555.9757705772
