0.0000000000 756.3005085152 234.6639030000 553.8224201203 199.7543284173
1.0000000000 5109.7795504620 297.2270240000 4905.5543158749 321.1976722909
2.0000000000 6783.5672724839 315.4886260000 6873.5908797480 334.6362908336
3.0000000000 14644.1599335375 397.5465540000 14546.4562907217 449.2378031199
4.0000000000 2649.2548019024 200.3585420000 2698.7677233211 226.5246988985
5.0000000000 2110.7829192209 155.3771710000 2131.7228200338 190.7623998380
6.0000000000 7779.3020767000 305.1261410000 8067.3492683222 351.8409174682
7.0000000000 14829.5481138845 390.1086900000 14632.7645733196 458.7873130209
8.0000000000 5372.3078537122 256.4118090000 5391.3931932646 290.0439357611
9.0000000000 6114.9169080506 284.6308000000 6066.0053826566 323.2523767588
10.0000000000 6512.1122759692 274.5877020000 6654.8660371162 335.2927983915
11.0000000000 8195.2430176817 294.1473610000 8027.3049065593 346.2831741130
12.0000000000 11633.1364693019 367.0015520000 11631.6749652281 402.3795079218
13.0000000000 5424.8166308698 223.1692230000 5271.8749716043 292.1604176560
14.0000000000 8109.6621357558 304.3894205246 8074.7885832752 343.5748637895
15.0000000000 11996.5308463927 336.1474770000 11881.4671692113 410.4251698787
16.0000000000 3165.4480195129 240.2420980000 3226.6961980336 275.4393668106
17.0000000000 11079.9953959963 395.0876750000 11127.7906669620 400.2956076718
18.0000000000 7937.1602919737 302.7175060000 7795.6373239240 356.1971882383
19.0000000000 11430.4795225824 354.0647120000 11314.7059654978 408.1755921087
20.0000000000 20028.9032566105 449.4589730000 19552.7024807400 523.3512385676
21.0000000000 5333.6734858900 251.3252060000 5111.6168540105 292.6320502979
22.0000000000 9985.0156656216 300.2285228779 8781.4791253174 362.3033461884
23.0000000000 8845.4071377052 303.9134660000 8859.6487394977 355.2254639391
24.0000000000 15606.3778736356 392.8691610000 15489.5351331503 476.4778645535
25.0000000000 6974.5900012059 244.6657381838 5848.6576223494 301.7464374770
26.0000000000 5258.6569960919 267.7881020000 5333.5841714467 297.8561874040
27.0000000000 5895.4584855265 328.8084040000 5289.4162939730 282.5640230586
28.0000000000 19227.2681930039 456.0673900000 18855.8915422955 519.6804554760
29.0000000000 8251.5210448778 275.1096995041 8218.0563824058 352.4025233712
30.0000000000 12853.0354634933 380.7790833710 13335.0905124960 444.7613471028
31.0000000000 3256.4565393104 224.3856469303 3033.5197051245 231.1815551590
32.0000000000 12214.1165457941 417.6973340284 12023.6305441783 423.2983290792
33.0000000000 10324.2491370522 328.3390540000 10340.2393961341 376.9620572764
34.0000000000 7187.2926379315 338.0550140000 6984.0474795412 353.6654175320
35.0000000000 5863.8027997423 275.6302800000 5988.9385091910 308.2534307364
36.0000000000 8388.6508812050 349.9596260000 8529.3310986203 368.2389192046
37.0000000000 10074.6867179596 409.5403240000 10912.1718418185 413.3204770688
38.0000000000 14259.8864740166 399.5471790000 14051.0361980151 442.3598491369
39.0000000000 9021.4518548124 335.4136850000 8852.3120335594 397.4073890216
40.0000000000 26141.1109782956 568.2146840000 26093.0359062257 608.7789667272
41.0000000000 7599.4815286425 282.3745800000 7693.3802779384 347.9773704587
42.0000000000 13906.5231187334 369.7756230000 13539.7794092934 435.6977258306
43.0000000000 8214.7274735612 313.4552420000 8786.6545531072 358.4815291314
44.0000000000 15045.2489570334 413.1970710000 15075.3790107135 458.3567041127
45.0000000000 7317.7928386865 305.0906300000 7685.6364984210 377.8929715787
46.0000000000 8418.4221237546 336.9673130000 7987.2459169098 356.5419853614
47.0000000000 5391.6759633030 263.2489340000 5310.6756458942 281.2873890636
48.0000000000 5758.8023606096 280.8303680000 5831.5586580199 297.3405457485
49.0000000000 15930.4774778066 436.8779980000 14575.6500992282 471.4808177708
50.0000000000 11831.6908482332 379.4028960000 11553.5656267529 414.1676530978
51.0000000000 16896.8474217037 450.4003210000 16643.9345833669 495.0978496552
52.0000000000 14366.5004697127 406.2310230000 13855.7883827395 470.6735934302
53.0000000000 4837.4176041495 257.1958200000 4963.6165050289 290.8600811818
54.0000000000 27725.1693736884 552.3375620000 27439.1361594661 619.6423895938
55.0000000000 3847.1754675250 285.0614440000 3873.6362137639 300.7772750750
56.0000000000 14619.9410509555 407.5086700000 14027.4097335747 437.1607369582
57.0000000000 3813.5658260200 222.0641250000 3683.7076354728 248.6084887804
58.0000000000 -33234.0952775081 325.1446450000 -35747.1514571578 1972.3760002746
59.0000000000 2169.9233073386 189.6996620000 2050.3235821775 192.1967687896
60.0000000000 15883.2973666868 442.1747770000 15464.7930318528 492.2505773073
61.0000000000 6637.1376929554 283.7693880000 6415.9689704072 305.1425227748
62.0000000000 -15235.5332665986 259.4088370000 -14636.8920795198 1961.8153523637
63.0000000000 11350.5146973422 375.7825250000 11377.5180490997 417.1232555324
64.0000000000 19214.3019111272 188.1723710000 19778.3043329178 1883.8043055840
65.0000000000 45217.3318071298 376.2258290000 45802.0001391659 2161.3021464326
66.0000000000 2047.8561232577 320.7944660000 1706.5696223718 366.0412940511
67.0000000000 2068.2755161836 348.4334790000 1807.0969912461 462.2628887721
