0.0000000000 1.0000000000 327.2076871052 146.0159830470 473.2185421522
1.0000000000 1.0000000000 419.4228629394 -420.0068909985 0.0000000000
2.0000000000 1.0000000000 419.4228629394 -420.0068909985 0.0000000000
3.0000000000 1.0000000000 -290.0126540776 221.0898940592 468.3302741253
4.0000000000 1.0000000000 -293.5646901593 50.4270840274 513.4181612786
5.0000000000 1.0000000000 -298.1546881368 16.3391000075 512.9894172354
6.0000000000 1.0000000000 -288.7832412519 168.1666561467 490.5563594278
7.0000000000 1.0000000000 450.2514992574 95.0367210543 374.9172382143
8.0000000000 1.0000000000 446.7000330766 53.1700750091 387.2381050664
9.0000000000 1.0000000000 432.3032948164 -78.3422049667 399.1211428305
10.0000000000 1.0000000000 415.3420821837 -130.3787080577 403.5017641784
11.0000000000 1.0000000000 423.6160829948 189.4857899977 370.0890109955
12.0000000000 1.0000000000 390.9593329924 -209.1046619960 394.6484089924
13.0000000000 1.0000000000 424.8865626706 163.0311708736 381.0689867046
14.0000000000 1.0000000000 420.7788681609 45.9142330176 416.1230031591
15.0000000000 1.0000000000 396.7320020038 175.3708420017 405.1791120039
16.0000000000 1.0000000000 390.3283279777 233.7640429866 381.2079419782
17.0000000000 1.0000000000 393.2722923135 123.4370820984 427.1083203405
18.0000000000 1.0000000000 387.7595972830 198.4805411449 403.1988292943
19.0000000000 1.0000000000 343.8370192065 -285.3729771714 390.7168982346
20.0000000000 1.0000000000 369.4160369567 -163.8725249808 434.7400529491
21.0000000000 1.0000000000 337.3925189410 151.8708989734 464.1366659188
22.0000000000 1.0000000000 262.6350972023 -369.0907582843 383.5572242954
23.0000000000 1.0000000000 312.9140560389 309.4401920385 398.3125500496
24.0000000000 1.0000000000 310.3526862849 258.3366112371 435.0456663993
25.0000000000 1.0000000000 258.9074270286 232.3112470256 480.9571240531
26.0000000000 1.0000000000 217.8537680649 365.3775891089 413.9568571234
27.0000000000 1.0000000000 221.3414991681 317.8202252414 449.7994793417
28.0000000000 1.0000000000 212.4008040124 224.3384920131 506.8327790295
29.0000000000 1.0000000000 163.6857079904 260.9226369847 507.3930359703
30.0000000000 1.0000000000 148.1150749605 386.2898828969 425.6329138865
31.0000000000 1.0000000000 140.1871469563 343.4631838929 463.3593978555
32.0000000000 1.0000000000 117.2187340640 240.1442671311 530.0111562893
33.0000000000 1.0000000000 108.7147561198 125.4066611382 569.8908646281
34.0000000000 1.0000000000 89.3326739888 342.3914549570 476.5596409401
35.0000000000 1.0000000000 66.5418380010 264.8423540038 527.0218570076
36.0000000000 1.0000000000 56.2020970372 296.1730141960 511.3161413384
37.0000000000 1.0000000000 24.0474839966 379.7099979461 455.5912229354
38.0000000000 1.0000000000 17.2776179975 404.1668399416 434.3638749372
39.0000000000 1.0000000000 6.6401920068 211.9961632174 554.3779045685
40.0000000000 1.0000000000 -21.7236480167 305.9671822354 508.1667963910
41.0000000000 1.0000000000 -41.6427130372 321.6929812874 497.0923824441
42.0000000000 1.0000000000 -55.1991720348 255.6203841611 532.8532603359
43.0000000000 1.0000000000 -88.4107199527 389.5496497915 439.0397947650
44.0000000000 1.0000000000 -95.6487460953 345.7893943446 472.8660894712
45.0000000000 1.0000000000 -181.2815061709 311.6841782939 471.4990084446
46.0000000000 1.0000000000 -185.5962289496 241.2680069345 509.5734638617
47.0000000000 1.0000000000 -197.0450162098 323.3158693442 457.1229994866
48.0000000000 1.0000000000 -202.3821319443 268.3124379262 489.2557968654
49.0000000000 1.0000000000 -281.2407383437 -293.0008823581 432.8688675290
50.0000000000 1.0000000000 -243.8818592500 273.4477562804 466.9788964788
51.0000000000 1.0000000000 -319.7188991397 -244.7598971069 436.1120781905
52.0000000000 1.0000000000 -270.0899090300 197.4540550220 490.2903870545
53.0000000000 1.0000000000 -281.4237201599 -101.1825690575 512.7222482913
54.0000000000 1.0000000000 -284.2671633218 37.8485490428 519.6931725883
55.0000000000 1.0000000000 360.2697452684 -186.6963731391 433.2106893228
56.0000000000 1.0000000000 360.1065969325 -10.4711359980 471.7360709116
57.0000000000 1.0000000000 340.4636661215 -132.8491460474 467.7145741669
58.0000000000 1.0000000000 339.8980903124 220.3997092026 433.8370463987
59.0000000000 1.0000000000 300.8135890786 -231.2174350604 456.4767341193
60.0000000000 1.0000000000 284.3301598806 -278.0411918832 440.6481388149
61.0000000000 1.0000000000 319.6952342289 49.0619850351 497.7039333563
62.0000000000 1.0000000000 239.8272720858 -361.6885841295 404.9513231449
63.0000000000 1.0000000000 271.9829942592 -153.9355881467 504.6289844809
64.0000000000 1.0000000000 277.7134759721 -74.9649909925 519.2078599478
65.0000000000 1.0000000000 289.6712012630 168.2446481528 490.0057754449
66.0000000000 1.0000000000 268.1344400627 262.6712520614 459.8141601075
67.0000000000 1.0000000000 158.7185318924 -425.3895137116 382.3264517408
68.0000000000 1.0000000000 162.1768101152 -397.4128722823 409.9792892912
69.0000000000 1.0000000000 236.7617459538 135.2700099736 527.2259728970
70.0000000000 1.0000000000 121.1622100988 -384.5043493137 435.6574923554
71.0000000000 1.0000000000 168.8987780257 322.9787200491 468.4861530712
72.0000000000 1.0000000000 55.7538310420 -438.8453543304 395.7620392980
73.0000000000 1.0000000000 -39.3526189832 -443.8041938102 392.1868628323
74.0000000000 1.0000000000 -28.3685790029 -395.9147910402 441.3253090448
75.0000000000 1.0000000000 -171.8216550371 -395.9179360856 407.4894270881
76.0000000000 1.0000000000 -172.0901959989 140.8753579991 550.3275609964
77.0000000000 1.0000000000 -206.7687892384 204.6239962360 517.3944475967
78.0000000000 1.0000000000 -254.1864782426 -194.4081201856 499.9160364772
79.0000000000 1.0000000000 -235.7001861461 -106.1662630658 534.3177643312
80.0000000000 1.0000000000 -238.0100612864 35.9694870433 542.5668006530
81.0000000000 1.0000000000 -339.1749250233 -164.6103880113 458.4595040315
82.0000000000 1.0000000000 -309.3001622727 -55.8128870492 503.5272164440
83.0000000000 1.0000000000 399.8543971303 -4.8350800016 438.6506691429
84.0000000000 1.0000000000 331.9257014305 -68.4939320888 487.2937886321
85.0000000000 1.0000000000 256.8765520295 -302.6188870348 441.3134630507
86.0000000000 1.0000000000 259.6154621169 -182.8575690823 501.4820512258
87.0000000000 1.0000000000 266.0202602365 34.7220950309 529.4798614706
88.0000000000 1.0000000000 235.6561082407 -190.4810441946 510.3964115214
89.0000000000 1.0000000000 241.1163983271 -28.5009500387 541.6381677349
90.0000000000 1.0000000000 189.4916239374 -303.5081408997 473.6001048435
91.0000000000 1.0000000000 177.8278611079 -269.3550601634 498.1429813023
92.0000000000 1.0000000000 226.0022831966 96.7784210842 540.2575604699
93.0000000000 1.0000000000 127.4086971306 -343.2105863519 467.2203374790
94.0000000000 1.0000000000 151.4493019679 -153.3034449676 553.0664418829
95.0000000000 1.0000000000 180.7075219016 -17.1527289907 565.1299866924
96.0000000000 1.0000000000 163.4387400162 -29.7486610030 569.8457000566
97.0000000000 1.0000000000 137.5793309643 -124.8411599676 563.7445688536
98.0000000000 1.0000000000 175.3797571813 77.0307360796 561.8091605809
99.0000000000 1.0000000000 62.7981269644 -413.1718767660 421.5053047613
100.0000000000 1.0000000000 87.4649199912 -338.1296859660 479.9370059518
101.0000000000 1.0000000000 106.4275750746 -280.8858941968 511.9546973586
102.0000000000 1.0000000000 76.9453239882 -270.0674539587 522.9381549200
103.0000000000 1.0000000000 83.4897490877 -196.0196412060 554.0100075823
104.0000000000 1.0000000000 62.9835880736 -222.3477852597 546.7319786386
105.0000000000 1.0000000000 80.2823789631 -141.1725789350 570.9171297373
106.0000000000 1.0000000000 110.6839210327 115.3457960341 571.6342741689
107.0000000000 1.0000000000 10.5491090031 -359.2923741054 472.3547741386
108.0000000000 1.0000000000 -0.8914670000 -385.6499430208 451.2146420244
109.0000000000 1.0000000000 70.0298550328 -10.2233720048 589.3323582763
110.0000000000 1.0000000000 27.3075050057 -96.7810590201 584.9863701215
111.0000000000 1.0000000000 46.2605339965 26.5305079980 591.1661539553
112.0000000000 1.0000000000 -25.0850570201 -299.8423822408 511.6508694110
113.0000000000 1.0000000000 -38.6806070000 -212.0595089997 553.0424049993
114.0000000000 1.0000000000 -27.6988340074 -110.8589870295 582.4640641550
115.0000000000 1.0000000000 -75.5175429839 -281.3395579402 517.1716158900
116.0000000000 1.0000000000 -62.8110240573 -174.8143711595 563.7517515144
117.0000000000 1.0000000000 -27.5436399831 208.2599638724 555.1490446600
118.0000000000 1.0000000000 -80.7674280604 -252.0415571884 531.2937063971
119.0000000000 1.0000000000 -119.1940150422 -369.6827331310 448.8304691590
120.0000000000 1.0000000000 -59.4790560184 -89.5373830277 583.7521951807
121.0000000000 1.0000000000 -48.4885000328 28.9904490196 590.8720213995
122.0000000000 1.0000000000 -131.3304600990 -312.4416262356 487.2923833675
123.0000000000 1.0000000000 -76.6048180739 -23.0034210222 588.1529315677
124.0000000000 1.0000000000 -114.0141240244 -172.1044160368 556.5089181191
125.0000000000 1.0000000000 -139.7070050309 -208.5067130461 537.8923961189
126.0000000000 1.0000000000 -121.2082509745 -107.7841619773 570.9750088797
127.0000000000 1.0000000000 -99.4554019463 133.9105719277 569.6471786924
128.0000000000 1.0000000000 -169.1011711698 -209.0356162099 529.1788275312
129.0000000000 1.0000000000 -162.1333490366 -66.9487490151 567.0555251279
130.0000000000 1.0000000000 -225.7331241813 -272.7059402190 476.4423923826
131.0000000000 1.0000000000 -220.9632940981 -250.8421451114 490.4842172178
132.0000000000 1.0000000000 -220.3153179185 -176.4686989348 522.1506348069
133.0000000000 1.0000000000 -197.2874581325 -61.7239750414 556.4073473736
