0.0000000000 679.2348458607 234.6639030000 598.9873672409 205.6835758564
1.0000000000 5136.3004801144 297.2270240000 5273.3539024363 328.2818893360
2.0000000000 6862.2733918073 315.4886260000 6831.2071201465 335.1135758080
3.0000000000 14673.4428344072 397.5465540000 14524.7026635605 449.5317574940
4.0000000000 2711.4198228123 200.3585420000 2789.0203455205 227.3744672994
5.0000000000 2085.8826766286 155.3771710000 1947.5500840868 179.8721879754
6.0000000000 8009.4606999907 305.1261410000 8260.3870864516 355.6352360405
7.0000000000 14826.5196655617 390.1086900000 14689.1048857657 460.7933644378
8.0000000000 5347.1169860433 256.4118090000 5125.9243677501 284.5658112314
9.0000000000 6152.5181747862 284.6308000000 6164.5227796147 323.9308971866
10.0000000000 6569.3397158617 274.5877020000 6490.0988802976 330.9171041488
11.0000000000 8207.1414553579 294.1473610000 8209.8656751529 349.3571506537
12.0000000000 11665.2091229325 367.0015520000 11473.0110433570 399.7913047191
13.0000000000 5331.7836147379 223.1692230000 5100.8219709572 286.8379151178
14.0000000000 7976.0699633975 299.0755644644 7412.4460912135 329.3446872352
15.0000000000 12028.3753871972 336.1474770000 11984.9522293495 413.2605631728
16.0000000000 3163.7109315497 240.2420980000 3029.2814096355 277.9350255595
17.0000000000 11134.0913039231 395.0876750000 10932.1835909783 397.3750051017
18.0000000000 8002.8476622881 302.7175060000 8147.6224807903 362.8712369248
19.0000000000 11477.1042574217 354.0647120000 11482.9094264286 409.9728225529
20.0000000000 19956.9999657619 449.4589730000 19724.9138840947 525.0019417214
21.0000000000 5295.9442308982 251.3252060000 5264.7889869735 296.7200901835
22.0000000000 9500.9836108734 331.9122870009 8738.5175449783 360.0525240860
23.0000000000 8818.5911528526 303.9134660000 8531.1652679003 348.9834552069
24.0000000000 15637.1840087078 392.8691610000 15522.3199023068 475.3558942099
25.0000000000 6455.2232257475 254.4985823568 5695.5931219742 298.3233470961
26.0000000000 5294.6790155388 267.7881020000 5206.1957102334 290.6114645102
27.0000000000 5647.1371454304 328.8084040000 5239.5027662420 280.0653210728
28.0000000000 19351.1860879252 456.0673900000 19607.7256639173 528.1018947928
29.0000000000 8153.0322127944 260.4519341960 7648.4139876994 342.9586225398
30.0000000000 13323.0078940251 438.7319190873 13838.0465903876 451.4599178820
31.0000000000 3129.7679491110 218.7831264254 2855.1956211798 223.7211165088
32.0000000000 12362.8123655544 419.5120036569 12642.3922236884 434.8392875530
33.0000000000 10427.7059930291 328.3390540000 10477.8770957686 378.0815641234
34.0000000000 7092.4133424610 338.0550140000 6787.9023566125 348.1281504174
35.0000000000 6020.6649854974 275.6302800000 6237.1858512573 316.9877187804
36.0000000000 8553.7706667632 349.9596260000 8703.5599037135 375.3800671671
37.0000000000 10620.0546732592 409.5403240000 11190.0335783238 419.2839225932
38.0000000000 14361.9041466185 399.5471790000 14516.4061704965 449.0133669654
39.0000000000 9053.4218694324 335.4136850000 9109.8576158405 399.4696684213
40.0000000000 26368.9558746112 568.2146840000 26400.0175520856 613.9936664729
41.0000000000 7497.2625693939 282.3745800000 6957.2826469428 326.9273546312
42.0000000000 13728.5808317837 369.7756230000 13246.5940422079 432.2242840839
43.0000000000 8081.2542669672 313.4552420000 7000.9362807523 322.7964210107
44.0000000000 14986.7766352714 413.1970710000 14415.8252751721 447.6530565491
45.0000000000 7411.9428201863 305.0906300000 7209.3404509991 365.3700233126
46.0000000000 8423.2810916751 336.9673130000 8593.6074711053 368.1239093273
47.0000000000 5438.4263364841 263.2489340000 5510.8851213413 284.8210632482
48.0000000000 5781.1572715381 280.8303680000 5623.7893145392 290.3156157225
49.0000000000 15699.8203797079 436.8779980000 15859.2157475356 495.5089273682
50.0000000000 11703.4873268380 379.4028960000 11267.5325099475 407.5073568000
51.0000000000 16872.5842706632 450.4003210000 16585.0582444323 505.5023725623
52.0000000000 14349.4379358541 406.2310230000 14453.1142134399 475.8240657824
53.0000000000 4843.6720535763 257.1958200000 4631.1250351398 277.7724484020
54.0000000000 27832.5516612691 552.3375620000 27740.6231512666 622.0388955918
55.0000000000 4054.5053571822 285.0614440000 4520.6418366689 302.9962663033
56.0000000000 14534.9903480903 407.5086700000 14453.9894979081 444.1818535939
57.0000000000 3739.6768159742 222.0641250000 3548.6590802385 241.0163138693
58.0000000000 -34058.9991341134 325.1446450000 -34466.0908040406 1981.9908759375
59.0000000000 2269.4217118381 189.6996620000 2619.4484176977 213.7545578567
60.0000000000 15824.9748443735 442.1747770000 15623.9671169155 496.2464913170
61.0000000000 6435.1142290222 283.7693880000 5868.4409574373 294.7808044419
62.0000000000 -15061.0638657105 259.4088370000 -15212.7000220030 1962.8103398371
63.0000000000 11343.5836158600 375.7825250000 10999.2154436848 413.6007016433
64.0000000000 19166.0787783438 188.1723710000 18471.6813832766 1886.3366472534
65.0000000000 45897.9815992340 376.2258290000 47131.5570882132 2169.9296761222
66.0000000000 1910.7574639664 320.7944660000 1662.3766708244 353.7829707714
67.0000000000 2127.9013890202 348.4334790000 2306.3940294792 489.3664853647
