0.0000000000 1.0000000000 325.1453590767 146.6174170346 474.4524791120
1.0000000000 1.0000000000 419.3214853137 -420.1081032269 0.0000000000
2.0000000000 1.0000000000 419.3214853137 -420.1081032269 0.0000000000
3.0000000000 1.0000000000 -289.2784748716 215.1073519045 471.5592407907
4.0000000000 1.0000000000 -293.4039769128 49.2456429854 513.6246678473
5.0000000000 1.0000000000 -297.6275422025 19.2390530131 513.1949253492
6.0000000000 1.0000000000 -290.5310742586 180.0641511603 485.2730394320
7.0000000000 1.0000000000 450.4924650367 89.3258960073 376.0302510307
8.0000000000 1.0000000000 448.3624322033 53.1762400241 385.3112291747
9.0000000000 1.0000000000 433.1716461051 -78.5817350191 398.1313380966
10.0000000000 1.0000000000 417.7490072032 -131.9492020642 400.4953201948
11.0000000000 1.0000000000 423.2162474430 186.2223781949 372.1969373896
12.0000000000 1.0000000000 391.9055052455 -208.4729781306 394.0436762469
13.0000000000 1.0000000000 422.1461397684 165.7446749091 382.9395067899
14.0000000000 1.0000000000 418.0703127965 48.2979119765 418.5759807962
15.0000000000 1.0000000000 395.0250922935 173.6481501290 407.5816763028
16.0000000000 1.0000000000 390.1103368676 229.5307159221 383.9933618696
17.0000000000 1.0000000000 393.6004251668 123.8030920525 426.6999251808
18.0000000000 1.0000000000 386.5079946042 202.0215873158 402.6414966294
19.0000000000 1.0000000000 344.3963572767 -287.2983522308 388.8086063124
20.0000000000 1.0000000000 367.8023480651 -163.5497510290 436.2272780773
21.0000000000 1.0000000000 339.8569473378 155.5201721546 461.1204374584
22.0000000000 1.0000000000 263.4256811426 -367.7692181991 384.2838002080
23.0000000000 1.0000000000 314.8003772200 310.3331422169 396.1254722768
24.0000000000 1.0000000000 308.2710882124 252.8729281743 439.7107513030
25.0000000000 1.0000000000 260.0671831444 232.9495431294 480.0217672666
26.0000000000 1.0000000000 218.0062320621 362.5704651033 416.3379241186
27.0000000000 1.0000000000 220.0305422458 319.0295373564 449.5865225023
28.0000000000 1.0000000000 211.3178919820 225.7451399808 506.6608399569
29.0000000000 1.0000000000 165.7388001675 261.1790132639 506.5940185119
30.0000000000 1.0000000000 147.4444601834 385.4056344793 426.6660925306
31.0000000000 1.0000000000 138.0882340801 344.7673341999 463.0210052685
32.0000000000 1.0000000000 120.1606101669 241.5138843355 528.7284727344
33.0000000000 1.0000000000 103.1439860718 129.8580840903 569.9294013965
34.0000000000 1.0000000000 86.2473050552 341.7422112187 477.5929123057
35.0000000000 1.0000000000 67.1148239575 266.1305068313 526.2998006664
36.0000000000 1.0000000000 54.2946720134 298.0213290737 510.4475511262
37.0000000000 1.0000000000 25.0173440108 378.7012351639 456.3779501976
38.0000000000 1.0000000000 17.4851799981 402.9162359569 435.5159029534
39.0000000000 1.0000000000 1.7333830012 215.8692711497 552.9184203834
40.0000000000 1.0000000000 -10.2102370002 303.9655510073 509.7273990122
41.0000000000 1.0000000000 -34.3875399856 324.4444438641 495.8574657923
42.0000000000 1.0000000000 -43.2021890007 249.1421040043 537.0131370092
43.0000000000 1.0000000000 -97.1816279732 392.8318028918 434.2352268804
44.0000000000 1.0000000000 -97.0328600145 346.2206320517 472.2681700705
45.0000000000 1.0000000000 -176.3757429984 309.4871829971 474.7953319956
46.0000000000 1.0000000000 -188.5420801122 243.0526001447 507.6402703021
47.0000000000 1.0000000000 -197.1452819354 327.1314288928 454.3567898511
48.0000000000 1.0000000000 -202.6363110301 265.1873060394 490.8518560729
49.0000000000 1.0000000000 -278.7849611093 -297.7337021167 431.2249001690
50.0000000000 1.0000000000 -246.5055561865 271.7502572056 466.5920433531
51.0000000000 1.0000000000 -318.9375640374 -245.6649840288 436.1752770511
52.0000000000 1.0000000000 -272.1899220255 198.8640070186 488.5561170457
53.0000000000 1.0000000000 -281.4222921754 -101.7138090634 512.6179093195
54.0000000000 1.0000000000 -283.3508471729 36.9123730225 520.2606083174
55.0000000000 1.0000000000 361.9399065283 -187.0005042730 431.6846556301
56.0000000000 1.0000000000 360.1228732672 -11.4937390085 471.6998373499
57.0000000000 1.0000000000 340.8516777726 -131.6165269122 467.7804506879
58.0000000000 1.0000000000 337.4210992251 218.7596371460 436.5919712913
59.0000000000 1.0000000000 301.8016182130 -230.5784481627 456.1476613219
60.0000000000 1.0000000000 285.1029670288 -279.4320310282 439.2668490444
61.0000000000 1.0000000000 320.8001183049 49.6819650472 496.9308934723
62.0000000000 1.0000000000 241.2577951085 -362.4830571630 403.3881951814
63.0000000000 1.0000000000 276.3861049378 -152.7485839657 502.5931928870
64.0000000000 1.0000000000 278.7763712164 -75.8444570589 518.5100574024
65.0000000000 1.0000000000 291.1582053447 166.8742421976 489.5929055797
66.0000000000 1.0000000000 268.6900319373 259.0241619396 461.5554968924
67.0000000000 1.0000000000 156.7567479114 -426.7066077589 381.6675507843
68.0000000000 1.0000000000 159.8793890625 -401.3103301570 407.0748411593
69.0000000000 1.0000000000 239.5913720784 135.4263900443 525.9058791720
70.0000000000 1.0000000000 119.4761310979 -385.6184973159 435.1380873565
71.0000000000 1.0000000000 169.6030669738 320.2147219505 470.1262149273
72.0000000000 1.0000000000 58.1495690010 -439.1307820077 395.1001270069
73.0000000000 1.0000000000 -45.2414530201 -440.4943681961 395.2711081760
74.0000000000 1.0000000000 -29.4089659943 -397.5975469233 439.7415489151
75.0000000000 1.0000000000 -172.0033140845 -397.9575181956 405.4207691992
76.0000000000 1.0000000000 -170.3890470966 138.6417870786 551.4230263126
77.0000000000 1.0000000000 -206.1844522678 207.4962302695 516.4829256709
78.0000000000 1.0000000000 -255.1021240947 -196.0492450727 498.8075041851
79.0000000000 1.0000000000 -237.1910272701 -105.7047661204 533.7492346079
80.0000000000 1.0000000000 -243.3627230621 39.1744390100 539.9641421378
81.0000000000 1.0000000000 -342.5627391043 -164.1584860500 456.0965771388
82.0000000000 1.0000000000 -310.9577079615 -55.8579539931 502.5002679378
83.0000000000 1.0000000000 400.0893051917 -4.1450070020 438.4434892101
84.0000000000 1.0000000000 335.4665573892 -68.4271180794 484.8724005626
85.0000000000 1.0000000000 255.7273761107 -305.2380711321 440.1755961905
86.0000000000 1.0000000000 255.7727671236 -183.2683420886 503.3034202433
87.0000000000 1.0000000000 269.3839012662 33.0805280327 527.8819175216
88.0000000000 1.0000000000 236.0546910305 -189.2283110245 510.6781330661
89.0000000000 1.0000000000 243.7762179731 -29.2032229968 540.4087839404
90.0000000000 1.0000000000 191.2122850299 -304.0995980475 472.5279070738
91.0000000000 1.0000000000 177.3511229517 -274.0834509253 495.7279168649
92.0000000000 1.0000000000 225.2753982666 94.3442921117 540.9911976403
93.0000000000 1.0000000000 129.0486560514 -344.9656161375 465.4744831855
94.0000000000 1.0000000000 153.9581430475 -154.8390380478 551.9448241703
95.0000000000 1.0000000000 181.5080250644 -13.0028190046 564.9841502004
96.0000000000 1.0000000000 165.4970689465 -28.3196619908 569.3241988159
97.0000000000 1.0000000000 139.0529789506 -128.0140389545 562.6704198001
98.0000000000 1.0000000000 175.5401160955 75.7118520412 561.9383503057
99.0000000000 1.0000000000 66.9241220831 -407.8658035063 426.0140545289
100.0000000000 1.0000000000 88.0821849839 -340.0081349380 478.4948519127
101.0000000000 1.0000000000 110.7340090109 -280.8355510277 511.0681940504
102.0000000000 1.0000000000 79.3492140972 -271.2484413322 521.9667726394
103.0000000000 1.0000000000 86.4719010605 -194.1069021358 554.2259893877
104.0000000000 1.0000000000 66.5226889736 -222.2183119118 546.3653357831
105.0000000000 1.0000000000 83.8098131178 -140.7298771977 570.5193628017
106.0000000000 1.0000000000 106.6424810617 113.8916850659 572.6931043311
107.0000000000 1.0000000000 11.5222189995 -358.5758019841 472.8762619791
108.0000000000 1.0000000000 2.0582519996 -388.9071009316 448.4064639211
109.0000000000 1.0000000000 62.8245580497 -12.0138990095 590.1102164672
110.0000000000 1.0000000000 24.3797690164 -95.7166360646 585.2907643947
111.0000000000 1.0000000000 41.8100490489 27.4135760321 591.4573036917
112.0000000000 1.0000000000 -27.8425930382 -301.9249304138 510.2817386994
113.0000000000 1.0000000000 -37.9178630383 -214.2476832166 552.2512945584
114.0000000000 1.0000000000 -29.8185490260 -109.8552720959 582.5495685084
115.0000000000 1.0000000000 -72.3814920358 -285.2449661411 515.4779872549
116.0000000000 1.0000000000 -60.1512200722 -173.9292692087 564.3153076773
117.0000000000 1.0000000000 -18.8668090240 216.7142632760 552.2683207034
118.0000000000 1.0000000000 -80.7180030607 -253.2785601905 530.7126353991
119.0000000000 1.0000000000 -117.7113020633 -370.3916321992 448.6372862413
120.0000000000 1.0000000000 -60.5373130629 -86.8872850903 584.0437996069
121.0000000000 1.0000000000 -50.2790530329 26.8148640175 590.8251063863
122.0000000000 1.0000000000 -127.5976780897 -310.5307232183 489.5005913441
123.0000000000 1.0000000000 -79.4124239712 -27.1329879901 587.6042837866
124.0000000000 1.0000000000 -112.7321409950 -169.3366569925 557.6180479753
125.0000000000 1.0000000000 -136.5662821268 -210.5681071956 537.8959464996
126.0000000000 1.0000000000 -119.7047150164 -110.8894130152 570.6975080781
127.0000000000 1.0000000000 -103.1133070143 135.0850700187 568.7187320787
128.0000000000 1.0000000000 -172.6180550251 -211.0081340307 527.2569590767
129.0000000000 1.0000000000 -158.6197690283 -66.1147740118 568.1460481015
130.0000000000 1.0000000000 -219.6390100204 -273.6870170255 478.7227260445
131.0000000000 1.0000000000 -218.2357660436 -249.0399310498 492.6191120984
132.0000000000 1.0000000000 -219.1138890857 -174.8469660684 523.2006962046
133.0000000000 1.0000000000 -198.8220478915 -62.4610019659 555.7785016967
