0.0000000000 653.2412444604 234.6639030000 615.2719977497 209.1239795678
1.0000000000 5184.0768177619 297.2270240000 5079.4805866308 321.3872433258
2.0000000000 6905.2864080531 315.4886260000 6877.7326561749 330.5574612316
3.0000000000 14535.1560819434 397.5465540000 13931.2980257687 441.8917985616
4.0000000000 2689.9151918934 200.3585420000 2497.5738026335 216.9703459236
5.0000000000 2067.0046574799 155.3771710000 2089.5991292866 187.3762310525
6.0000000000 8062.8033164054 305.1261410000 7824.9416075973 347.8317533829
7.0000000000 14806.4739623734 390.1086900000 14564.0388613449 460.6988764284
8.0000000000 5312.5343826466 256.4118090000 5280.1945355066 285.9494337160
9.0000000000 6146.2880239127 284.6308000000 5977.1884685475 318.3674333201
10.0000000000 6523.7732425552 274.5877020000 6334.9242535409 327.4370404029
11.0000000000 8186.7130526119 294.1473610000 7946.5170938042 342.8766105653
12.0000000000 11556.5287940836 367.0015520000 11117.3411175319 393.3086704707
13.0000000000 5359.7795967576 223.1692230000 5558.1759770012 300.1712311995
14.0000000000 7755.1493746969 293.2268856929 7403.8977535167 330.6913668157
15.0000000000 12052.8351858516 336.1474770000 11916.3127407016 409.4371555647
16.0000000000 3104.0559748781 240.2420980000 2976.2517777387 270.1078851584
17.0000000000 11196.3815701587 395.0876750000 11238.0018900935 403.1859890059
18.0000000000 7981.6728687649 302.7175060000 7615.4627025320 354.5576549943
19.0000000000 11633.8320749003 354.0647120000 11861.3164605179 416.2962314034
20.0000000000 19988.6383493184 449.4589730000 19846.7877203149 529.1024928190
21.0000000000 5267.1054678540 251.3252060000 5092.6107191952 290.5115080488
22.0000000000 9509.1698027009 377.9129644900 9820.7301029175 384.0266662029
23.0000000000 8719.6179631630 303.9134660000 8485.3398489718 347.6767799369
24.0000000000 15583.9950415131 392.8691610000 15222.0742725631 469.4577522139
25.0000000000 6300.9185426007 279.3343529257 6296.1423885621 312.3290686474
26.0000000000 5282.5271413808 267.7881020000 5199.7362445714 292.0455958152
27.0000000000 5655.4894089447 328.8084040000 5831.1919736866 297.9656855537
28.0000000000 19636.3988094758 456.0673900000 19796.4958380836 527.6134285358
29.0000000000 7877.1409101614 250.9598611420 7257.5505993730 330.9432198571
30.0000000000 13950.9615420410 477.2263302943 14906.9466763398 470.4778438071
31.0000000000 3018.9492543566 213.1945273829 2836.0732776339 224.2108256575
32.0000000000 12609.2814036887 421.3266732855 12759.3448008535 436.3948786589
33.0000000000 10517.7191208120 328.3390540000 10497.5333840857 379.3337830514
34.0000000000 6931.0241325648 338.0550140000 6524.0309721904 334.9912501923
35.0000000000 6131.1946977976 275.6302800000 6135.8964094404 314.4299967874
36.0000000000 8649.5126594738 349.9596260000 8583.9702236865 369.0842101189
37.0000000000 11132.2579389761 409.5403240000 11845.8737132707 430.0062704147
38.0000000000 14423.0556019796 399.5471790000 14129.3737332395 445.1002460959
39.0000000000 8916.9737716466 335.4136850000 8284.3702101967 381.7535412432
40.0000000000 26388.9515703045 568.2146840000 25742.5656838728 606.7237354698
41.0000000000 7324.8344106842 282.3745800000 7146.0951524204 331.6837502333
42.0000000000 13523.3744193005 369.7756230000 13057.8335063477 430.5210790726
43.0000000000 7846.9543647493 313.4552420000 7907.4946288888 339.4064400797
44.0000000000 14833.6050733817 413.1970710000 14512.7381152040 448.1416455809
45.0000000000 7401.2520527978 305.0906300000 7394.6871170554 372.8061481164
46.0000000000 8361.2113555646 336.9673130000 7805.1802688027 353.1253560481
47.0000000000 5518.4402547134 263.2489340000 5552.9385859404 287.5925612166
48.0000000000 5713.7872765203 280.8303680000 5496.5785646403 287.4640578335
49.0000000000 15728.7437269627 436.8779980000 15294.9882673151 482.0650815958
50.0000000000 11462.8050383550 379.4028960000 10841.7432094145 397.6804706272
51.0000000000 16872.6407564637 450.4003210000 16723.9249122202 501.8186239467
52.0000000000 14626.9514478701 406.2310230000 15056.8435509128 480.8718031683
53.0000000000 4772.8771116843 257.1958200000 4632.4638934137 279.4361444526
54.0000000000 27828.6977221160 552.3375620000 27237.5185430396 616.2942321150
55.0000000000 4232.2985481197 285.0614440000 4222.5955917591 303.0370118024
56.0000000000 14517.4125029329 407.5086700000 14174.0099488916 438.6068191440
57.0000000000 3634.3038245851 222.0641250000 3404.9684529166 236.3907308365
58.0000000000 -34449.5482822134 325.1446450000 -35453.4495418501 1985.3016666558
59.0000000000 2348.7929847304 189.6996620000 2215.6976182671 198.6639097972
60.0000000000 15829.7903409109 442.1747770000 15617.9175088188 493.8277346296
61.0000000000 6275.2800399726 283.7693880000 6140.7017531309 300.8120766611
62.0000000000 -15066.0285326330 259.4088370000 -15078.8240428686 1951.3462436889
63.0000000000 11340.5059563117 375.7825250000 11337.7624322697 420.5732596354
64.0000000000 18979.1283272788 188.1723710000 18997.5152396316 1881.5110232960
65.0000000000 46725.1707184319 376.2258290000 47814.6790419881 2171.5527479957
66.0000000000 1799.3752791059 320.7944660000 1542.3643370741 357.4746911650
67.0000000000 2298.2496248856 348.4334790000 2408.7395058200 482.2871051977
