0.0000000000 1.0000000000 326.5102689161 147.3012609622 473.3019218784
1.0000000000 1.0000000000 418.8893388369 -420.5389973015 0.0000000000
2.0000000000 1.0000000000 418.8893388369 -420.5389973015 0.0000000000
3.0000000000 1.0000000000 -290.5138540999 217.4432560748 469.7248741616
4.0000000000 1.0000000000 -293.0148341974 50.1749840338 513.7568533461
5.0000000000 1.0000000000 -296.2969609179 20.6271349943 513.9104578575
6.0000000000 1.0000000000 -289.5965552496 177.1335221527 486.9074624196
7.0000000000 1.0000000000 450.7282502969 88.8657370585 375.8566902476
8.0000000000 1.0000000000 446.8665170711 51.7049540082 387.2444190616
9.0000000000 1.0000000000 434.2352255103 -77.3618490909 397.2105734668
10.0000000000 1.0000000000 415.1357360252 -132.9622010081 402.8705750244
11.0000000000 1.0000000000 424.0703654804 187.7369842127 370.4598174197
12.0000000000 1.0000000000 391.1607209483 -207.0472319726 395.5326289477
13.0000000000 1.0000000000 423.2685152483 165.6070160971 381.7583092239
14.0000000000 1.0000000000 419.9135840167 47.8020300019 416.7839660166
15.0000000000 1.0000000000 397.3636730045 169.6714450019 406.9828480046
16.0000000000 1.0000000000 389.1384461935 231.3877631150 383.8649491909
17.0000000000 1.0000000000 391.8440401139 120.2568990350 429.3225511248
18.0000000000 1.0000000000 387.6898531270 200.4651870657 402.2830011318
19.0000000000 1.0000000000 343.2383573355 -287.2023782807 389.9019753811
20.0000000000 1.0000000000 369.1619153542 -166.0032561593 434.1471244165
21.0000000000 1.0000000000 339.2909001295 153.4237790586 462.2382021764
22.0000000000 1.0000000000 262.7053548958 -370.8565258530 381.8018598486
23.0000000000 1.0000000000 313.3416242043 306.5418251998 400.2130212609
24.0000000000 1.0000000000 309.3142621114 256.1848380923 437.0530201574
25.0000000000 1.0000000000 261.6198211683 233.4202481502 478.9482053082
26.0000000000 1.0000000000 217.9666142500 363.8261324173 415.2618774763
27.0000000000 1.0000000000 223.1150121722 317.3312902449 449.2681493467
28.0000000000 1.0000000000 214.3844968834 225.3146118775 505.5629927251
29.0000000000 1.0000000000 165.6358479791 262.6376659669 505.8730559362
30.0000000000 1.0000000000 138.0362500060 387.5541920169 427.8657130187
31.0000000000 1.0000000000 136.5738729762 347.2262489395 461.6306269196
32.0000000000 1.0000000000 116.0052751326 243.4652312782 528.7615566043
33.0000000000 1.0000000000 102.4663710944 134.1435471235 569.0584135240
34.0000000000 1.0000000000 85.8131250711 339.5419802815 479.2376003973
35.0000000000 1.0000000000 65.5600019818 262.3851029272 528.3722838535
36.0000000000 1.0000000000 52.3853810084 296.6043440478 511.4713690825
37.0000000000 1.0000000000 25.6236340240 378.5293963547 456.4868584278
38.0000000000 1.0000000000 18.9184640164 402.6497473482 435.7024203768
39.0000000000 1.0000000000 3.6181260041 213.6640882441 553.7651966326
40.0000000000 1.0000000000 -17.7708809960 303.1984129324 509.9767098863
41.0000000000 1.0000000000 -36.3674870219 323.8001181954 496.1372952993
42.0000000000 1.0000000000 -55.1764330308 253.8559141419 533.6984752983
43.0000000000 1.0000000000 -90.3487160994 387.4864504263 440.4687124846
44.0000000000 1.0000000000 -93.7841600328 346.2444641213 472.9065751656
45.0000000000 1.0000000000 -181.4846111582 311.7093722718 471.4042104110
46.0000000000 1.0000000000 -187.3376098461 240.5192768024 509.2901175815
47.0000000000 1.0000000000 -199.8812790851 327.9467981396 452.5701031927
48.0000000000 1.0000000000 -203.2170670043 268.6807830057 488.7072610103
49.0000000000 1.0000000000 -275.2252990542 -300.2313540592 431.7794520851
50.0000000000 1.0000000000 -242.5428701156 271.9228871296 468.5640042233
51.0000000000 1.0000000000 -320.6578299505 -244.6608539622 435.4778399327
52.0000000000 1.0000000000 -272.7146820982 198.4214860714 488.4433871759
53.0000000000 1.0000000000 -278.3331940997 -104.0302520373 513.8381711841
54.0000000000 1.0000000000 -284.6517642204 38.3083960297 519.4489064022
55.0000000000 1.0000000000 361.6434292087 -189.2954191093 430.9322462487
56.0000000000 1.0000000000 361.8671252248 -13.0024630081 470.3237672921
57.0000000000 1.0000000000 343.8059510907 -133.4789670352 465.0829601226
58.0000000000 1.0000000000 339.2302771798 215.5410881142 436.7907792315
59.0000000000 1.0000000000 303.1613128694 -231.7141739002 454.6681058042
60.0000000000 1.0000000000 286.3210083121 -280.2502973055 437.9513414774
61.0000000000 1.0000000000 320.7290411631 45.5364810232 497.3737402529
62.0000000000 1.0000000000 245.1064401697 -362.4591132510 401.0829722778
63.0000000000 1.0000000000 274.1741621105 -156.8934310632 502.5279162025
64.0000000000 1.0000000000 280.3664241684 -76.5185220460 517.5528093108
65.0000000000 1.0000000000 292.7425152960 168.1634721700 488.2050724936
66.0000000000 1.0000000000 268.6448820459 259.6139400443 461.2503180788
67.0000000000 1.0000000000 160.6070960145 -427.2355780385 379.4686390342
68.0000000000 1.0000000000 164.5471240392 -401.5564340957 404.9666660965
69.0000000000 1.0000000000 238.8726380628 139.4401220367 525.1834361381
70.0000000000 1.0000000000 120.1840549760 -388.7649099224 432.1330399138
71.0000000000 1.0000000000 168.4837891759 318.4745533325 471.7080644924
72.0000000000 1.0000000000 60.9117630231 -439.2914081664 394.5049331494
73.0000000000 1.0000000000 -42.9759440532 -439.0127095436 397.1677674918
74.0000000000 1.0000000000 -22.9458990136 -396.7963242354 440.8486012616
75.0000000000 1.0000000000 -171.9334971591 -400.0595373702 403.3764563733
76.0000000000 1.0000000000 -171.4731878952 139.5848429147 550.8487486634
77.0000000000 1.0000000000 -206.8709661722 204.9478851706 517.2253804306
78.0000000000 1.0000000000 -252.8371581635 -195.9901101267 499.9825743232
79.0000000000 1.0000000000 -234.9586581925 -107.6616980882 534.3451264377
80.0000000000 1.0000000000 -237.0748591696 39.7216670284 542.7144983882
81.0000000000 1.0000000000 -340.4091340901 -166.3709360441 456.9066201210
82.0000000000 1.0000000000 -312.5952191451 -56.4860330262 501.4128872328
83.0000000000 1.0000000000 399.7126501475 -7.5399810028 438.7416921619
84.0000000000 1.0000000000 338.8285522821 -68.8582570573 482.4676974016
85.0000000000 1.0000000000 256.3295531554 -305.7264261854 439.4858802665
86.0000000000 1.0000000000 261.6312488229 -186.6545088736 499.0295686621
87.0000000000 1.0000000000 270.5094929356 33.0556479921 527.3075618745
88.0000000000 1.0000000000 234.8216380931 -196.2425400778 508.5951142015
89.0000000000 1.0000000000 249.9341511940 -34.3341540266 537.2852244170
90.0000000000 1.0000000000 190.8676149010 -304.8924698419 472.1561837552
91.0000000000 1.0000000000 179.2348300277 -271.8674840420 496.2703630766
92.0000000000 1.0000000000 226.4804170568 99.3065020249 539.5981521354
93.0000000000 1.0000000000 124.5656280712 -349.8583011999 463.0376872646
94.0000000000 1.0000000000 153.2712539360 -154.8383429354 552.1361577695
95.0000000000 1.0000000000 181.4129560104 -16.8472330010 564.9131230325
96.0000000000 1.0000000000 167.6372680655 -32.9027180129 568.4509512222
97.0000000000 1.0000000000 140.7899970536 -127.8849090487 562.2676882142
98.0000000000 1.0000000000 173.9450681335 78.4406100602 562.0600594314
99.0000000000 1.0000000000 67.2578800176 -408.9467001072 424.9238761114
100.0000000000 1.0000000000 86.6488590193 -342.2665000761 477.1445741061
101.0000000000 1.0000000000 104.5513560105 -282.6177360283 511.3878720513
102.0000000000 1.0000000000 77.7834129940 -270.2497459790 522.7199459594
103.0000000000 1.0000000000 86.2460189963 -195.4719219915 553.7812549760
104.0000000000 1.0000000000 70.2216670541 -218.7327901687 547.3081494220
105.0000000000 1.0000000000 83.6098900734 -143.2425021257 569.9230635000
106.0000000000 1.0000000000 108.6001380642 118.1462860699 571.4619773379
107.0000000000 1.0000000000 11.8718350046 -358.8437801384 472.6642861823
108.0000000000 1.0000000000 5.4902550070 -385.7913854901 451.0611825730
109.0000000000 1.0000000000 61.2277160285 -12.7937410059 590.2616482744
110.0000000000 1.0000000000 25.8831030129 -98.2686920490 584.8030912914
111.0000000000 1.0000000000 35.7811449983 29.7101209986 591.7417889717
112.0000000000 1.0000000000 -28.2495129978 -303.1743389759 509.5180189595
113.0000000000 1.0000000000 -37.6707880257 -211.9859081444 553.1403193768
114.0000000000 1.0000000000 -31.3820320319 -109.9773691117 582.4443945918
115.0000000000 1.0000000000 -76.7340310655 -284.8424902431 515.0708404396
116.0000000000 1.0000000000 -62.3322349858 -172.5640459607 564.4977138713
117.0000000000 1.0000000000 -20.8510600250 215.4652472588 552.6855226638
118.0000000000 1.0000000000 -81.4751829883 -251.7636409639 531.3174099238
119.0000000000 1.0000000000 -116.6967820785 -371.4221112497 448.0500003012
120.0000000000 1.0000000000 -59.5788980201 -87.5133860295 584.0488751970
121.0000000000 1.0000000000 -49.6468640111 29.1650250065 590.7672271316
122.0000000000 1.0000000000 -126.1611960718 -310.0930021766 490.1499862791
123.0000000000 1.0000000000 -77.3070440427 -26.0816390144 587.9325603250
124.0000000000 1.0000000000 -110.9789109368 -169.1422009036 558.0286046820
125.0000000000 1.0000000000 -141.2298630526 -207.3814820772 537.9297102003
126.0000000000 1.0000000000 -121.9426470364 -108.4432950324 570.6937611704
127.0000000000 1.0000000000 -102.1319329943 133.1392199926 569.3543209682
128.0000000000 1.0000000000 -174.1146269871 -209.2685229845 527.4581579610
129.0000000000 1.0000000000 -158.3914601264 -66.8542070534 568.1232144534
130.0000000000 1.0000000000 -216.9017602543 -269.4361593159 482.3682295656
131.0000000000 1.0000000000 -216.9943651879 -249.8394862164 492.7626234267
132.0000000000 1.0000000000 -220.7999209920 -174.7509199937 522.5235279811
133.0000000000 1.0000000000 -198.6296091343 -61.3168060414 555.9746883758
