0.0000000000 653.1553485355 234.6639030000 656.5261588871 212.8486265629
1.0000000000 5218.8927208700 297.2270240000 5291.3393831231 332.1426936405
2.0000000000 6923.1698286985 315.4886260000 6815.3200646652 332.9650918135
3.0000000000 14445.8017502377 397.5465540000 14391.3533706043 448.5593649795
4.0000000000 2710.4245335631 200.3585420000 2885.8552594011 231.9568848780
5.0000000000 2083.6634756411 155.3771710000 2067.1051141356 188.1886014108
6.0000000000 8084.0887877428 305.1261410000 8184.2302142182 351.6407679521
7.0000000000 14731.9662609445 390.1086900000 14423.7328349221 460.1096689456
8.0000000000 5265.7192831377 256.4118090000 5028.7088374739 280.9649477510
9.0000000000 6039.5211320053 284.6308000000 5734.9289110386 314.4536885359
10.0000000000 6540.4009671947 274.5877020000 6633.5655720921 331.4664694407
11.0000000000 8030.8819474771 294.1473610000 7600.5496772882 337.0419321302
12.0000000000 11379.5783227688 367.0015520000 10960.1447509058 390.3660357638
13.0000000000 5413.5542717733 223.1692230000 5303.7065342164 293.8936260363
14.0000000000 7612.2544165415 287.0313655582 7299.8282784058 328.6558535357
15.0000000000 12065.8659367674 336.1474770000 11986.5422476193 411.4157912325
16.0000000000 3092.0349491354 240.2420980000 3097.7077892592 281.2687600918
17.0000000000 11370.4570254429 395.0876750000 11524.8689983240 409.2673318087
18.0000000000 7859.9925063423 302.7175060000 7650.8701393344 357.3139713738
19.0000000000 11855.7020077979 354.0647120000 12074.8506183618 422.1825629677
20.0000000000 20113.3646708370 449.4589730000 20162.5319617858 529.1042159558
21.0000000000 5337.4654981609 251.3252060000 5586.7230970815 304.1122736576
22.0000000000 10009.5711313432 422.2442871394 10812.6603549384 402.1502914076
23.0000000000 8652.9105099237 303.9134660000 8467.2581151254 348.3241298865
24.0000000000 15562.0734425815 392.8691610000 15516.7543431473 473.1615319105
25.0000000000 6541.9404088523 309.6866296699 7030.4001792875 333.8287601849
26.0000000000 5178.4276232289 267.7881020000 4821.0313582793 286.2359700544
27.0000000000 5826.0248307993 328.8084040000 5960.1597919370 301.8199335676
28.0000000000 19705.4015588229 456.0673900000 19313.5841171398 520.0174248763
29.0000000000 7268.7615462548 247.7783644404 5784.4968050456 291.7378936296
30.0000000000 14801.1035746420 483.9554738159 16021.9598221975 488.7612512733
31.0000000000 2958.1411805329 208.1669008152 2841.9234998381 222.2215520351
32.0000000000 12753.1387598558 423.1413429140 12717.0827936939 435.3474302204
33.0000000000 10517.2752368310 328.3390540000 10296.1853267703 374.6103396383
34.0000000000 6869.9790381357 338.0550140000 6848.5209999969 342.1242639410
35.0000000000 6024.9077245747 275.6302800000 5588.5859283479 297.7101756875
36.0000000000 8480.0972035497 349.9596260000 7818.0859136615 355.8701342877
37.0000000000 11484.0130809191 409.5403240000 11590.7258181745 422.6704292146
38.0000000000 14398.3993382534 399.5471790000 14251.0366519875 445.0823323383
39.0000000000 8549.9730653470 335.4136850000 7843.0527032384 370.0694311346
40.0000000000 26241.3547841980 568.2146840000 25703.5867432862 604.1198011439
41.0000000000 7137.2796572710 282.3745800000 6591.9453535454 320.8335290527
42.0000000000 13339.2895275915 369.7756230000 12904.5243374032 435.1532559910
43.0000000000 8123.2395605509 313.4552420000 8690.3556306748 355.0300285996
44.0000000000 14832.2825949216 413.1970710000 14740.5402449265 450.2252599664
45.0000000000 7572.5544389586 305.0906300000 7933.3715592190 387.0884924891
46.0000000000 8290.3083745546 336.9673130000 8355.6945204017 362.9001029781
47.0000000000 5459.6574765489 263.2489340000 5121.4957951357 274.6591379442
48.0000000000 5678.2770119588 280.8303680000 5608.0913327728 290.3156570347
49.0000000000 15407.4165684185 436.8779980000 14462.8993110925 472.6006398994
50.0000000000 11308.9994303909 379.4028960000 11109.4715222422 402.9770813717
51.0000000000 16811.5680230260 450.4003210000 16353.3589644315 490.8566981870
52.0000000000 14799.6322704147 406.2310230000 14626.0888528299 478.0621355835
53.0000000000 4730.5174093087 257.1958200000 4611.1135306797 278.2713243194
54.0000000000 27758.7595112140 552.3375620000 27413.1011325104 617.9923071986
55.0000000000 4246.0852394545 285.0614440000 4179.7150522721 301.0046798445
56.0000000000 14370.9641703902 407.5086700000 13881.6376929075 435.6545422311
57.0000000000 3571.7307356487 222.0641250000 3502.7886883454 239.4511471560
58.0000000000 -34967.5890637498 325.1446450000 -35818.6480304384 1975.7113205761
59.0000000000 2339.3763410460 189.6996620000 2368.9463719785 201.9288913670
60.0000000000 15759.2404156528 442.1747770000 15332.9093526546 489.0140751938
61.0000000000 6333.6791373466 283.7693880000 6458.1998477988 308.2626907491
62.0000000000 -15200.5847850801 259.4088370000 -15722.5082028631 1950.7596162962
63.0000000000 11581.6158818619 375.7825250000 12001.4152487476 430.6937719430
64.0000000000 19284.9544269903 188.1723710000 20125.0355770839 1886.6753326705
65.0000000000 47143.2094589307 376.2258290000 47151.1600912701 2165.0165179556
66.0000000000 1694.0883652463 320.7944660000 1461.9163625404 359.9339444430
67.0000000000 2301.9160185860 348.4334790000 1981.2481825240 477.6463493018
