0.0000000000 1.0000000000 325.9037227804 149.5727528992 473.0074856813
1.0000000000 1.0000000000 420.0599520422 -419.3697212876 0.0000000000
2.0000000000 1.0000000000 420.0599520422 -419.3697212876 0.0000000000
3.0000000000 1.0000000000 -290.4575449060 217.0525459298 469.9403508480
4.0000000000 1.0000000000 -293.6880009457 48.3138659911 513.5508299050
5.0000000000 1.0000000000 -298.0364180465 17.4286560027 513.0222820800
6.0000000000 1.0000000000 -288.8833532358 173.5500011417 488.6185953988
7.0000000000 1.0000000000 452.2647832088 88.0516220406 374.1988831727
8.0000000000 1.0000000000 448.0935925446 54.7567250666 385.4025944684
9.0000000000 1.0000000000 434.8846113672 -80.6246850681 395.8489123343
10.0000000000 1.0000000000 417.9233622668 -132.6423190847 400.0842472555
11.0000000000 1.0000000000 423.8570951941 188.5750230864 370.2782061696
12.0000000000 1.0000000000 390.0823901973 -211.6533251070 394.1572341993
13.0000000000 1.0000000000 424.9970274500 160.2015991696 382.1443454046
14.0000000000 1.0000000000 419.0647992089 46.5946510232 417.7738132083
15.0000000000 1.0000000000 396.1708572634 173.9361891157 406.3449032702
16.0000000000 1.0000000000 390.3226071185 230.0689840698 383.4551491164
17.0000000000 1.0000000000 393.9601037769 123.1885369302 426.5458327585
18.0000000000 1.0000000000 389.1520852841 199.8303121459 401.1855272929
19.0000000000 1.0000000000 345.3656742198 -288.1678081834 387.3024552465
20.0000000000 1.0000000000 367.1653972766 -164.7523031241 436.3113293287
21.0000000000 1.0000000000 339.4605762735 155.5711651254 461.3951193718
22.0000000000 1.0000000000 267.7568673098 -369.5976954276 379.5064294391
23.0000000000 1.0000000000 313.7121535204 305.0207515060 401.0839716654
24.0000000000 1.0000000000 311.6536051443 256.7786231189 435.0380392015
25.0000000000 1.0000000000 263.5168399666 237.4594479699 475.9130299397
26.0000000000 1.0000000000 216.7012120951 365.4617561603 414.4871721818
27.0000000000 1.0000000000 221.2995099754 318.6215969646 449.2528589502
28.0000000000 1.0000000000 213.1717241367 227.9626701462 504.8882683238
29.0000000000 1.0000000000 166.2575441086 260.4002341701 506.8248943311
30.0000000000 1.0000000000 135.5130530424 390.4199331222 426.0631581333
31.0000000000 1.0000000000 136.1257430473 345.1381921200 463.3257351611
32.0000000000 1.0000000000 115.2754819433 243.4876148802 528.9108347399
33.0000000000 1.0000000000 100.8388420002 139.3962340003 568.0858600011
34.0000000000 1.0000000000 83.3573010830 340.3113853387 479.1252944769
35.0000000000 1.0000000000 69.3399070541 265.3960232073 526.3822324111
36.0000000000 1.0000000000 54.0534879891 297.4373759402 510.8136198973
37.0000000000 1.0000000000 25.3866150076 378.0351251133 456.9094991369
38.0000000000 1.0000000000 16.1796990092 403.7522522304 434.7915162482
39.0000000000 1.0000000000 6.3612479988 214.2480559579 553.5147978913
40.0000000000 1.0000000000 -17.6469050111 306.7867141933 507.8305083200
41.0000000000 1.0000000000 -33.3711920041 321.1300710390 498.0794790606
42.0000000000 1.0000000000 -58.8590840468 257.2789112047 531.6620134230
43.0000000000 1.0000000000 -90.4129340445 387.3766381906 440.5521172168
44.0000000000 1.0000000000 -99.8685830331 346.3719861149 471.5655201564
45.0000000000 1.0000000000 -178.4821560802 308.7776971387 474.4699992131
46.0000000000 1.0000000000 -184.0388449608 240.0917009489 510.6926718913
47.0000000000 1.0000000000 -199.9268060544 328.4134910894 452.2114301231
48.0000000000 1.0000000000 -202.5376780587 267.5299580776 489.6197881419
49.0000000000 1.0000000000 -277.6989271081 -296.1366621153 433.0216041686
50.0000000000 1.0000000000 -241.3539610766 273.7532600868 468.1118931485
51.0000000000 1.0000000000 -319.4696448403 -246.8478698766 435.1167677825
52.0000000000 1.0000000000 -272.7915060113 196.0861570082 489.3427630204
53.0000000000 1.0000000000 -277.5642183130 -103.7642831170 514.3076945799
54.0000000000 1.0000000000 -285.5113742865 40.8293880410 518.7846785206
55.0000000000 1.0000000000 361.2344302128 -189.3979701116 431.2301262540
56.0000000000 1.0000000000 362.8526900017 -12.6438230001 469.5736210021
57.0000000000 1.0000000000 343.2725261581 -134.2347300618 465.2594292143
58.0000000000 1.0000000000 340.9311380703 215.6065610444 435.4320800897
59.0000000000 1.0000000000 302.4941038588 -229.3898138929 456.2882387870
60.0000000000 1.0000000000 286.6417488848 -282.2069118866 436.4826378246
61.0000000000 1.0000000000 324.9265831936 44.2280230264 494.7604712948
62.0000000000 1.0000000000 244.1694873376 -363.1086055021 401.0669875546
63.0000000000 1.0000000000 275.8819799611 -160.6537179773 500.4006819294
64.0000000000 1.0000000000 281.4216912801 -78.3627720780 516.7034295143
65.0000000000 1.0000000000 293.8762841459 169.7029430843 486.9896992418
66.0000000000 1.0000000000 269.5371802795 261.3154352710 459.7665474767
67.0000000000 1.0000000000 157.9449811116 -427.0090783017 380.8384912691
68.0000000000 1.0000000000 163.3960201683 -402.1895464142 404.8044414169
69.0000000000 1.0000000000 237.3336029012 138.7598649422 526.0606307810
70.0000000000 1.0000000000 117.6909390615 -388.9156902031 432.6832042260
71.0000000000 1.0000000000 167.7578759882 319.9563049775 470.9634639668
72.0000000000 1.0000000000 56.4266420087 -435.7431800675 399.0804950618
73.0000000000 1.0000000000 -35.7055930237 -441.9039062938 394.6737572624
74.0000000000 1.0000000000 -18.4196630080 -394.2263191705 443.3595061917
75.0000000000 1.0000000000 -170.7159201255 -397.1460472919 406.7584272989
76.0000000000 1.0000000000 -172.8692059768 140.1393539812 550.2713199261
77.0000000000 1.0000000000 -205.8701189849 204.4561449850 517.8189889620
78.0000000000 1.0000000000 -252.2072390684 -197.5134870536 499.7011681355
79.0000000000 1.0000000000 -235.6908929113 -110.8472699583 533.3704267993
80.0000000000 1.0000000000 -236.7662278817 40.3007979799 542.8065267288
81.0000000000 1.0000000000 -340.2513841162 -164.3234240561 457.7642781564
82.0000000000 1.0000000000 -310.5245931617 -58.1496820303 502.5081272617
83.0000000000 1.0000000000 400.5758510273 -3.9296780003 438.0009950298
84.0000000000 1.0000000000 336.9491611461 -72.8438850316 483.1980522095
85.0000000000 1.0000000000 255.3790818421 -306.1495368107 439.7445987282
86.0000000000 1.0000000000 258.5854070039 -188.8118420029 499.8049640076
87.0000000000 1.0000000000 276.5279701256 32.5440980148 524.2084412380
88.0000000000 1.0000000000 232.4928042001 -199.3398211716 508.4604784376
89.0000000000 1.0000000000 252.8971442666 -33.3528310352 535.9589065650
90.0000000000 1.0000000000 186.3968619265 -305.9791898794 473.2380708135
91.0000000000 1.0000000000 177.7641850351 -274.8448250543 495.1580990979
92.0000000000 1.0000000000 226.0820111048 100.3209560465 539.5775722501
93.0000000000 1.0000000000 113.6132329898 -359.6549899677 458.3248279588
94.0000000000 1.0000000000 152.4295619157 -158.4499289123 551.3439716950
95.0000000000 1.0000000000 179.9670670105 -24.0619510014 565.1143280330
96.0000000000 1.0000000000 167.7543530245 -35.0584940051 568.2875200829
97.0000000000 1.0000000000 142.1467511114 -128.8071091010 561.7155474402
98.0000000000 1.0000000000 174.1101980355 82.9387960169 561.3627361144
99.0000000000 1.0000000000 65.9244750272 -411.3137911694 422.8430621741
100.0000000000 1.0000000000 72.9116970547 -349.4279652620 474.2418243555
101.0000000000 1.0000000000 99.0270970421 -286.3844331218 510.3909452170
102.0000000000 1.0000000000 76.3150120275 -274.3692120989 520.7867901877
103.0000000000 1.0000000000 87.2488860504 -193.8609851120 554.1902893203
104.0000000000 1.0000000000 64.4953809752 -222.8832939144 546.3375417901
105.0000000000 1.0000000000 81.6625461028 -144.7151411821 569.8333817172
106.0000000000 1.0000000000 106.1888580364 123.4885890424 570.7852671958
107.0000000000 1.0000000000 18.9667150056 -361.8346951071 470.1459811391
108.0000000000 1.0000000000 14.0568529949 -385.0115178611 451.5416508371
109.0000000000 1.0000000000 61.3175329891 -16.1014679971 590.1713558951
110.0000000000 1.0000000000 25.4079930249 -99.2473980973 584.6586305734
111.0000000000 1.0000000000 32.8839420137 29.5974230123 591.9155052465
112.0000000000 1.0000000000 -30.4127870101 -306.2070001019 507.5762621690
113.0000000000 1.0000000000 -38.2649930048 -214.9316180269 551.9615170691
114.0000000000 1.0000000000 -29.3463470022 -111.5760990085 582.2464190446
115.0000000000 1.0000000000 -74.2496540668 -283.9802152554 515.9104114640
116.0000000000 1.0000000000 -62.7161430290 -173.7484010802 564.0917522604
117.0000000000 1.0000000000 -29.7305280220 217.2068801610 551.5964044089
118.0000000000 1.0000000000 -82.8791650705 -249.8885942127 531.9850194528
119.0000000000 1.0000000000 -114.7190400021 -370.9849650067 448.9220690081
120.0000000000 1.0000000000 -60.7400679853 -87.6356229787 583.9109248583
121.0000000000 1.0000000000 -47.2489700496 30.7594410323 590.8829986209
122.0000000000 1.0000000000 -127.4012370270 -312.5478540663 488.2664131036
123.0000000000 1.0000000000 -79.4752260746 -26.9591670253 587.6037935516
124.0000000000 1.0000000000 -112.9874051427 -170.2478772151 557.2888237040
125.0000000000 1.0000000000 -134.7607220087 -208.3207130134 539.2247720347
126.0000000000 1.0000000000 -120.8416979416 -110.9692829464 570.4423097242
127.0000000000 1.0000000000 -100.2684350870 132.0492351145 569.9390904943
128.0000000000 1.0000000000 -173.4343631750 -209.1119552110 527.7442925324
129.0000000000 1.0000000000 -158.9625740387 -69.2492590169 567.6766391381
130.0000000000 1.0000000000 -218.6434212439 -269.3566353005 481.6257715373
131.0000000000 1.0000000000 -213.7101222241 -252.5736512648 492.8040795167
132.0000000000 1.0000000000 -217.6192849740 -175.5029849791 523.6046939375
133.0000000000 1.0000000000 -194.5696082431 -61.3801160767 557.4015386964
