0.0000000000 661.7249372187 234.6639030000 651.3974873276 209.3022524571
1.0000000000 5278.4839211202 297.2270240000 5266.8523239759 330.2433549750
2.0000000000 6844.3122818126 315.4886260000 6529.5574760949 322.5851114293
3.0000000000 14326.4153282875 397.5465540000 13699.5687353187 438.4424578452
4.0000000000 2794.5208714377 200.3585420000 2822.4649177717 229.5487391502
5.0000000000 2105.4016241847 155.3771710000 2137.1324353181 190.5423827227
6.0000000000 8099.1712464725 305.1261410000 7882.4387793346 347.0416890068
7.0000000000 14663.4012105962 390.1086900000 14431.4738662573 460.4775286791
8.0000000000 5161.9131925851 256.4118090000 4936.2453045696 276.8315384410
9.0000000000 5904.8207158055 284.6308000000 5638.9094724655 311.3795541339
10.0000000000 6630.3743179080 274.5877020000 6695.8285269895 333.2795937438
11.0000000000 7986.5720717502 294.1473610000 8058.2181219514 344.5813913548
12.0000000000 11423.9196765272 367.0015520000 11643.9728748310 403.0754588231
13.0000000000 5418.8004599618 223.1692230000 5435.0079443962 296.8430221281
14.0000000000 7586.7289517175 280.6881331750 7586.7440617119 334.8709670660
15.0000000000 12141.9311094395 336.1474770000 12197.1025850792 413.3669209304
16.0000000000 3171.8461892112 240.2420980000 3327.2501648819 277.8678547382
17.0000000000 11554.0949076918 395.0876750000 11637.3546122238 410.8044841601
18.0000000000 7726.4505491906 302.7175060000 7345.4112799751 349.2666789209
19.0000000000 11894.8910190650 354.0647120000 11576.0707653733 417.9739943336
20.0000000000 20075.8367574972 449.4589730000 19476.2708863481 520.8410542599
21.0000000000 5388.6092511899 251.3252060000 5201.8990529223 294.1084965497
22.0000000000 10568.4149055467 449.5001250298 11099.7804789564 408.8077828768
23.0000000000 8679.9610964200 303.9134660000 8727.3858403547 353.4367500925
24.0000000000 15621.3049194112 392.8691610000 15530.3599515179 473.5630229087
25.0000000000 6965.1302712863 333.9618745091 7551.7659287614 344.3564275790
26.0000000000 4891.5610502270 267.7881020000 4245.1295652944 274.8772890059
27.0000000000 5924.6875067995 328.8084040000 5880.8093135680 299.3613347903
28.0000000000 19710.7685661278 456.0673900000 19624.3428506023 524.4641492532
29.0000000000 6678.8958390386 250.9598611420 6002.4479507024 299.0767601301
30.0000000000 15681.2576142860 486.0452874478 16756.3407279106 500.7506976557
31.0000000000 2919.8802579497 204.1923858403 2810.8427798794 223.2549996659
32.0000000000 12833.4269277194 424.9560125426 12773.6674588740 436.7062609981
33.0000000000 10468.3628808054 328.3390540000 10281.6689255704 375.3049772386
34.0000000000 6862.2062514075 338.0550140000 6655.4656273760 340.9590454272
35.0000000000 6019.7082104842 275.6302800000 6269.5286854465 319.7886825577
36.0000000000 8327.0916973217 349.9596260000 8255.6146604605 361.8479570575
37.0000000000 11539.3347816747 409.5403240000 11314.2605703393 418.6023722251
38.0000000000 14418.0242830794 399.5471790000 14272.9381949457 445.9398564581
39.0000000000 8334.3097615716 335.4136850000 8139.5955112025 377.2749918314
40.0000000000 26357.8782466136 568.2146840000 26506.1028448903 614.8984041659
41.0000000000 7133.8531333797 282.3745800000 7461.8078512135 338.9185439397
42.0000000000 13296.5319061798 369.7756230000 13265.8339242059 444.0628284151
43.0000000000 8168.4683856443 313.4552420000 7608.8734097129 334.2129392793
44.0000000000 14861.1361979994 413.1970710000 14655.2132103947 449.6349456208
45.0000000000 7739.3970855622 305.0906300000 7758.2786046863 381.6965320337
46.0000000000 8360.2951141026 336.9673130000 8284.8516535844 361.7201001497
47.0000000000 5448.6954369927 263.2489340000 5583.7441673435 287.4371446019
48.0000000000 5611.1964423236 280.8303680000 5318.5642721704 281.9744533125
49.0000000000 15172.8855121140 436.8779980000 14936.0048040276 475.6149799324
50.0000000000 11351.2311116264 379.4028960000 11351.3722217983 407.3069969988
51.0000000000 16732.9385209705 450.4003210000 16499.3677567739 498.2328361434
52.0000000000 14686.5157002373 406.2310230000 14217.7002589573 470.6053447341
53.0000000000 4721.7452290311 257.1958200000 4680.5076359760 278.1865560836
54.0000000000 27688.0130591916 552.3375620000 27124.5906289709 616.3072866021
55.0000000000 4243.2105255137 285.0614440000 4182.0006476500 302.2329892086
56.0000000000 14252.9832169636 407.5086700000 13975.4076620713 435.6103136026
57.0000000000 3446.4272822380 222.0641250000 3052.9270777111 222.9459646118
58.0000000000 -35007.6571802701 325.1446450000 -34589.5663762185 1980.7022755835
59.0000000000 2377.5349633930 189.6996620000 2399.5966667282 204.8186762378
60.0000000000 15622.2947112794 442.1747770000 15191.1551100439 487.8104508225
61.0000000000 6519.3614041154 283.7693880000 6783.5786337052 314.7206524233
62.0000000000 -14999.9711685887 259.4088370000 -14078.0025994473 1953.7325184961
63.0000000000 11821.7019470380 375.7825250000 11865.9610512179 430.6851273492
64.0000000000 19721.0478088624 188.1723710000 20212.4978439404 1885.4074843657
65.0000000000 46550.0989170692 376.2258290000 44534.8162713889 2177.7405387908
66.0000000000 1746.2167630202 320.7944660000 1952.1983281113 371.9070523227
67.0000000000 2406.2371238491 348.4334790000 2771.8097544222 502.8112539402
