0.0000000000 1.0000000000 327.8791402176 149.3082450991 471.7241183130
1.0000000000 1.0000000000 419.6749336739 -419.7550196106 0.0000000000
2.0000000000 1.0000000000 419.6749336739 -419.7550196106 0.0000000000
3.0000000000 1.0000000000 -293.1387661202 220.7521500905 466.5399001913
4.0000000000 1.0000000000 -291.8231481071 47.7743730175 514.6631771889
5.0000000000 1.0000000000 -298.0289320221 22.8919730017 512.8118950380
6.0000000000 1.0000000000 -291.2393100748 181.3165240466 484.3813671245
7.0000000000 1.0000000000 452.5195673704 88.8061990727 373.7122243059
8.0000000000 1.0000000000 450.5570959551 53.2643389947 382.7303749619
9.0000000000 1.0000000000 434.1321211859 -79.7530140341 396.8502041699
10.0000000000 1.0000000000 418.2829944959 -130.7259101550 400.3391054746
11.0000000000 1.0000000000 424.0573860476 187.3490500210 370.6710040416
12.0000000000 1.0000000000 391.6520882281 -211.2798431230 392.7986712287
13.0000000000 1.0000000000 424.5490462440 161.0987920926 382.2651082197
14.0000000000 1.0000000000 419.5483820381 49.1673290045 416.9928720378
15.0000000000 1.0000000000 399.0667338755 166.4014009481 406.6664998731
16.0000000000 1.0000000000 389.8980079658 229.8405249798 384.0237009663
17.0000000000 1.0000000000 394.9972451970 123.1661520614 425.5920602123
18.0000000000 1.0000000000 388.7706752180 200.8018801126 401.0701852249
19.0000000000 1.0000000000 345.6032421352 -289.9297521134 385.7725551509
20.0000000000 1.0000000000 371.6810001770 -162.2641180773 433.4107942064
21.0000000000 1.0000000000 342.3657572287 156.0538291043 459.0797503067
22.0000000000 1.0000000000 263.6672192841 -371.4155764003 380.5934754102
23.0000000000 1.0000000000 314.9578141829 305.0706751771 400.0684752323
24.0000000000 1.0000000000 312.1829349721 257.8199279769 434.0415029611
25.0000000000 1.0000000000 262.0669601628 234.7207551458 478.0673612969
26.0000000000 1.0000000000 219.7186461561 363.7231072585 414.4279722945
27.0000000000 1.0000000000 224.3478119428 318.0897479189 448.1163888857
28.0000000000 1.0000000000 215.2162782501 228.2014882652 503.9120565856
29.0000000000 1.0000000000 166.0405221160 261.7991271829 506.1749583536
30.0000000000 1.0000000000 141.0659541078 388.2638742968 426.2310253258
31.0000000000 1.0000000000 133.8638701289 346.7019653337 462.8169594455
32.0000000000 1.0000000000 115.8654680899 244.9018941899 528.1283764096
33.0000000000 1.0000000000 102.1306330703 139.3118650959 567.8757473909
34.0000000000 1.0000000000 86.6487300565 342.0296752231 477.3143883113
35.0000000000 1.0000000000 67.4710729787 265.9435369162 526.3487588341
36.0000000000 1.0000000000 51.9725820500 296.2747532849 511.7044534920
37.0000000000 1.0000000000 24.4859440257 379.6534123987 455.6150254785
38.0000000000 1.0000000000 16.9737030054 404.8882271295 433.7035201388
39.0000000000 1.0000000000 3.7634439995 215.8464419715 552.9172419269
40.0000000000 1.0000000000 -21.8186600250 300.9724743455 511.1368135868
41.0000000000 1.0000000000 -35.8655390141 322.7292101269 496.8710561953
42.0000000000 1.0000000000 -54.5539249685 255.9686578520 532.7525146919
43.0000000000 1.0000000000 -90.5498310749 389.3725763222 438.7608133631
44.0000000000 1.0000000000 -97.6734139562 345.5311758452 472.6409177883
45.0000000000 1.0000000000 -178.6295600994 310.6177741728 473.2117972633
46.0000000000 1.0000000000 -183.6863051275 238.7036141657 511.4696983550
47.0000000000 1.0000000000 -198.8710120394 326.3610150647 454.1587110900
48.0000000000 1.0000000000 -205.5789411497 267.3900131948 488.4272783558
49.0000000000 1.0000000000 -275.9421409113 -300.6269519034 431.0460498614
50.0000000000 1.0000000000 -246.8838000278 274.1928140309 464.9602310523
51.0000000000 1.0000000000 -319.5216218300 -246.4362568688 435.3118777683
52.0000000000 1.0000000000 -271.6895060837 194.7186910600 490.5005301511
53.0000000000 1.0000000000 -280.1671340237 -109.1024580092 511.7854600434
54.0000000000 1.0000000000 -283.1505520131 38.7937130018 520.2327740241
55.0000000000 1.0000000000 364.1785280909 -190.4986590475 428.2587851069
56.0000000000 1.0000000000 364.4939272818 -13.8328740107 468.2671833621
57.0000000000 1.0000000000 344.8785240249 -134.5543640097 463.9776430335
58.0000000000 1.0000000000 342.0349301108 214.5075220695 435.1091311410
59.0000000000 1.0000000000 305.2303721885 -232.4000231435 452.9304312796
60.0000000000 1.0000000000 288.6523299844 -279.6789659849 436.7846549763
61.0000000000 1.0000000000 326.2206060110 45.7830870015 493.7664950166
62.0000000000 1.0000000000 243.2051091498 -361.1202162224 403.4411862484
63.0000000000 1.0000000000 276.8586282090 -158.7377131198 500.4727413778
64.0000000000 1.0000000000 279.9815422766 -83.4410280824 516.6906785104
65.0000000000 1.0000000000 295.3262981098 171.2986180637 485.5517351805
66.0000000000 1.0000000000 269.4053781390 263.3806501359 458.6640402367
67.0000000000 1.0000000000 160.7497050522 -428.8324431393 377.6024291227
68.0000000000 1.0000000000 163.1352979707 -402.8130269276 404.2893349273
69.0000000000 1.0000000000 239.5810271205 140.3908790706 524.6071472638
70.0000000000 1.0000000000 117.8524131229 -393.2612824100 428.6930124470
71.0000000000 1.0000000000 166.0935751832 322.3282913555 469.9348075183
72.0000000000 1.0000000000 60.3694860339 -439.5277262466 394.3250302213
73.0000000000 1.0000000000 -37.8611470116 -442.3393151354 393.9845051206
74.0000000000 1.0000000000 -19.6831180118 -394.7209062370 442.8648862659
75.0000000000 1.0000000000 -169.5623161672 -397.7025213921 406.6972484010
76.0000000000 1.0000000000 -172.6172911440 138.7759191157 550.6957794593
77.0000000000 1.0000000000 -206.9890090834 205.2900660827 517.0424212083
78.0000000000 1.0000000000 -253.5214382537 -198.6973791989 498.5655004990
79.0000000000 1.0000000000 -234.7118951789 -110.5253440842 533.8687114068
80.0000000000 1.0000000000 -237.5126682375 37.9208670379 542.6518835426
81.0000000000 1.0000000000 -339.5566737875 -164.4839138971 458.2222537132
82.0000000000 1.0000000000 -314.3855912220 -60.4090430427 499.8337463529
83.0000000000 1.0000000000 403.2546334210 -3.5732090037 435.5390444547
84.0000000000 1.0000000000 342.3101510624 -71.1789990130 479.6651300874
85.0000000000 1.0000000000 256.3294978985 -307.1835958784 438.4686458264
86.0000000000 1.0000000000 263.2657259590 -190.1562179704 496.8431309227
87.0000000000 1.0000000000 277.5856280832 32.4802040097 523.6531121570
88.0000000000 1.0000000000 233.7284621246 -197.4317321053 508.6384212713
89.0000000000 1.0000000000 251.6510321464 -37.5096640218 536.2705563120
90.0000000000 1.0000000000 190.8526138793 -308.4329838049 469.8571067029
91.0000000000 1.0000000000 179.2239339430 -274.9148489126 494.5926948428
92.0000000000 1.0000000000 227.3000762164 101.5116860966 538.8426295129
93.0000000000 1.0000000000 113.0790121057 -362.7229333390 456.0334824262
94.0000000000 1.0000000000 153.9539310349 -159.2730810361 550.6828481247
95.0000000000 1.0000000000 185.4105471030 -28.1747190156 563.1611143127
96.0000000000 1.0000000000 167.1565979516 -41.1718019881 568.0535898354
97.0000000000 1.0000000000 141.6115989176 -132.8738209227 560.9028696735
98.0000000000 1.0000000000 172.7750710989 83.6032170478 561.6766003214
99.0000000000 1.0000000000 80.2135459878 -417.1388309364 414.5869139368
100.0000000000 1.0000000000 76.1489130283 -352.7469291313 471.2666691754
101.0000000000 1.0000000000 98.9922341090 -285.3139983141 510.9968555625
102.0000000000 1.0000000000 75.4950370804 -273.1758682908 521.5330965551
103.0000000000 1.0000000000 84.3856600140 -195.6049930324 554.0208240918
104.0000000000 1.0000000000 65.8167860566 -225.9318331943 544.9259434686
105.0000000000 1.0000000000 82.1726129987 -145.5778719977 569.5402279911
106.0000000000 1.0000000000 104.3470940852 124.5736351017 570.8891484659
107.0000000000 1.0000000000 16.8322460068 -363.1195841457 469.2357291882
108.0000000000 1.0000000000 17.6040580029 -388.6503740634 448.2882000731
109.0000000000 1.0000000000 59.5765680166 -18.1436770050 590.2904081642
110.0000000000 1.0000000000 21.8792609957 -100.7899089804 584.5374398861
111.0000000000 1.0000000000 35.0658329901 25.1771429929 591.9947848334
112.0000000000 1.0000000000 -28.0971989886 -306.3660438762 507.6137517948
113.0000000000 1.0000000000 -39.2236469947 -215.2586379711 551.7667539258
114.0000000000 1.0000000000 -31.2693070006 -113.2051470021 581.8317210109
115.0000000000 1.0000000000 -75.2564809953 -284.6114849824 515.4164249681
116.0000000000 1.0000000000 -62.7430719773 -172.9406409373 564.3369277954
117.0000000000 1.0000000000 -23.8663749898 220.6329949059 550.5204847653
118.0000000000 1.0000000000 -82.9439000609 -254.3195531868 529.8709283893
119.0000000000 1.0000000000 -116.1182459887 -371.8799739639 447.8204599565
120.0000000000 1.0000000000 -62.4465440673 -88.6685970956 583.5748756293
121.0000000000 1.0000000000 -49.9132970174 28.3982240099 590.7821342056
122.0000000000 1.0000000000 -128.4575800055 -311.6653510133 488.5536670208
123.0000000000 1.0000000000 -82.5965330900 -26.9411630293 587.1740056395
124.0000000000 1.0000000000 -110.3391809724 -169.3737089577 558.0852428606
125.0000000000 1.0000000000 -140.0005131248 -208.3753991858 537.8669684796
126.0000000000 1.0000000000 -122.0773050738 -113.4239550686 569.6959403446
127.0000000000 1.0000000000 -102.3855090056 132.0122340072 569.5711580309
128.0000000000 1.0000000000 -177.8095669697 -209.5134989644 526.1265799105
129.0000000000 1.0000000000 -158.8457382122 -68.2974610912 567.8246337584
130.0000000000 1.0000000000 -221.0009790784 -272.8738860968 478.5600651698
131.0000000000 1.0000000000 -216.5530171265 -246.7190241442 494.5258742890
132.0000000000 1.0000000000 -219.6428510434 -176.9376990350 522.2752101032
133.0000000000 1.0000000000 -198.2898802204 -64.3581750715 555.7521706176
