0.0000000000 671.7635446232 234.6639030000 679.1180743410 213.6084083643
1.0000000000 5278.3527176870 297.2270240000 5164.6375779061 324.5991097451
2.0000000000 6734.8932638196 315.4886260000 6509.8633668206 327.1438506538
3.0000000000 14064.7994871369 397.5465540000 13525.5535691641 435.5629711189
4.0000000000 2764.8662094361 200.3585420000 2592.5793881171 220.4479646572
5.0000000000 2087.8038498914 155.3771710000 1961.3766506490 180.8900577128
6.0000000000 7989.9863686799 305.1261410000 7687.4386558859 344.3953584899
7.0000000000 14547.9961345985 390.1086900000 14106.3399565309 456.9992087939
8.0000000000 5126.8197764024 256.4118090000 5097.0440012136 282.7755034923
9.0000000000 5766.4812375592 284.6308000000 5456.9824186431 306.6799825518
10.0000000000 6703.0469819369 274.5877020000 6738.5332607152 335.8717322034
11.0000000000 8055.6934713216 294.1473610000 8012.7837090033 346.4764132686
12.0000000000 11474.3387285537 367.0015520000 11141.5216265690 394.1764408980
13.0000000000 5519.7750362575 223.1692230000 5711.8636329374 304.5891027186
14.0000000000 7603.8634165133 274.4010652515 7450.1501501240 332.0454582953
15.0000000000 12208.1749125062 336.1474770000 12116.1695506437 413.2528424882
16.0000000000 3138.6096954701 240.2420980000 2829.2284163834 273.4110146178
17.0000000000 11720.9969291278 395.0876750000 11817.6457901226 414.7527653347
18.0000000000 7637.4667248187 302.7175060000 7540.2278573705 352.8513829688
19.0000000000 11891.1449641051 354.0647120000 11929.1621654988 423.0195829761
20.0000000000 19920.5900157262 449.4589730000 19551.6453301515 519.5150400765
21.0000000000 5380.7199180239 251.3252060000 5407.2514297581 297.9932313897
22.0000000000 11068.0003362395 454.1412851111 11672.4974738387 419.1677610888
23.0000000000 8719.0380968909 303.9134660000 8593.8114277216 350.7944146292
24.0000000000 15902.3392448296 392.8691610000 16512.2106040396 487.5388984826
25.0000000000 7399.6847328435 342.8877690000 7930.7322473179 354.0667165014
26.0000000000 4692.1807086757 267.7881020000 4558.4381776029 283.8799694477
27.0000000000 6005.5587296642 328.8084040000 6070.5273391159 303.9328214499
28.0000000000 19742.3545532994 456.0673900000 19462.4817224353 522.0489601132
29.0000000000 6414.5040342580 260.4519341960 5981.8851037870 302.6145462929
30.0000000000 16348.1804821290 488.1351010796 16917.0591574915 504.0953968062
31.0000000000 2933.9935673054 201.6600356760 2974.3454824519 229.9158636098
32.0000000000 12881.3550264100 426.7706821711 12748.4373503521 436.3303742800
33.0000000000 10378.3885257789 328.3390540000 10039.0088822125 370.2396708134
34.0000000000 6837.6005649418 338.0550140000 6745.8891600820 342.7729274485
35.0000000000 6122.0974649172 275.6302800000 6072.1021708563 314.0684642375
36.0000000000 8362.6202247848 349.9596260000 8318.8645405884 362.1611145047
37.0000000000 11651.4218088523 409.5403240000 11891.3796881838 426.9097166457
38.0000000000 14260.1791529091 399.5471790000 13592.7821843188 435.4704290226
39.0000000000 8235.2294718599 335.4136850000 7928.5995084798 370.5173149195
40.0000000000 26657.0284849716 568.2146840000 26722.1561036982 614.2893263923
41.0000000000 7245.6584646875 282.3745800000 7130.3507143184 332.2234891621
42.0000000000 13136.2635689882 369.7756230000 12398.4605194252 423.9879050530
43.0000000000 8163.4134535941 313.4552420000 8447.8599481476 351.5748656312
44.0000000000 14828.7740092087 413.1970710000 14545.2268266653 448.3093393876
45.0000000000 7760.8003194252 305.0906300000 7658.0327863623 377.7462803913
46.0000000000 8323.8746159091 336.9673130000 8060.4632888573 357.3625559445
47.0000000000 5543.7210342759 263.2489340000 5564.5692237078 286.2980900243
48.0000000000 5468.0683065786 280.8303680000 5147.4203885449 277.1289728664
49.0000000000 15211.8012051036 436.8779980000 15158.7471718811 478.2908390800
50.0000000000 11403.4699570529 379.4028960000 11256.6777584396 402.9761791531
51.0000000000 16502.3612397421 450.4003210000 15632.1454701393 482.3721788362
52.0000000000 14650.0384119520 406.2310230000 14663.4286457853 481.6752014325
53.0000000000 4712.0141205506 257.1958200000 4599.7410510242 276.7224505669
54.0000000000 27730.3113456899 552.3375620000 27694.0779445940 621.8065630804
55.0000000000 4367.8682507733 285.0614440000 4679.7779648287 312.5866020211
56.0000000000 14155.8253216096 407.5086700000 13751.6716255414 431.2653926596
57.0000000000 3292.9783897953 222.0641250000 3102.0199831337 224.8213643283
58.0000000000 -34498.0501964880 325.1446450000 -33580.4740743621 1975.3955229885
59.0000000000 2459.7204700268 189.6996620000 2621.4166577484 210.5763720157
60.0000000000 15500.5719756481 442.1747770000 15118.9794441514 486.8381252262
61.0000000000 6596.7798463495 283.7693880000 6410.1319289320 309.5354635032
62.0000000000 -15093.1899930297 259.4088370000 -16325.3166715865 1952.7986409746
63.0000000000 11934.5281983812 375.7825250000 11933.7836417460 431.3408912321
64.0000000000 19909.6763014167 188.1723710000 19980.4722566293 1882.8534239973
65.0000000000 45969.3705899201 376.2258290000 45792.0148824742 2165.1817894765
66.0000000000 1671.9606536399 320.7944660000 1140.6792261381 331.2830800391
67.0000000000 2593.7019408817 348.4334790000 2581.0617587677 505.3014896269
