0.0000000000 1.0000000000 330.1277302594 151.2311391188 469.5382313690
1.0000000000 1.0000000000 419.1276589487 -420.3014774501 0.0000000000
2.0000000000 1.0000000000 419.1276589487 -420.3014774501 0.0000000000
3.0000000000 1.0000000000 -287.4038159596 208.2713049707 475.7556479331
4.0000000000 1.0000000000 -292.1648520815 51.0298540142 514.1565711435
5.0000000000 1.0000000000 -297.8955421492 16.8026210084 513.1249792570
6.0000000000 1.0000000000 -289.3651929764 186.6811079848 483.4658989606
7.0000000000 1.0000000000 451.7357330453 87.4077500088 374.9880520376
8.0000000000 1.0000000000 449.7914013284 53.0323620387 383.6620782801
9.0000000000 1.0000000000 434.5558782942 -76.9225960521 396.9451212688
10.0000000000 1.0000000000 419.7066971330 -131.1593860416 398.7039381264
11.0000000000 1.0000000000 423.5899123139 188.0093761393 370.8711192748
12.0000000000 1.0000000000 391.9635639705 -208.7010179843 393.8651749704
13.0000000000 1.0000000000 422.8030130976 164.4881840380 382.7565490884
14.0000000000 1.0000000000 419.7817283660 49.4343340431 416.7263773633
15.0000000000 1.0000000000 398.1448934882 171.2118342099 405.5717914973
16.0000000000 1.0000000000 390.1763684251 229.6034332501 383.8827834182
17.0000000000 1.0000000000 395.8961299552 121.6640279862 425.1887169519
18.0000000000 1.0000000000 388.2699831922 200.3319020992 401.7895911989
19.0000000000 1.0000000000 347.4282681578 -287.4499581306 385.9889201753
20.0000000000 1.0000000000 372.5721930004 -161.1590160002 433.0578010004
21.0000000000 1.0000000000 341.7618121443 154.4626380652 460.0668251943
22.0000000000 1.0000000000 265.7648140177 -371.1737160247 379.3685050253
23.0000000000 1.0000000000 317.9524450291 305.2331840279 397.5679470364
24.0000000000 1.0000000000 313.6328242872 258.9937132372 432.2939213959
25.0000000000 1.0000000000 265.2399312357 236.6458242103 475.3607674224
26.0000000000 1.0000000000 219.3171651052 362.6079091740 415.6161831994
27.0000000000 1.0000000000 225.5145151918 316.7987532694 448.4451803814
28.0000000000 1.0000000000 213.1057499526 228.3974149492 504.7196118878
29.0000000000 1.0000000000 165.8992891496 261.8294552361 506.2055794566
30.0000000000 1.0000000000 140.8264899732 388.1029259262 426.4567329189
31.0000000000 1.0000000000 133.1505739760 344.2762329380 464.8291369164
32.0000000000 1.0000000000 116.7034251022 246.9347832162 526.9960624615
33.0000000000 1.0000000000 101.2842230551 142.6810870777 567.1903913088
34.0000000000 1.0000000000 83.8146200453 341.3090621846 478.3351962587
35.0000000000 1.0000000000 67.2224199999 266.7114429997 525.9918999994
36.0000000000 1.0000000000 52.5694590114 296.9853280644 511.2313501109
37.0000000000 1.0000000000 22.5677530096 380.1037711614 455.3384961933
38.0000000000 1.0000000000 16.7603570065 403.4098971571 435.0872001694
39.0000000000 1.0000000000 6.4471739969 214.6534338982 553.3567237377
40.0000000000 1.0000000000 -24.1403309928 304.9798849086 508.6510008476
41.0000000000 1.0000000000 -35.3566470124 322.6965111132 496.9287631743
42.0000000000 1.0000000000 -53.2548940205 255.5647930982 533.0777422048
43.0000000000 1.0000000000 -91.7064060891 390.2006383790 437.7838774252
44.0000000000 1.0000000000 -95.3987189999 346.2807499995 472.5569309993
45.0000000000 1.0000000000 -178.0779529701 310.4655229478 473.5195119204
46.0000000000 1.0000000000 -187.1927511503 235.1999131888 511.8214544109
47.0000000000 1.0000000000 -203.1554502253 328.1957503639 450.9287515000
48.0000000000 1.0000000000 -204.2712431475 267.1893591929 489.0853013531
49.0000000000 1.0000000000 -279.3738120717 -296.2027710760 431.8975781108
50.0000000000 1.0000000000 -246.4405869196 274.4381709105 465.0505928483
51.0000000000 1.0000000000 -318.3972950699 -247.9622680544 435.2691150955
52.0000000000 1.0000000000 -276.1339062397 198.1134081720 486.6440894225
53.0000000000 1.0000000000 -277.5465201812 -108.8195920710 513.2714213351
54.0000000000 1.0000000000 -283.8126532470 39.1567620341 519.8446424524
55.0000000000 1.0000000000 369.3206271496 -189.5430810768 424.2605581719
56.0000000000 1.0000000000 364.6605161482 -13.5080160055 468.1469511902
57.0000000000 1.0000000000 348.1810633915 -134.8309391516 461.4237655189
58.0000000000 1.0000000000 342.6206181011 217.1970910641 433.3103531279
59.0000000000 1.0000000000 306.7862909099 -230.9875109322 452.6016658671
60.0000000000 1.0000000000 289.8951710215 -279.9553790207 435.7833200323
61.0000000000 1.0000000000 327.6009979335 42.5572009914 493.1407478999
62.0000000000 1.0000000000 244.1462620771 -363.3517601147 400.8608581265
63.0000000000 1.0000000000 277.4676039886 -160.4095929934 499.6016589795
64.0000000000 1.0000000000 282.6210990603 -82.4018020176 515.4188431099
65.0000000000 1.0000000000 295.4386700714 170.2969820412 485.8356271175
66.0000000000 1.0000000000 270.5623540280 261.7215540271 458.9326390475
67.0000000000 1.0000000000 158.4869080783 -428.2988212117 379.1613721874
68.0000000000 1.0000000000 166.2680600715 -405.7331061746 400.0711251722
69.0000000000 1.0000000000 241.0251952687 142.4948811588 523.3769105834
70.0000000000 1.0000000000 114.9672481172 -391.7490613994 430.8555804392
71.0000000000 1.0000000000 167.2708811736 319.6332073317 471.3559074891
72.0000000000 1.0000000000 56.4793119998 -440.1818409986 394.1717399988
73.0000000000 1.0000000000 -40.3118609914 -440.6320099064 395.6509979159
74.0000000000 1.0000000000 -18.7059930022 -395.4586700474 442.2486320530
75.0000000000 1.0000000000 -168.8487329675 -396.5137829238 408.1522409215
76.0000000000 1.0000000000 -176.4393511084 139.6186920858 549.2696083375
77.0000000000 1.0000000000 -203.0127230756 199.8578330745 520.7341041940
78.0000000000 1.0000000000 -257.9845282156 -198.2832111657 496.4363784149
79.0000000000 1.0000000000 -234.8838110044 -111.1630700021 533.6606540100
80.0000000000 1.0000000000 -238.9180951542 39.4664950255 541.9242253497
81.0000000000 1.0000000000 -339.1276172873 -165.9094061406 458.0260413881
82.0000000000 1.0000000000 -311.5169453717 -58.0569400693 501.9042845988
83.0000000000 1.0000000000 402.4925563396 -4.0671880034 436.2390703680
84.0000000000 1.0000000000 343.3998262383 -68.8852040478 479.2209453325
85.0000000000 1.0000000000 257.9639351462 -306.6264561738 437.8997042482
86.0000000000 1.0000000000 263.7014429819 -186.2748169872 498.0808849657
87.0000000000 1.0000000000 279.1422149075 31.3340849896 522.8949468268
88.0000000000 1.0000000000 234.5357431061 -197.3343370893 508.3045062300
89.0000000000 1.0000000000 253.1790739294 -38.9320779891 535.4493218506
90.0000000000 1.0000000000 194.0543950276 -307.6534400437 469.0560510667
91.0000000000 1.0000000000 182.7933020061 -277.6376320093 491.7573390164
92.0000000000 1.0000000000 230.3144609568 103.4681929806 537.1879638991
93.0000000000 1.0000000000 117.7633950459 -363.1664721417 454.4922691773
94.0000000000 1.0000000000 154.0157190972 -159.0033941004 550.7435023476
95.0000000000 1.0000000000 184.7790801124 -27.5622760168 563.3989163427
96.0000000000 1.0000000000 167.3790289620 -40.9252039907 568.0059108712
97.0000000000 1.0000000000 142.8288259931 -129.7903149937 561.3160669728
98.0000000000 1.0000000000 171.7284490463 86.0263720232 561.6316671514
99.0000000000 1.0000000000 73.7580110502 -416.6661592837 416.2576052834
100.0000000000 1.0000000000 73.2017170439 -354.9965522129 470.0428522819
101.0000000000 1.0000000000 97.0150520250 -286.5176370737 510.7025061314
102.0000000000 1.0000000000 71.0496990426 -273.8026641643 521.8288683132
103.0000000000 1.0000000000 81.9753120172 -195.0051950408 554.5938591161
104.0000000000 1.0000000000 62.9256500345 -222.6530751221 546.6143952998
105.0000000000 1.0000000000 81.3895940956 -144.8320421702 569.8427326696
106.0000000000 1.0000000000 104.9157379733 127.2296329676 570.1987678547
107.0000000000 1.0000000000 15.6766370154 -363.4304343560 469.0350614594
108.0000000000 1.0000000000 8.4474040026 -384.3484161164 452.2457991369
109.0000000000 1.0000000000 62.0201800090 -18.2466280026 590.0354940855
110.0000000000 1.0000000000 19.6033980037 -100.1180640188 584.7336201095
111.0000000000 1.0000000000 33.5843059927 25.1977279946 592.0798048722
112.0000000000 1.0000000000 -29.8519760035 -305.6915660363 507.9201240604
113.0000000000 1.0000000000 -39.7300730178 -211.7795810948 553.0752722477
114.0000000000 1.0000000000 -30.4478420106 -113.6436700395 581.7898002023
115.0000000000 1.0000000000 -81.2077810884 -284.0261883091 514.8356505603
116.0000000000 1.0000000000 -61.8810440755 -172.4762482105 564.5741816891
117.0000000000 1.0000000000 -33.3635020314 213.1222392005 552.9802115202
118.0000000000 1.0000000000 -87.5509450081 -250.3770590232 531.0061080493
119.0000000000 1.0000000000 -110.5071170169 -369.7768960565 450.9706760689
120.0000000000 1.0000000000 -63.3924830470 -89.4570610663 583.3525124323
121.0000000000 1.0000000000 -50.8259940151 26.7325960079 590.7820351751
122.0000000000 1.0000000000 -126.1780200687 -311.2582771694 489.4064962663
123.0000000000 1.0000000000 -81.2784009894 -29.6622039961 587.2267889234
124.0000000000 1.0000000000 -113.2686470987 -165.2564791439 558.7323474867
125.0000000000 1.0000000000 -139.9982110009 -207.7255050013 538.1188920035
126.0000000000 1.0000000000 -119.7006830533 -115.0702740512 569.8700772535
127.0000000000 1.0000000000 -102.7323690212 134.1551090277 569.0077271177
128.0000000000 1.0000000000 -181.9762460805 -207.7946220920 525.3830672325
129.0000000000 1.0000000000 -159.8280060133 -70.1252390058 567.3259960470
130.0000000000 1.0000000000 -221.3404009644 -272.3473959562 478.7030909231
131.0000000000 1.0000000000 -217.7853792828 -246.9801303207 493.8538956412
132.0000000000 1.0000000000 -221.4006610096 -176.5727940077 521.6561340226
133.0000000000 1.0000000000 -195.0374811116 -64.5120280369 556.8841043186
