0.0000000000 1189.2396611424 234.6639030000 1242.3860166006 241.6273061511
1.0000000000 4024.0281688015 297.2270240000 3799.0699678635 291.8062272301
2.0000000000 5849.4983840327 315.4886260000 5673.4453808216 302.8501763517
3.0000000000 11011.0266439302 397.5465540000 10927.9531105440 399.3794353339
4.0000000000 2117.6917500595 200.3585420000 2173.8734679388 203.5765102488
5.0000000000 1719.1718681469 155.3771710000 1986.2960208821 177.3221944914
6.0000000000 5911.0841154697 305.1261410000 5948.5042621985 310.8112331289
7.0000000000 10345.0251333410 390.1086900000 10317.4306253578 396.1841256726
8.0000000000 4606.0287404789 256.4118090000 4750.3863006314 268.3493209556
9.0000000000 4859.3588012867 284.6308000000 5053.1065851621 295.7327405160
10.0000000000 4242.7639039014 274.5877020000 3950.5853461846 273.0075670463
11.0000000000 6040.7845391207 294.1473610000 5966.2317864881 294.2197381452
12.0000000000 9799.3657216773 367.0015520000 10006.9353665547 375.4206600667
13.0000000000 3106.4660087479 223.1692230000 2958.3993784120 219.3190734864
14.0000000000 6868.0204577040 317.8460880000 6670.9807136805 318.0207386940
15.0000000000 8266.1154907927 336.1474770000 8367.4483139638 345.5496759295
16.0000000000 2506.9241541723 240.2420980000 2413.3397313500 243.6066572114
17.0000000000 10586.6684400167 395.0876750000 10467.3458236298 393.1588166671
18.0000000000 6212.0168776294 302.7175060000 6182.3367731754 316.8906005572
19.0000000000 8020.5366611140 343.5553540490 7751.5243585682 352.5348970836
20.0000000000 15022.2681629753 449.4589730000 15211.7298460630 454.4462004205
21.0000000000 4166.1573535312 251.3252060000 4280.9632839860 263.8300609095
22.0000000000 13456.5147986092 453.4223750000 13136.0306693859 452.0528599787
23.0000000000 6511.8472910610 303.9134660000 6296.1557261716 301.8923666859
24.0000000000 10833.0596207797 392.8691610000 11280.8603031793 413.1007018043
25.0000000000 7702.7724010634 342.8877690000 7784.6051544247 346.7370903858
26.0000000000 4024.0599574696 267.7881020000 4048.1418433453 267.9843006798
27.0000000000 7243.1706505640 328.8084040000 7340.9573483178 329.8032293024
28.0000000000 14734.9498024397 422.2519579030 14421.1371314190 447.0004153167
29.0000000000 8603.2339723601 358.7815600000 8610.7128924501 364.9570406775
30.0000000000 15115.7504310811 482.9105670000 15441.8586423192 493.6669156418
31.0000000000 3363.5241535630 237.0329580000 3337.5851439953 238.3215858222
32.0000000000 10956.8392936729 403.1799770000 10505.1580919087 397.8902594681
33.0000000000 8135.2653460371 328.3390540000 8045.0282141774 330.7484758947
34.0000000000 6696.8794334206 338.0550140000 6383.9602186284 330.3852701345
35.0000000000 4358.1191856234 275.6302800000 4401.5702949653 279.7328013968
36.0000000000 6906.2388837332 349.9596260000 6840.1495716955 344.6072960632
37.0000000000 9763.3169492764 409.5403240000 9699.0784775091 401.4412913346
38.0000000000 11422.0876799131 399.5471790000 11192.5889065543 399.1649252877
39.0000000000 6108.1781754962 335.4136850000 5631.8315556597 316.5350447171
40.0000000000 22859.4355607297 568.2146840000 23032.2696086706 574.9662421020
41.0000000000 5221.8910150363 282.3745800000 4995.8043322285 281.0819891063
42.0000000000 10039.6229193250 369.7756230000 10250.7588677808 378.9441505592
43.0000000000 6552.7227253088 313.4552420000 6756.0889231036 312.5869487722
44.0000000000 12396.4430269908 413.1970710000 12367.3278631179 413.0967100515
45.0000000000 5143.7249003166 305.0906300000 4810.1197095671 299.9932246614
46.0000000000 7418.9358524547 336.9673130000 7414.2978392237 340.7989257493
47.0000000000 4678.8200968478 263.2489340000 4847.8166891645 271.4282310717
48.0000000000 5281.2986811967 280.8303680000 5320.9858482560 282.3386600508
49.0000000000 12888.7577300525 436.8779980000 12710.8495504526 438.9061932520
50.0000000000 9766.3573681934 379.4028960000 9473.5877898649 374.2432049901
51.0000000000 13320.0432708166 450.4003210000 12625.4407086314 440.7599891123
52.0000000000 9966.9117243247 406.2310230000 9787.2370364871 404.6615403612
53.0000000000 4169.3979145641 257.1958200000 4270.4529976114 265.6118998175
54.0000000000 22056.8395225977 552.3375620000 21976.6329655007 553.4737171716
55.0000000000 3528.4878426724 285.0614440000 3558.5047268189 283.5249252728
56.0000000000 12428.9290803776 407.5086700000 12517.7311586361 415.3787311885
57.0000000000 3067.5262334581 222.0641250000 3061.1558967366 226.8286717248
58.0000000000 7140.5799364128 325.1446450000 7042.1835323497 327.2719896257
59.0000000000 1929.2851613738 189.6996620000 1687.6169073185 180.1314787302
60.0000000000 13623.8194070584 442.1747770000 13236.9534665080 439.9756850847
61.0000000000 5439.8747390743 283.7693880000 5103.1800146740 278.9650928146
62.0000000000 4431.2166296824 259.4088370000 4335.8098145848 256.6881795155
63.0000000000 9965.9904439535 375.7825250000 9734.5083225073 371.9980926709
64.0000000000 1737.2753965762 188.1723710000 1759.0505490667 193.3253709437
65.0000000000 8783.7718813668 376.2258290000 8660.1318049255 379.5947775265
66.0000000000 4982.2203163898 320.7944660000 4838.8940473915 315.0556350145
67.0000000000 7705.9821437353 348.4334790000 7445.2562417855 342.4821298972
