0.0000000000 1.0000000000 323.2206220875 141.7933180384 477.2257441291
1.0000000000 1.0000000000 -244.1227821246 -163.6657160836 515.6926672633
2.0000000000 1.0000000000 -245.6318969123 -161.4395559423 515.6777748158
3.0000000000 1.0000000000 -247.5728611270 188.5887210967 505.4337732592
4.0000000000 1.0000000000 -265.8994132619 72.8405420718 525.6549095178
5.0000000000 1.0000000000 -274.2475731490 -37.5049950204 525.0742522853
6.0000000000 1.0000000000 -308.2421848517 76.8249819630 501.4040327588
7.0000000000 1.0000000000 439.7732110410 81.1883550076 390.2938640364
8.0000000000 1.0000000000 428.4908702307 58.0497040312 406.6289862189
9.0000000000 1.0000000000 420.6783753682 -64.2650270562 413.7886383622
10.0000000000 1.0000000000 405.2521919369 -109.3539219830 419.6828649347
11.0000000000 1.0000000000 413.5398277517 193.3979248839 379.3459897722
12.0000000000 1.0000000000 385.3309041697 -180.2308530794 413.9544181823
13.0000000000 1.0000000000 406.8077432051 165.8598420836 399.1482172012
14.0000000000 1.0000000000 403.5324185982 51.8087220768 432.2022326407
15.0000000000 1.0000000000 390.6093135248 163.5421132197 415.9322875588
16.0000000000 1.0000000000 380.4351595433 225.5023133220 395.9029205654
17.0000000000 1.0000000000 381.8530908911 122.7996729650 437.5268948752
18.0000000000 1.0000000000 376.3340461105 200.0581150587 413.1231811213
19.0000000000 1.0000000000 337.7957943246 -254.1254582442 416.6960274005
20.0000000000 1.0000000000 362.1554268748 -142.9213129506 448.0382478451
21.0000000000 1.0000000000 333.3068419683 151.7011569856 467.1344929556
22.0000000000 1.0000000000 262.7180303304 -330.1790174152 417.4714115250
23.0000000000 1.0000000000 304.0883720150 296.4160560146 414.7156980204
24.0000000000 1.0000000000 302.0955289725 249.1273669773 446.0887499594
25.0000000000 1.0000000000 260.6945520784 227.2055910683 482.4285401451
26.0000000000 1.0000000000 223.7354953263 346.6411865055 426.7360336223
27.0000000000 1.0000000000 230.7811599678 290.6065319594 463.2593509353
28.0000000000 1.0000000000 212.5287089001 219.4263028968 508.9253107607
29.0000000000 1.0000000000 168.1387250172 243.5845180249 514.5068300526
30.0000000000 1.0000000000 150.1605709929 370.0607859826 439.1220149794
31.0000000000 1.0000000000 134.9829449869 315.5462389694 484.2845259530
32.0000000000 1.0000000000 119.8091200181 224.2125030339 536.3728690811
33.0000000000 1.0000000000 113.4206610765 133.1026450898 567.2219723826
34.0000000000 1.0000000000 92.2696380791 312.2518322675 496.2926894252
35.0000000000 1.0000000000 81.9415150441 236.5134521272 538.2084182895
36.0000000000 1.0000000000 67.6387530507 270.2945972027 524.1060543930
37.0000000000 1.0000000000 42.6873939819 340.6772378553 484.1881167944
38.0000000000 1.0000000000 32.0127890101 366.9476381154 465.4524021464
39.0000000000 1.0000000000 26.0319900146 195.4028111097 559.8762393144
40.0000000000 1.0000000000 -2.0630930006 277.9398080760 524.4678571433
41.0000000000 1.0000000000 -10.0463300090 290.6029062607 517.4653114642
42.0000000000 1.0000000000 -26.4398930235 228.6305472030 547.1291724859
43.0000000000 1.0000000000 -73.3458079758 355.0682228831 469.9662498452
44.0000000000 1.0000000000 -71.0470630906 310.2763173959 501.0012456392
45.0000000000 1.0000000000 -145.2685330706 274.2061581333 505.9934412459
46.0000000000 1.0000000000 -147.1258909851 198.5003409798 539.6970569452
47.0000000000 1.0000000000 -166.6698750534 282.8402400907 494.5137791586
48.0000000000 1.0000000000 -162.6125130944 228.0143401324 523.3430593040
49.0000000000 1.0000000000 -225.5449492298 -275.6839152809 474.8148914839
50.0000000000 1.0000000000 -194.0619291807 222.7908202074 514.8063174793
51.0000000000 1.0000000000 -260.8015620775 -219.8588990653 485.7632511443
52.0000000000 1.0000000000 -224.0058259688 157.6014399780 526.5970969265
53.0000000000 1.0000000000 -235.7164960072 -98.7001240030 535.7399980163
54.0000000000 1.0000000000 -241.6412911356 18.9384650106 541.8229853041
55.0000000000 1.0000000000 356.2935459043 -164.7657479558 445.2285748804
56.0000000000 1.0000000000 361.1771473583 0.3404410003 471.0332034673
57.0000000000 1.0000000000 340.8809043905 -113.9283261305 472.3789495411
58.0000000000 1.0000000000 333.7591561210 212.0558100769 442.6719841605
59.0000000000 1.0000000000 310.4808931784 -202.6531721164 463.5241452663
60.0000000000 1.0000000000 289.9650318557 -253.4559618739 451.6654537753
61.0000000000 1.0000000000 328.7573341231 52.3276430196 491.4282851840
62.0000000000 1.0000000000 249.0434068113 -320.8775867569 432.8236156721
63.0000000000 1.0000000000 289.3953150696 -130.1096530313 501.6404651206
64.0000000000 1.0000000000 292.9223341814 -76.3338440473 510.5790603161
65.0000000000 1.0000000000 286.3814552384 169.3070151410 491.5710764092
66.0000000000 1.0000000000 261.4078460744 251.4410800716 469.8559861338
67.0000000000 1.0000000000 177.3910670590 -390.4581431298 410.3610291364
68.0000000000 1.0000000000 179.9867030081 -363.9497930163 432.9742040194
69.0000000000 1.0000000000 234.3265170908 146.2559280567 525.3775912036
70.0000000000 1.0000000000 149.0431451035 -354.6544142463 452.0262313139
71.0000000000 1.0000000000 168.9614550944 287.9734901610 490.7592302743
72.0000000000 1.0000000000 81.6449089887 -403.7579529440 427.3581059407
73.0000000000 1.0000000000 -18.9147549990 -406.2179239785 432.3777939771
74.0000000000 1.0000000000 -6.2811540031 -368.3814081809 465.3783532285
75.0000000000 1.0000000000 -124.0132390547 -373.6880861648 444.1838101959
76.0000000000 1.0000000000 -138.1784470748 112.5224220609 566.1861423066
77.0000000000 1.0000000000 -165.7623849963 165.1628909963 545.4955339878
78.0000000000 1.0000000000 -207.6342140713 -180.9867330621 525.7881341805
79.0000000000 1.0000000000 -198.0088960499 -100.5112810253 550.4646091388
80.0000000000 1.0000000000 -197.3623930011 17.8801860001 559.5084550032
81.0000000000 1.0000000000 -295.5783241119 -159.8460800605 489.2892921852
82.0000000000 1.0000000000 -319.2213159824 -35.6144399980 499.1499669725
83.0000000000 1.0000000000 390.6269458873 10.2869379970 446.7953608711
84.0000000000 1.0000000000 338.8130499708 -66.3548399943 482.8292439584
85.0000000000 1.0000000000 269.2171719123 -273.0009689111 453.1157818524
86.0000000000 1.0000000000 271.9151868700 -161.9148139226 502.1623747599
87.0000000000 1.0000000000 283.6777929617 32.9027069956 520.3514659298
88.0000000000 1.0000000000 250.9224060038 -173.1961770026 509.2763070078
89.0000000000 1.0000000000 261.9947932090 -35.9922780287 531.3987304240
90.0000000000 1.0000000000 223.2950419941 -272.1401679928 477.9125229874
91.0000000000 1.0000000000 214.8494588642 -240.2149248482 498.4554406850
92.0000000000 1.0000000000 229.6591480578 121.9940180307 533.5686101343
93.0000000000 1.0000000000 151.9900430416 -324.3082730888 473.3333891296
94.0000000000 1.0000000000 179.6684341556 -147.4181981277 546.1762124731
95.0000000000 1.0000000000 194.6636430402 -35.0052540072 559.6445521157
96.0000000000 1.0000000000 184.9861049600 -41.5840099910 562.4697658784
97.0000000000 1.0000000000 164.1656320066 -113.2932060045 559.0488540223
98.0000000000 1.0000000000 172.4800220292 96.0167930163 559.7791920947
99.0000000000 1.0000000000 84.6232209714 -384.2516158701 444.4220208498
100.0000000000 1.0000000000 109.8238359559 -308.9814948758 494.7630618011
101.0000000000 1.0000000000 122.1750309876 -244.9011009752 526.7048879466
102.0000000000 1.0000000000 111.5577280102 -242.3839360222 530.2133790486
103.0000000000 1.0000000000 111.1053289888 -184.9351739814 552.9700839443
104.0000000000 1.0000000000 102.1540499918 -203.1860099837 548.2712119560
105.0000000000 1.0000000000 102.7025951072 -133.2593571391 569.2235475942
106.0000000000 1.0000000000 116.3057169719 127.8445049692 567.8468888630
107.0000000000 1.0000000000 29.5598379871 -329.0065858561 493.1553597843
108.0000000000 1.0000000000 11.6237160018 -361.1026850546 470.9469890712
109.0000000000 1.0000000000 80.6367920150 -18.4472050034 587.7743911091
110.0000000000 1.0000000000 53.0950059831 -101.1345769679 582.4723548150
111.0000000000 1.0000000000 53.8080950355 17.6598000117 590.8588213903
112.0000000000 1.0000000000 0.3020790001 -287.3505010910 519.3755141645
113.0000000000 1.0000000000 -2.3505220002 -204.7607840216 557.1255000588
114.0000000000 1.0000000000 3.5165610016 -109.5283600501 583.3630932670
115.0000000000 1.0000000000 -42.1020339848 -269.2826919029 527.2907898100
116.0000000000 1.0000000000 -20.5463000185 -172.6767771551 567.5226045097
117.0000000000 1.0000000000 -7.5791980010 198.9578290254 559.1776680714
118.0000000000 1.0000000000 -42.3163650479 -250.2321422834 536.5766736077
119.0000000000 1.0000000000 -88.3543380489 -347.7292281924 472.8627932617
120.0000000000 1.0000000000 -28.9467640074 -91.3222010235 585.7846591507
121.0000000000 1.0000000000 -25.0945330161 14.8620100095 592.8496533808
122.0000000000 1.0000000000 -97.7802659666 -296.7798788986 504.6603308276
123.0000000000 1.0000000000 -47.0162629915 -29.6652329947 590.9575038937
124.0000000000 1.0000000000 -75.9131870229 -172.3775170520 562.8894261696
125.0000000000 1.0000000000 -97.8815670374 -199.8361450764 550.2781482104
126.0000000000 1.0000000000 -82.7853820258 -113.0525730352 576.7902761798
127.0000000000 1.0000000000 -73.1325340016 111.2056790024 578.4516020124
128.0000000000 1.0000000000 -126.9654119235 -202.9596058777 543.1468576726
129.0000000000 1.0000000000 -120.5083791047 -69.3554250602 577.0518885012
130.0000000000 1.0000000000 -178.9434920566 -258.7355270819 503.3452891593
131.0000000000 1.0000000000 -174.6527291478 -234.6120331985 516.5026084370
132.0000000000 1.0000000000 -177.6780149868 -165.7353929877 541.5566719598
133.0000000000 1.0000000000 -162.1333940179 -63.9242140071 567.4044270627
