0.0000000000 726.2911531216 234.6639030000 849.6327855158 220.2218090895
1.0000000000 5241.9196568881 297.2270240000 5111.1941943366 328.2373204703
2.0000000000 6745.5200382732 315.4886260000 6796.2626564613 330.7825958279
3.0000000000 13843.7371764865 397.5465540000 13347.4815674073 431.9704497863
4.0000000000 2773.5558072533 200.3585420000 2892.9619285565 230.4616425347
5.0000000000 2099.9056524000 155.3771710000 2203.0211651975 190.3349382443
6.0000000000 7877.4566297622 305.1261410000 7641.2157533721 340.9903236415
7.0000000000 14385.8158286003 390.1086900000 13994.8651609229 459.3447216507
8.0000000000 5154.2278577295 256.4118090000 5132.4960765718 283.4881508315
9.0000000000 5661.0052695785 284.6308000000 5483.4564225099 305.2836201103
10.0000000000 6746.3566019867 274.5877020000 6720.4988246881 335.2759016473
11.0000000000 8059.1745956782 294.1473610000 7923.4328279734 341.9629864026
12.0000000000 11307.2806394460 367.0015520000 10821.5326290947 389.3187588244
13.0000000000 5571.8749080471 223.1692230000 5461.9143458371 296.9820593048
14.0000000000 7342.3117442987 268.3722333236 6507.4519604248 313.2187082860
15.0000000000 12151.6022852897 336.1474770000 11824.0047469292 406.6355175063
16.0000000000 3123.5997501591 240.2420980000 3288.6858028022 287.8861990865
17.0000000000 11824.0054340342 395.0876750000 11718.4725810476 413.1112346076
18.0000000000 7699.3628954655 302.7175060000 7795.5252128984 357.8083607804
19.0000000000 12030.5550067409 354.0647120000 12172.9483110184 428.6552928371
20.0000000000 19908.3759132732 449.4589730000 19759.8749691796 524.0982450794
21.0000000000 5311.0289624199 251.3252060000 4967.0743927946 285.9771782618
22.0000000000 11565.1745210965 455.5791053334 12094.7131256430 427.5122437724
23.0000000000 8652.7929644148 303.9134660000 8372.6414995534 347.7677397868
24.0000000000 16242.4864764291 392.8691610000 16396.2480543945 488.1496708121
25.0000000000 7851.2141687876 342.8877690000 8484.1605137163 364.8327832517
26.0000000000 4775.8498622857 267.7881020000 5012.1225938917 286.0502931997
27.0000000000 6055.1874032580 328.8084040000 5928.9414479255 299.3775731742
28.0000000000 19596.8817156060 456.0673900000 18967.0145142648 512.3903946923
29.0000000000 6311.1749796439 275.1096995041 6140.1877569714 305.6721910708
30.0000000000 16818.5792057168 490.2249147114 17257.9254572694 506.6667116537
31.0000000000 2954.2631419061 200.8177344003 2877.0587042974 225.1806588718
32.0000000000 12861.7818905553 428.5853517997 12595.6413706136 435.2408449056
33.0000000000 10391.8869776615 328.3390540000 10493.4327527214 377.8399847799
34.0000000000 6868.8527936963 338.0550140000 6839.8883454691 347.7757779773
35.0000000000 6143.0372706292 275.6302800000 6124.5990048764 312.8349497995
36.0000000000 8532.6147363591 349.9596260000 8865.7194580790 372.8245503619
37.0000000000 11817.3468285693 409.5403240000 11792.6542394566 423.8262748689
38.0000000000 14118.8301874772 399.5471790000 13960.0279017701 441.1173728802
39.0000000000 8132.5563031227 335.4136850000 7913.8913886429 369.2736941664
40.0000000000 26842.5208426752 568.2146840000 26654.4716494760 614.7420925263
41.0000000000 7069.0542400644 282.3745800000 6501.5032073888 317.4822987116
42.0000000000 12733.3608059849 369.7756230000 11908.9960159025 418.5680598780
43.0000000000 8388.8018637240 313.4552420000 8598.1799703691 353.3314599667
44.0000000000 14877.7118115977 413.1970710000 14903.1364106556 453.2047796019
45.0000000000 7837.0384319176 305.0906300000 8007.3158353858 383.0963442628
46.0000000000 8132.7679909456 336.9673130000 7583.2211101011 347.7523642205
47.0000000000 5527.5093300701 263.2489340000 5321.2068386507 281.4310290894
48.0000000000 5332.1252827500 280.8303680000 5057.0331675798 274.2947909330
49.0000000000 15339.4225392242 436.8779980000 15375.9209861920 482.2289398509
50.0000000000 11460.1567125152 379.4028960000 11461.0113042703 406.3155130975
51.0000000000 16217.0075596999 450.4003210000 15746.9727754678 481.8441361959
52.0000000000 15047.5016565715 406.2310230000 15915.0678929986 497.7675506112
53.0000000000 4630.0626113877 257.1958200000 4368.5131802548 270.0637441915
54.0000000000 27826.1560591518 552.3375620000 27476.7004474446 619.3854216711
55.0000000000 4464.0389880145 285.0614440000 4359.5790269529 310.8155449721
56.0000000000 14059.7692386829 407.5086700000 13778.2222283298 431.1272133443
57.0000000000 3228.5297719785 222.0641250000 3118.1401821004 226.4976064155
58.0000000000 -34594.2032364954 325.1446450000 -35911.7659589492 1951.7418765040
59.0000000000 2495.5578254337 189.6996620000 2395.4772306800 204.8150174568
60.0000000000 15552.0735289861 442.1747770000 15642.7134459321 493.9585720693
61.0000000000 6709.8280206866 283.7693880000 7043.4038554302 323.0228866616
62.0000000000 -15375.3990786663 259.4088370000 -15244.4432560117 1943.9171548813
63.0000000000 11939.6932795835 375.7825250000 11654.7526880357 428.2472595008
64.0000000000 19821.5730630626 188.1723710000 19447.2506600573 1884.3165442391
65.0000000000 46333.3491362763 376.2258290000 47308.4415985206 2173.2430967363
66.0000000000 1559.5784386531 320.7944660000 1562.1227439479 360.9683363026
67.0000000000 2718.6749477554 348.4334790000 2860.8236999765 509.3649109002
