0.0000000000 1.0000000000 329.3029121457 149.9884470664 470.5150202082
1.0000000000 1.0000000000 418.3241344323 -421.1012289153 0.0000000000
2.0000000000 1.0000000000 418.3241344323 -421.1012289153 0.0000000000
3.0000000000 1.0000000000 -293.2494001945 216.7537131438 468.3416953107
4.0000000000 1.0000000000 -293.4947041593 48.6979120264 513.6250562787
5.0000000000 1.0000000000 -297.5919778952 18.9182239933 513.2274758193
6.0000000000 1.0000000000 -290.0902740746 180.2881520464 485.4535421249
7.0000000000 1.0000000000 452.3047529223 84.6324699855 374.9387709356
8.0000000000 1.0000000000 449.3760522576 54.3625160312 383.9625072201
9.0000000000 1.0000000000 435.7923952320 -80.1277220427 394.9504562103
10.0000000000 1.0000000000 418.7047839872 -130.9154879960 399.8359229878
11.0000000000 1.0000000000 423.8916132181 187.5753880965 370.7461401908
12.0000000000 1.0000000000 393.5585470021 -211.8327150011 390.5891670021
13.0000000000 1.0000000000 421.3223722838 163.2931861100 384.8949472593
14.0000000000 1.0000000000 421.3242014200 48.1338060480 415.3196124140
15.0000000000 1.0000000000 394.1103243184 170.8362061380 409.6503013310
16.0000000000 1.0000000000 388.1518354903 230.5618502913 385.3579014868
17.0000000000 1.0000000000 391.0393193676 122.4409721151 429.4389194037
18.0000000000 1.0000000000 385.9422570712 199.4719130368 404.4513030746
19.0000000000 1.0000000000 348.0567404337 -286.6934403572 385.9853664809
20.0000000000 1.0000000000 372.5605740467 -159.3851090200 433.7237970544
21.0000000000 1.0000000000 335.4153512058 156.1539910958 464.1484672848
22.0000000000 1.0000000000 267.9752758466 -370.7917777878 378.1851867835
23.0000000000 1.0000000000 316.2478460718 302.9752350688 400.6427750909
24.0000000000 1.0000000000 313.3876138987 253.7471069180 435.5708158592
25.0000000000 1.0000000000 264.1963001514 234.0276071342 477.2344502736
26.0000000000 1.0000000000 220.1450350630 361.2685041034 416.3442781192
27.0000000000 1.0000000000 223.8343362249 315.5539333170 450.1613394523
28.0000000000 1.0000000000 214.8280918631 228.0540168547 504.1444066787
29.0000000000 1.0000000000 165.6607801819 259.0821292845 507.6950685574
30.0000000000 1.0000000000 143.3412420645 386.2800971738 427.2730991923
31.0000000000 1.0000000000 135.4625989852 341.4657389627 466.2320879491
32.0000000000 1.0000000000 117.0490690419 242.0404380866 529.1854761894
33.0000000000 1.0000000000 101.3601521262 143.2201201783 567.0409537058
34.0000000000 1.0000000000 79.0146810174 341.2276000750 479.2094861053
35.0000000000 1.0000000000 67.2154560490 265.6831311937 526.5129463838
36.0000000000 1.0000000000 50.5511600594 298.8300813509 510.3591765992
37.0000000000 1.0000000000 22.0547170258 380.3020004457 455.1980935334
38.0000000000 1.0000000000 15.9139679894 401.1007547323 437.2485067082
39.0000000000 1.0000000000 3.9955850002 214.9984220090 553.2459130231
40.0000000000 1.0000000000 -20.4280939973 307.4911339597 507.2999329335
41.0000000000 1.0000000000 -33.6080890126 322.8382321215 496.9580451870
42.0000000000 1.0000000000 -57.3349220193 255.0017110858 532.9241601794
43.0000000000 1.0000000000 -86.7930670046 388.2519390207 440.5096160235
44.0000000000 1.0000000000 -98.3975740466 348.2183211649 470.5138092228
45.0000000000 1.0000000000 -180.5069671581 310.3433962719 472.6791064141
46.0000000000 1.0000000000 -178.9188170570 238.7511540761 513.1347481635
47.0000000000 1.0000000000 -203.5005510973 330.2691011579 449.2562442148
48.0000000000 1.0000000000 -208.0654060304 270.0961660394 485.8787650709
49.0000000000 1.0000000000 -281.5306121777 -296.6939951873 430.1563832715
50.0000000000 1.0000000000 -245.6798113577 272.5903783969 466.5375036792
51.0000000000 1.0000000000 -315.4167762764 -255.1353102236 433.2892303797
52.0000000000 1.0000000000 -273.6158392232 196.2918671601 488.7997563988
53.0000000000 1.0000000000 -278.0589351829 -110.6578420728 512.6006213372
54.0000000000 1.0000000000 -285.8414680222 37.7516720029 518.8359980403
55.0000000000 1.0000000000 366.7274800484 -188.3706340249 427.0231680564
56.0000000000 1.0000000000 364.4681078637 -14.8031039945 468.2576138249
57.0000000000 1.0000000000 348.0449292057 -134.0393820792 461.7569682729
58.0000000000 1.0000000000 337.7949340559 216.7913710359 437.2841300723
59.0000000000 1.0000000000 308.1600779230 -231.7544869421 451.2743628872
60.0000000000 1.0000000000 293.2762731625 -278.5341411543 434.4296102407
61.0000000000 1.0000000000 328.5668800733 43.9719810098 492.3734321098
62.0000000000 1.0000000000 244.6006061825 -363.7562232714 400.2165412986
63.0000000000 1.0000000000 280.9376433018 -157.7569841695 498.5058685355
64.0000000000 1.0000000000 282.6815101937 -81.2263640557 515.5722723532
65.0000000000 1.0000000000 294.8746220119 172.2234630069 485.4990860195
66.0000000000 1.0000000000 269.9954140696 256.4978620661 462.2041211191
67.0000000000 1.0000000000 157.5756600050 -431.8824240136 375.4581330118
68.0000000000 1.0000000000 162.2557269195 -406.7616617983 400.6736278013
69.0000000000 1.0000000000 241.3904011056 144.7931160633 522.5772232286
70.0000000000 1.0000000000 117.6575771269 -393.2725234243 428.7362164626
71.0000000000 1.0000000000 167.2499880336 317.8745960640 472.5510650951
72.0000000000 1.0000000000 60.7610230082 -441.6534950594 391.8821440527
73.0000000000 1.0000000000 -40.7063880322 -439.5321933472 396.8321653134
74.0000000000 1.0000000000 -21.3900549965 -394.9372249347 442.5927929268
75.0000000000 1.0000000000 -171.7203111666 -404.2353563923 399.2834053875
76.0000000000 1.0000000000 -171.2238991593 139.8448871301 550.8603365126
77.0000000000 1.0000000000 -205.5380932069 200.7717392021 519.3901495227
78.0000000000 1.0000000000 -253.5484520618 -201.4718540491 497.4370321213
79.0000000000 1.0000000000 -235.5904531850 -113.6336980892 532.8281594184
80.0000000000 1.0000000000 -237.7285351227 36.1390850187 542.6789442801
81.0000000000 1.0000000000 -342.3418381751 -167.4965160857 455.0475902327
82.0000000000 1.0000000000 -316.4365243212 -66.5976630676 497.7489365052
83.0000000000 1.0000000000 403.9576511905 -5.4249530026 434.8679252051
84.0000000000 1.0000000000 343.9430408281 -70.2827619649 478.6280857608
85.0000000000 1.0000000000 261.1890341511 -306.0317611770 436.4013932524
86.0000000000 1.0000000000 265.7745950862 -188.1144010610 496.2843571610
87.0000000000 1.0000000000 282.3108521490 30.4223140161 521.2450402751
88.0000000000 1.0000000000 236.4674710458 -198.5604570384 506.9301790981
89.0000000000 1.0000000000 257.0032669387 -41.1040329902 533.4614378728
90.0000000000 1.0000000000 199.0532120755 -305.2736481157 468.5158961776
91.0000000000 1.0000000000 185.3801101935 -275.1012582872 492.2142205138
92.0000000000 1.0000000000 231.6177821879 106.1958980862 536.0941714350
93.0000000000 1.0000000000 116.1196660270 -364.3042430846 454.0043701055
94.0000000000 1.0000000000 156.2600000731 -158.9299970743 550.1321612573
95.0000000000 1.0000000000 185.9742809483 -25.1765679930 563.1172468433
96.0000000000 1.0000000000 168.6908331926 -41.1000090469 567.6050726480
97.0000000000 1.0000000000 143.7927450682 -133.0982470632 560.2944132659
98.0000000000 1.0000000000 173.8000889637 88.6395519815 560.5870898828
99.0000000000 1.0000000000 66.1787459973 -412.8801609829 421.2738689825
100.0000000000 1.0000000000 75.8920590606 -351.7439942808 472.0570773768
101.0000000000 1.0000000000 93.9681579754 -283.7326829257 512.8226558656
102.0000000000 1.0000000000 68.7584099444 -270.7967947811 523.7009675767
103.0000000000 1.0000000000 86.0966480771 -193.6425691734 554.4467954965
104.0000000000 1.0000000000 61.9228440796 -220.9925062841 547.4022287038
105.0000000000 1.0000000000 83.3773990282 -141.5747540479 570.3736711930
106.0000000000 1.0000000000 108.8306200789 125.3357070909 569.8843594132
107.0000000000 1.0000000000 9.8447200086 -364.9998093181 467.9738744078
108.0000000000 1.0000000000 7.0770619954 -385.4674127497 451.3159817070
109.0000000000 1.0000000000 60.0938800623 -19.5790990203 590.1920966119
110.0000000000 1.0000000000 21.8794670260 -100.0691801188 584.6612476944
111.0000000000 1.0000000000 33.0051950173 27.2076190143 592.0234193104
112.0000000000 1.0000000000 -34.8440320300 -307.4661782647 506.5291394360
113.0000000000 1.0000000000 -40.9209269753 -212.0892908720 552.8697286662
114.0000000000 1.0000000000 -30.2379650184 -115.6400740705 581.4072283547
115.0000000000 1.0000000000 -79.4051110655 -285.0319272352 514.5609344245
116.0000000000 1.0000000000 -64.4727950133 -172.1145970355 564.3944991166
117.0000000000 1.0000000000 -31.5885150419 215.1144352854 552.3126577328
118.0000000000 1.0000000000 -85.5430759791 -245.9789329400 533.3836078699
119.0000000000 1.0000000000 -114.1725950175 -369.7049100567 450.1157900690
120.0000000000 1.0000000000 -65.2800410367 -89.8026490505 583.0911823277
121.0000000000 1.0000000000 -50.7817300049 28.1965090027 590.7177830575
122.0000000000 1.0000000000 -127.5051799757 -312.4263529405 488.3170379070
123.0000000000 1.0000000000 -81.4860250244 -30.1831460090 587.1714671757
124.0000000000 1.0000000000 -111.6249420985 -164.7006281453 559.2270574933
125.0000000000 1.0000000000 -143.2377110522 -205.0983510747 538.2740481962
126.0000000000 1.0000000000 -120.5558879917 -113.6921849922 569.9663949609
127.0000000000 1.0000000000 -102.1292520828 131.5550951067 569.7229144620
128.0000000000 1.0000000000 -177.2502250619 -208.2421170727 526.8196131838
129.0000000000 1.0000000000 -158.4561221360 -70.6756140606 567.6424414870
130.0000000000 1.0000000000 -219.5781691729 -269.3726542121 481.1913623788
131.0000000000 1.0000000000 -221.0973420219 -248.7273040247 491.4997660488
132.0000000000 1.0000000000 -221.1790840163 -178.5399750132 521.0802400385
133.0000000000 1.0000000000 -199.3779341053 -64.1274590339 555.3894442932
