0.0000000000 754.5841673010 234.6639030000 694.6256956402 222.6138672186
1.0000000000 5314.4214541534 297.2270240000 5519.5336773172 331.0424286036
2.0000000000 6746.3827488930 315.4886260000 6528.3479527980 324.5981595493
3.0000000000 13750.3230373204 397.5465540000 13597.1264935260 436.9126437379
4.0000000000 2773.8674606387 200.3585420000 2605.7991631678 224.8965764557
5.0000000000 2227.6464379554 155.3771710000 2471.6947993248 203.3366624469
6.0000000000 7894.6157728353 305.1261410000 7984.6184557820 348.1330678089
7.0000000000 14440.8199441745 390.1086900000 14647.0473026527 467.7872695656
8.0000000000 5115.9098575013 256.4118090000 4880.8696576089 275.5555469946
9.0000000000 5721.4010425790 284.6308000000 5920.0653393523 311.1509082070
10.0000000000 6871.2577912299 274.5877020000 7138.7535426220 339.8181356008
11.0000000000 8042.9341298131 294.1473610000 7932.1012808163 344.7110844601
12.0000000000 11180.9929323158 367.0015520000 10953.2157326720 391.8716315886
13.0000000000 5529.2488224493 223.1692230000 5408.3171499537 295.6586886745
14.0000000000 6885.3428698719 262.7954090102 6077.7092051921 303.0649099019
15.0000000000 12055.5378760696 336.1474770000 11826.1559964826 407.2838990198
16.0000000000 3256.2481209903 240.2420980000 3430.1160359821 291.4315120757
17.0000000000 11660.2789153626 395.0876750000 10947.9815261341 403.1198716666
18.0000000000 7725.3082979509 302.7175060000 7539.6461795160 348.4806339012
19.0000000000 12123.9286377539 354.0647120000 12038.6949616463 426.6187536028
20.0000000000 19934.1272598906 449.4589730000 19695.5540245739 523.0443982578
21.0000000000 5151.6596992906 251.3252060000 4869.6359821100 283.6350320262
22.0000000000 11945.2860500842 457.0169255557 12194.8852404702 428.0205376610
23.0000000000 8581.1778638473 303.9134660000 8419.4710079894 349.4752556084
24.0000000000 16432.8199962174 392.8691610000 16552.2701619384 493.2346704024
25.0000000000 8288.4514978186 342.8877690000 8784.3104618597 369.2397729614
26.0000000000 5113.1364990808 267.7881020000 5777.1487536178 301.2949046626
27.0000000000 6124.3965775370 328.8084040000 6228.3766380501 306.9488312465
28.0000000000 19433.6777523469 456.0673900000 19059.6702763916 514.7398950525
29.0000000000 6407.3459603971 293.1652142446 6596.1970529875 315.6946123317
30.0000000000 17009.9520627023 492.3147283433 16743.1294576698 501.3728400110
31.0000000000 2930.8593247572 201.7479323307 2830.7977985755 224.7528239441
32.0000000000 12872.2755451680 430.4000214282 12812.2526171611 437.7314680861
33.0000000000 10218.3527189804 328.3390540000 9384.6382664831 358.9282792365
34.0000000000 6894.6655605869 338.0550140000 6795.1182578609 341.8599888223
35.0000000000 6442.0849653907 275.6302800000 7224.2859112817 339.8956608417
36.0000000000 8768.5323727016 349.9596260000 8957.2434624130 376.6218063320
37.0000000000 11944.2603494552 409.5403240000 12042.7908268745 430.6982584890
38.0000000000 14065.1636583510 399.5471790000 13716.2090847723 437.1121967707
39.0000000000 7933.7227450343 328.5738534619 7354.2880753260 355.9375073935
40.0000000000 27085.3191744065 568.2146840000 27292.2989914523 620.7506714459
41.0000000000 6964.6079142979 282.3745800000 7009.4118520554 329.3199075119
42.0000000000 12686.0159429135 369.7756230000 12995.7285189988 435.1582707631
43.0000000000 8496.9703080671 313.4552420000 8416.5187930077 349.4252209727
44.0000000000 14882.5398500899 413.1970710000 14500.5453242434 447.9934034412
45.0000000000 8144.5766585765 305.0906300000 8755.4193775644 398.3133850888
46.0000000000 7838.4276581993 336.9673130000 7239.8805350750 342.3458346102
47.0000000000 5485.4337445779 263.2489340000 5404.8146128930 283.9914936780
48.0000000000 5287.4838902696 280.8303680000 5242.7686312490 279.1708631838
49.0000000000 15258.5312478829 436.8779980000 14606.7189951070 476.5914089809
50.0000000000 11627.3790108206 379.4028960000 11819.3660598240 414.9477342609
51.0000000000 16303.6389353770 450.4003210000 16579.4547507035 495.1712277492
52.0000000000 15528.7873789673 406.2310230000 15883.2807377150 495.4605596140
53.0000000000 4533.7056348842 257.1958200000 4361.5768584552 270.3295615407
54.0000000000 27977.2615964734 552.3375620000 28074.1468451403 625.7737336069
55.0000000000 4440.1901943631 285.0614440000 4345.4151139103 304.3479118169
56.0000000000 14117.6356783662 407.5086700000 14175.7156727952 436.8031975662
57.0000000000 3176.3537071805 222.0641250000 3031.9595449970 222.9245910338
58.0000000000 -35112.3208597179 325.1446450000 -35689.1117687062 1933.0161081837
59.0000000000 2479.8017630215 189.6996620000 2458.0076520211 211.0167801592
60.0000000000 15661.1679346358 442.1747770000 15501.4218138140 490.4889683544
61.0000000000 6731.4166349863 283.7693880000 6328.5362818619 306.4970655891
62.0000000000 -15460.1766519958 259.4088370000 -15960.1936754810 1933.5063439299
63.0000000000 11923.0437524654 375.7825250000 11828.5164283564 431.9461329125
64.0000000000 19192.5554745751 188.1723710000 17616.0876039525 1881.0628525267
65.0000000000 47273.4841118128 376.2258290000 48923.1108609028 2177.8321172797
66.0000000000 1467.7457955493 320.7944660000 1062.3523669159 334.1531982306
67.0000000000 2807.7079637291 348.4334790000 2706.7418608551 522.0091041944
