0.0000000000 1.0000000000 325.2987281093 150.9862430508 472.9748601590
1.0000000000 1.0000000000 416.6984929963 -422.7099388199 0.0000000000
2.0000000000 1.0000000000 416.6984929963 -422.7099388199 0.0000000000
3.0000000000 1.0000000000 -289.0796132243 207.6096521611 475.0289843685
4.0000000000 1.0000000000 -294.1673110226 48.1368800037 513.2930550395
5.0000000000 1.0000000000 -298.1418249586 20.4011999972 512.8514109287
6.0000000000 1.0000000000 -290.3025651098 187.4204260709 482.6171681826
7.0000000000 1.0000000000 452.8054622587 80.6753520461 375.2066462144
8.0000000000 1.0000000000 451.6684789840 53.4201469981 381.3963809865
9.0000000000 1.0000000000 437.5633040759 -76.7050120133 393.6699410683
10.0000000000 1.0000000000 421.1398941504 -129.0497210461 397.8802401421
11.0000000000 1.0000000000 424.9950981707 186.1966170748 370.1774071487
12.0000000000 1.0000000000 394.0791189022 -210.5366939478 390.7649869031
13.0000000000 1.0000000000 424.5188660906 161.3767780345 382.1813630816
14.0000000000 1.0000000000 419.1405203204 50.9199930389 417.1926473189
15.0000000000 1.0000000000 396.4786468719 165.5924229465 409.5182028676
16.0000000000 1.0000000000 387.1658181482 232.6520750890 385.0934531474
17.0000000000 1.0000000000 393.3368190351 126.1601500113 426.2523780380
18.0000000000 1.0000000000 385.8508366165 196.6271153142 405.9288556486
19.0000000000 1.0000000000 348.4001152766 -290.1680042304 383.0681603041
20.0000000000 1.0000000000 376.7228137798 -162.8415469048 428.8168357493
21.0000000000 1.0000000000 333.2761052648 159.0921671264 464.6913453693
22.0000000000 1.0000000000 271.1005829301 -371.2117629042 375.5364529031
23.0000000000 1.0000000000 318.1065790409 301.3374640387 400.4063730514
24.0000000000 1.0000000000 310.4647333353 255.1984652756 436.8142844718
25.0000000000 1.0000000000 265.7080291274 231.6488851111 477.5556132290
26.0000000000 1.0000000000 222.8856641066 356.2335231703 419.2147232004
27.0000000000 1.0000000000 223.7494321513 313.3645562119 451.7301993055
28.0000000000 1.0000000000 214.9326979299 227.1588329260 504.5038418356
29.0000000000 1.0000000000 162.2868559649 258.6863539441 508.9849438900
30.0000000000 1.0000000000 141.2785211182 386.3027573233 427.9391143581
31.0000000000 1.0000000000 134.2781700856 344.4368052196 464.3856012961
32.0000000000 1.0000000000 116.3723950867 243.9339851816 528.4647603935
33.0000000000 1.0000000000 101.3496329859 145.4101369797 566.4851899209
34.0000000000 1.0000000000 83.4314270798 333.8711033195 483.6223834628
35.0000000000 1.0000000000 68.9440290552 266.2518172132 526.0019174213
36.0000000000 1.0000000000 55.6798850401 293.9598772119 512.6486783695
37.0000000000 1.0000000000 22.9839300092 379.1950101521 456.0747851829
38.0000000000 1.0000000000 18.4793599999 398.7533949973 439.2898469970
39.0000000000 1.0000000000 11.0690340048 214.1321260922 553.4855332382
40.0000000000 1.0000000000 -20.7267630103 303.5245481505 509.6710472527
41.0000000000 1.0000000000 -32.8942550264 321.2397892578 498.0404523996
42.0000000000 1.0000000000 -57.9156130468 258.0327542086 531.4002314296
43.0000000000 1.0000000000 -88.1533869912 383.6372659617 444.2665359556
44.0000000000 1.0000000000 -91.0853739730 342.8845528985 475.8728448591
45.0000000000 1.0000000000 -179.3247442414 311.0492104187 472.6651576362
46.0000000000 1.0000000000 -185.8726690450 238.7243290577 510.6695331235
47.0000000000 1.0000000000 -199.9437240241 328.5186330395 452.1275720544
48.0000000000 1.0000000000 -209.1129720016 269.0511100021 486.0088390038
49.0000000000 1.0000000000 -279.6684149434 -301.2354879391 428.2103279134
50.0000000000 1.0000000000 -250.2358529844 270.6407189832 465.2493369710
51.0000000000 1.0000000000 -307.6052289420 -263.4653269503 433.9197749182
52.0000000000 1.0000000000 -278.5417119242 193.4191709474 487.1599998675
53.0000000000 1.0000000000 -277.5230052964 -111.0163771186 512.8134865478
54.0000000000 1.0000000000 -283.6313800195 38.8355140027 519.9676620358
55.0000000000 1.0000000000 368.7951641110 -187.4706450564 425.6362421282
56.0000000000 1.0000000000 364.8414363497 -15.1189930145 467.9566954485
57.0000000000 1.0000000000 348.3895181832 -134.0464180705 461.4949922427
58.0000000000 1.0000000000 336.9907462320 212.9149011466 439.8020103027
59.0000000000 1.0000000000 309.4755540587 -229.1244290435 451.7169510857
60.0000000000 1.0000000000 293.4104163457 -277.0621843264 435.2794505128
61.0000000000 1.0000000000 326.8156619400 45.4865709917 493.4002649094
62.0000000000 1.0000000000 245.3085538772 -362.8753588184 400.5827177995
63.0000000000 1.0000000000 282.8082400998 -156.8278050553 497.7407611757
64.0000000000 1.0000000000 284.4308609666 -82.1448639904 514.4634419396
65.0000000000 1.0000000000 294.5512180132 175.1252260079 484.6566430218
66.0000000000 1.0000000000 270.7895041570 254.2717901475 462.9689272685
67.0000000000 1.0000000000 158.0412020489 -431.5312381335 375.6662021162
68.0000000000 1.0000000000 167.4268122027 -404.5383814897 400.7970644852
69.0000000000 1.0000000000 241.8294149930 143.4606489959 522.7417169849
70.0000000000 1.0000000000 117.9288630585 -394.0584331954 427.9393192122
71.0000000000 1.0000000000 165.2042880731 312.5806961383 476.7831562110
72.0000000000 1.0000000000 68.7540040262 -452.1690821722 378.3349501441
73.0000000000 1.0000000000 -40.9323300164 -443.5344601781 392.3302861576
74.0000000000 1.0000000000 -23.6818400017 -396.4624380292 441.1100000325
75.0000000000 1.0000000000 -176.9342261990 -410.4235954617 390.5996394394
76.0000000000 1.0000000000 -175.9500350361 140.2154190288 549.2745651129
77.0000000000 1.0000000000 -207.6433390989 204.5111160974 517.0887482464
78.0000000000 1.0000000000 -255.4251503185 -200.9844912506 496.6734876194
79.0000000000 1.0000000000 -237.6605240166 -116.2811110081 531.3355860371
80.0000000000 1.0000000000 -238.9139402452 37.9758100390 542.0325575562
81.0000000000 1.0000000000 -343.7144031731 -170.4841600858 452.8983182280
82.0000000000 1.0000000000 -314.1739121116 -63.5980450226 499.5711841774
83.0000000000 1.0000000000 402.9584881018 -4.5919090012 435.8035081101
84.0000000000 1.0000000000 346.1994022746 -68.5420990544 477.2518003785
85.0000000000 1.0000000000 260.4955241096 -304.7395071282 437.7182211842
86.0000000000 1.0000000000 265.0219372282 -187.7509151617 496.8242074278
87.0000000000 1.0000000000 283.5604292300 30.6883630249 520.5507024223
88.0000000000 1.0000000000 241.2027589542 -194.7163089631 506.1898009040
89.0000000000 1.0000000000 255.3153680349 -37.0941370051 534.5646960730
90.0000000000 1.0000000000 198.0078591110 -305.7801831714 468.6285242626
91.0000000000 1.0000000000 186.8395340083 -269.9005270120 494.5361670220
92.0000000000 1.0000000000 235.6907069455 109.4273459747 533.6636328766
93.0000000000 1.0000000000 116.8120491204 -364.5000803757 453.6694424677
94.0000000000 1.0000000000 155.9725580380 -155.5806010379 551.1701771344
95.0000000000 1.0000000000 186.8425850804 -25.8111550111 562.8009942422
96.0000000000 1.0000000000 167.7040032183 -38.6760640503 568.0676507395
97.0000000000 1.0000000000 144.1683440509 -130.3978980460 560.8325981979
98.0000000000 1.0000000000 174.3036361134 88.6156220576 560.4345103645
99.0000000000 1.0000000000 65.7957889900 -412.8764129372 421.3375229360
100.0000000000 1.0000000000 77.4264110054 -350.9023870244 472.4341140328
101.0000000000 1.0000000000 95.5850921065 -281.6604793138 513.6654465723
102.0000000000 1.0000000000 71.9801510506 -270.3989241900 523.4735963678
103.0000000000 1.0000000000 85.3951610479 -191.5639931075 555.2767143117
104.0000000000 1.0000000000 61.9109039612 -220.0755818622 547.7728586570
105.0000000000 1.0000000000 82.5063889570 -141.3065589263 570.5668047024
106.0000000000 1.0000000000 106.9591929945 125.6280919935 570.1742189705
107.0000000000 1.0000000000 9.0491430084 -362.8875223357 469.6297324344
108.0000000000 1.0000000000 4.3508030014 -389.3650611213 447.9924621395
109.0000000000 1.0000000000 60.0799800424 -15.1339760107 590.3242204169
110.0000000000 1.0000000000 22.7285919925 -100.2650079670 584.5953008073
111.0000000000 1.0000000000 35.1835579927 23.6248269951 592.0517808765
112.0000000000 1.0000000000 -35.6726860290 -305.1961122483 507.8426124131
113.0000000000 1.0000000000 -40.0198669947 -210.2489629721 553.6380679265
114.0000000000 1.0000000000 -32.4870250393 -114.8614781389 581.4402467033
115.0000000000 1.0000000000 -83.5748570262 -283.2616150887 514.8780701612
116.0000000000 1.0000000000 -63.2657750777 -173.4982752131 564.1073626930
117.0000000000 1.0000000000 -29.6885980266 218.3000801954 551.1669334933
118.0000000000 1.0000000000 -87.9193150544 -248.5004951536 531.8261223288
119.0000000000 1.0000000000 -118.4905091008 -371.7042713163 447.3446773807
120.0000000000 1.0000000000 -65.2941140165 -89.4368980227 583.1458191477
121.0000000000 1.0000000000 -50.9854670261 24.7095490127 590.8563673028
122.0000000000 1.0000000000 -133.9153540374 -313.0185910873 486.2174061357
123.0000000000 1.0000000000 -80.6943999995 -30.7693639998 587.2503609963
124.0000000000 1.0000000000 -113.2109999505 -168.3089249263 557.8321447559
125.0000000000 1.0000000000 -143.9328931868 -207.7284432696 537.0787116971
126.0000000000 1.0000000000 -120.6107101081 -113.1513791014 570.0624075110
127.0000000000 1.0000000000 -99.0732170095 132.5688740127 570.0274710546
128.0000000000 1.0000000000 -181.6079820128 -207.7819990147 525.5154690371
129.0000000000 1.0000000000 -159.2265851955 -69.9877110859 567.5120626969
130.0000000000 1.0000000000 -229.6845239599 -272.5311399525 474.6505279172
131.0000000000 1.0000000000 -222.8094052339 -248.0084922604 491.0896895156
132.0000000000 1.0000000000 -226.3897051271 -177.2574910995 519.2771992916
133.0000000000 1.0000000000 -198.5750809345 -64.6606789787 555.6152088167
