0.0000000000 735.1256114391 234.6639030000 698.9437179904 219.7690739162
1.0000000000 5341.5112771965 297.2270240000 5107.4418622139 329.4131450953
2.0000000000 6596.6675175494 315.4886260000 6170.0688050488 314.2001093022
3.0000000000 13826.1886470258 397.5465540000 13862.3200969671 439.4385026461
4.0000000000 2707.5218196912 200.3585420000 2600.8939382507 222.9049288876
5.0000000000 2277.2508658475 155.3771710000 2161.9690818614 188.8339029410
6.0000000000 7920.4972641247 305.1261410000 7744.8714135451 342.5270122027
7.0000000000 14477.3666018022 390.1086900000 14099.6935443164 459.7699991623
8.0000000000 5111.2249619773 256.4118090000 5174.2024424611 283.9406665296
9.0000000000 5719.5828051029 284.6308000000 5395.3800551559 302.6410708269
10.0000000000 6955.6113201446 274.5877020000 6843.8793691325 336.0421555389
11.0000000000 8022.9530338530 294.1473610000 7882.1133026517 342.3229137198
12.0000000000 11058.3366931239 367.0015520000 10609.3592152020 385.5451698993
13.0000000000 5453.6418303223 223.1692230000 5246.3587927154 290.8118786128
14.0000000000 6590.5944771613 257.8498360331 6236.5000743168 305.5282898257
15.0000000000 12115.8412806966 336.1474770000 12258.2444446030 414.0981789784
16.0000000000 3334.9105556845 240.2420980000 3341.3459517833 286.4909429833
17.0000000000 11494.0797883050 395.0876750000 11314.3293051324 407.2539100946
18.0000000000 7534.7391571186 302.7175060000 6961.0084705481 339.2670670124
19.0000000000 12146.5723386976 354.0647120000 12052.8736292952 429.5858638154
20.0000000000 19832.9594477500 449.4589730000 19300.3338281502 518.2600582268
21.0000000000 5037.9918464955 251.3252060000 4835.6966420387 280.4005529856
22.0000000000 12375.3391852189 458.4547457780 13029.6578233717 443.1440886974
23.0000000000 8746.6962810727 303.9134660000 9189.3333243465 362.8549383802
24.0000000000 16537.7868373576 392.8691610000 16433.4827176960 491.1452082702
25.0000000000 8737.2623450380 342.8877690000 9394.5216560372 380.1737276585
26.0000000000 5390.0376612406 267.7881020000 5477.5530297338 302.1974152351
27.0000000000 6222.1074745407 328.8084040000 6198.3668457264 305.2199364541
28.0000000000 19227.5034305235 456.0673900000 18493.6848666409 503.3403489087
29.0000000000 6690.9639101665 312.4407168687 7113.2055523527 328.1290758271
30.0000000000 17026.4017179106 494.4045419751 16860.9655287776 507.8862253308
31.0000000000 2952.8888677264 204.3595752128 3008.6754485339 232.3938426566
32.0000000000 13159.4545885001 432.2146910568 13737.0104076801 454.1154832395
33.0000000000 9824.3380558631 325.4723637931 9159.2162480760 353.6644415595
34.0000000000 7042.1652134665 338.0550140000 7365.0642600568 355.2923457846
35.0000000000 6587.6464704223 275.6302800000 6202.6163156336 313.3834200019
36.0000000000 8977.9762561115 349.9596260000 9218.2176347694 382.4989000147
37.0000000000 12067.7785969220 409.5403240000 12052.4076493733 431.7103381916
38.0000000000 13918.5244155432 399.5471790000 13462.3391549004 433.8588991464
39.0000000000 7344.1508785637 311.2978259138 5955.4856159236 321.7438782433
40.0000000000 27114.7246716686 568.2146840000 26338.9287937336 610.0684435769
41.0000000000 6808.8715728961 282.3745800000 6160.8297265465 312.7077952566
42.0000000000 12851.4980891729 369.7756230000 12769.0231552285 427.8312093619
43.0000000000 8643.0226864715 313.4552420000 8934.7891156286 361.8900110125
44.0000000000 14842.3624641551 413.1970710000 14690.9629809927 450.8259657900
45.0000000000 8219.3923632430 305.0906300000 7747.1197221000 385.9373466830
46.0000000000 7821.4254350263 336.9673130000 8083.3203485052 358.0335297839
47.0000000000 5524.5993275826 263.2489340000 5575.3778807614 289.0082103633
48.0000000000 5328.6771322406 280.8303680000 5333.1538788152 281.5785224699
49.0000000000 14937.6185559376 436.8779980000 14186.2723135605 473.5256230195
50.0000000000 11765.7205179411 379.4028960000 11703.3003144787 410.0132557579
51.0000000000 16708.3716612006 450.4003210000 17257.5965004847 506.6305056253
52.0000000000 15728.3175966314 406.2310230000 15702.6311899076 489.9496434085
53.0000000000 4504.3472321753 257.1958200000 4449.1973887966 274.8492417456
54.0000000000 28136.7057978202 552.3375620000 27855.2133520153 624.1311925909
55.0000000000 4344.4980461446 285.0614440000 4033.7527612956 299.8417746332
56.0000000000 14164.3150142278 407.5086700000 13884.3290103167 432.3951207525
57.0000000000 3114.5020366437 222.0641250000 2971.8771770511 221.9098122129
58.0000000000 -35763.4344731663 325.1446450000 -37382.1021080530 1967.5610547626
59.0000000000 2498.9247073101 189.6996620000 2508.1286673307 208.1402020261
60.0000000000 15768.2389213202 442.1747770000 15822.5349349598 494.5052831784
61.0000000000 6598.3159499012 283.7693880000 6398.0791726402 307.6924142392
62.0000000000 -14862.1413166360 259.4088370000 -12775.3707105086 1950.9568568743
63.0000000000 11995.9903597829 375.7825250000 11992.3284146275 433.2077819869
64.0000000000 19244.2239985280 188.1723710000 20761.7828898034 1880.6678710045
65.0000000000 47087.7475991735 376.2258290000 44807.3512709107 2180.8105995070
66.0000000000 1327.0954836683 320.7944660000 1125.3578799737 339.2793378482
67.0000000000 2789.7688615272 348.4334790000 2594.0027554794 519.9870580772
