0.0000000000 1.0000000000 328.2995389757 151.0043039888 470.8911119651
1.0000000000 1.0000000000 415.5393943363 -423.8494286857 0.0000000000
2.0000000000 1.0000000000 415.5393943363 -423.8494286857 0.0000000000
3.0000000000 1.0000000000 -290.2096999725 210.5317999801 473.0496989552
4.0000000000 1.0000000000 -293.8350770617 49.5018610104 513.3535231078
5.0000000000 1.0000000000 -297.8722153006 21.7769630220 512.9514925176
6.0000000000 1.0000000000 -290.4964312108 182.5092631324 484.3795193515
7.0000000000 1.0000000000 451.7645752207 83.5582050408 375.8299101836
8.0000000000 1.0000000000 448.1127623832 55.0068580470 385.3446823295
9.0000000000 1.0000000000 438.0578820033 -79.0158590006 392.6615750029
10.0000000000 1.0000000000 422.4529190311 -130.5608730096 395.9908030291
11.0000000000 1.0000000000 422.8961561655 187.2991280733 372.0204351456
12.0000000000 1.0000000000 393.8458813143 -210.0813691677 391.2448933123
13.0000000000 1.0000000000 422.6965034762 161.9554651824 383.9523664325
14.0000000000 1.0000000000 419.8773962933 53.7594390376 416.0940052907
15.0000000000 1.0000000000 397.2189061491 166.7609840626 408.3249211532
16.0000000000 1.0000000000 388.1031693370 228.7102311986 386.5085853357
17.0000000000 1.0000000000 393.5267500175 123.5254330055 426.8483230189
18.0000000000 1.0000000000 385.9283130667 199.0971510344 404.6492160699
19.0000000000 1.0000000000 349.9131258698 -288.3847118927 383.0357538575
20.0000000000 1.0000000000 379.4036130913 -160.1819620385 427.4528791029
21.0000000000 1.0000000000 336.2718374569 157.6054672141 463.0368176291
22.0000000000 1.0000000000 270.3770850840 -371.3226341154 375.9482141168
23.0000000000 1.0000000000 316.5223680827 300.8958690786 401.9907871050
24.0000000000 1.0000000000 310.6458541418 256.1809841169 436.1098291990
25.0000000000 1.0000000000 268.0293550495 232.1852070429 475.9954000878
26.0000000000 1.0000000000 223.7201091487 358.1809062380 417.1055952772
27.0000000000 1.0000000000 225.0225091268 316.7971451785 448.6933982528
28.0000000000 1.0000000000 214.4811721621 225.0572491701 505.6366163822
29.0000000000 1.0000000000 162.7916419752 257.7936179608 509.2766029225
30.0000000000 1.0000000000 143.5963079790 382.7832839440 430.3235809370
31.0000000000 1.0000000000 135.3057389858 338.3560129644 468.5391039507
32.0000000000 1.0000000000 114.0818170009 240.4137770018 530.5731630040
33.0000000000 1.0000000000 99.3264739988 151.9997279982 565.1120779934
34.0000000000 1.0000000000 83.0939090051 331.2180300204 485.5011280298
35.0000000000 1.0000000000 75.6329880516 260.0617621773 528.1750253601
36.0000000000 1.0000000000 54.9514410267 294.7967781431 512.2465472486
37.0000000000 1.0000000000 24.9504760034 372.9256080509 461.1131000629
38.0000000000 1.0000000000 16.1445000073 399.8416721802 438.3917411976
39.0000000000 1.0000000000 16.9384269953 215.6829239403 552.7343778471
40.0000000000 1.0000000000 -17.5670820214 303.5736553698 509.7604926210
41.0000000000 1.0000000000 -31.9241620484 315.3684994784 501.8414927612
42.0000000000 1.0000000000 -63.5591340414 261.0553601701 529.2746563448
43.0000000000 1.0000000000 -90.9843220682 381.1262012858 445.8542343343
44.0000000000 1.0000000000 -96.7123470186 345.5842570665 472.7997140910
45.0000000000 1.0000000000 -183.0043421105 309.5814581870 472.2182312852
46.0000000000 1.0000000000 -185.1852940712 238.6792530918 510.9402581965
47.0000000000 1.0000000000 -204.7256621126 327.7081021802 450.5731122477
48.0000000000 1.0000000000 -205.2703471917 266.4036222488 489.0956154568
49.0000000000 1.0000000000 -282.2473379610 -302.9069559582 425.3294519412
50.0000000000 1.0000000000 -247.6752792176 271.1879282382 466.2996784096
51.0000000000 1.0000000000 -323.6111789386 -251.8940139522 429.1229859185
52.0000000000 1.0000000000 -277.8278231524 194.4675391066 487.1502882672
53.0000000000 1.0000000000 -284.4586029741 -111.2229569899 508.9539109536
54.0000000000 1.0000000000 -285.3740829691 38.0964499959 519.0680299439
55.0000000000 1.0000000000 369.1118252107 -188.5562681076 424.8815372425
56.0000000000 1.0000000000 365.4754619505 -12.6541939983 467.5349019366
57.0000000000 1.0000000000 351.7620301989 -132.0315360746 459.5133012598
58.0000000000 1.0000000000 337.3048708870 217.4105629271 437.3550018534
59.0000000000 1.0000000000 311.8762619365 -227.2509149537 451.0116909081
60.0000000000 1.0000000000 295.1420854350 -278.1818724100 433.3904956388
61.0000000000 1.0000000000 328.8950100322 46.3947350045 491.9318320482
62.0000000000 1.0000000000 248.7241401114 -362.2282841623 399.0592671788
63.0000000000 1.0000000000 285.5472541494 -154.5118840808 496.9005632600
64.0000000000 1.0000000000 287.0296101972 -81.2701130558 513.1573813525
65.0000000000 1.0000000000 294.9730371217 173.3599670715 485.0345922001
66.0000000000 1.0000000000 276.0260532269 256.8223822111 458.4465163768
67.0000000000 1.0000000000 160.7250911144 -430.3666813063 375.8633942675
68.0000000000 1.0000000000 166.6245109849 -404.5299659634 401.1397579637
69.0000000000 1.0000000000 242.0820122791 147.2583381698 521.5674526013
70.0000000000 1.0000000000 120.3331690740 -394.0213702423 427.3036562628
71.0000000000 1.0000000000 164.1388650923 310.7415801748 478.3507392690
72.0000000000 1.0000000000 57.1901280394 -444.9762743069 388.6473092681
73.0000000000 1.0000000000 -41.4644680496 -442.0404715289 393.9571624713
74.0000000000 1.0000000000 -26.2686590110 -396.5418481654 440.8921031839
75.0000000000 1.0000000000 -179.1220280369 -401.1559480826 399.1372330822
76.0000000000 1.0000000000 -173.5198979126 136.0514599315 551.0917997226
77.0000000000 1.0000000000 -208.3300950583 202.6655770567 517.5389471449
78.0000000000 1.0000000000 -254.6890013444 -200.6979132714 497.1671616723
79.0000000000 1.0000000000 -237.1888992329 -111.6172471096 532.5451555229
80.0000000000 1.0000000000 -238.3084090077 35.6539160012 542.4566590176
81.0000000000 1.0000000000 -343.0615342342 -168.9244211153 453.9764863099
82.0000000000 1.0000000000 -313.4445959217 -69.4860469827 499.2449308754
83.0000000000 1.0000000000 405.7405850070 -3.7279410001 433.2228140075
84.0000000000 1.0000000000 343.2948693801 -66.2662300734 479.6652435311
85.0000000000 1.0000000000 263.6640601416 -301.9342481622 437.7651192351
86.0000000000 1.0000000000 270.1954690408 -184.4438170278 495.2738770747
87.0000000000 1.0000000000 284.2406291410 33.4866790166 520.0069552579
88.0000000000 1.0000000000 238.8716300677 -192.6984070546 508.0639671439
89.0000000000 1.0000000000 259.6324002053 -36.3872380288 532.5301044212
90.0000000000 1.0000000000 200.5317150155 -307.2250830237 466.6059430361
91.0000000000 1.0000000000 190.8139610365 -268.3911420513 493.8396030945
92.0000000000 1.0000000000 231.8705121437 113.2881590702 534.5308083313
93.0000000000 1.0000000000 118.7019030901 -364.2798722765 453.3556653441
94.0000000000 1.0000000000 158.2224701108 -155.0546991086 550.6768713855
95.0000000000 1.0000000000 183.0800720755 -29.1091100120 563.8755832324
96.0000000000 1.0000000000 174.5184190357 -36.9320680076 566.1277861159
97.0000000000 1.0000000000 148.5793100067 -128.1414770058 560.2011040254
98.0000000000 1.0000000000 173.3121779791 91.1530319890 560.3350249323
99.0000000000 1.0000000000 63.0468420249 -413.9224581634 420.7310551661
100.0000000000 1.0000000000 77.1723110159 -348.7083260720 474.0973150979
101.0000000000 1.0000000000 94.8025460563 -278.6730751655 515.4368253061
102.0000000000 1.0000000000 70.7870570714 -269.6275782721 524.0338615289
103.0000000000 1.0000000000 85.1867710483 -190.9905021082 555.5062273147
104.0000000000 1.0000000000 61.9457380253 -218.0564940891 548.5758082240
105.0000000000 1.0000000000 82.4100010453 -140.7759490775 570.7118803141
106.0000000000 1.0000000000 107.2428340661 130.7613070806 568.9655363505
107.0000000000 1.0000000000 6.6384920087 -363.7957774777 468.9668316158
108.0000000000 1.0000000000 -0.2902289999 -388.2471589227 448.9826119106
109.0000000000 1.0000000000 60.6495840139 -12.0642240028 590.3366911354
110.0000000000 1.0000000000 20.4228630078 -98.5611800375 584.9700222223
111.0000000000 1.0000000000 31.9458950157 29.5191720145 591.9707802905
112.0000000000 1.0000000000 -37.3181130059 -301.8514690474 509.7198990800
113.0000000000 1.0000000000 -38.2177010381 -207.3553402066 554.8553835530
114.0000000000 1.0000000000 -30.8308010176 -113.1151810644 581.8726183315
115.0000000000 1.0000000000 -82.6248750293 -284.1169931007 514.5599971824
116.0000000000 1.0000000000 -63.8613460783 -170.0125582086 565.1006856933
117.0000000000 1.0000000000 -20.6492160025 218.4054830268 551.5378330676
118.0000000000 1.0000000000 -89.8224420150 -247.6878140413 531.8872080888
119.0000000000 1.0000000000 -117.0770610343 -374.7476961097 445.1723851303
120.0000000000 1.0000000000 -67.3718810480 -85.5095010609 583.4984844153
121.0000000000 1.0000000000 -50.1991500098 28.8430830056 590.7363611152
122.0000000000 1.0000000000 -131.1807391593 -313.6694093808 486.5433605907
123.0000000000 1.0000000000 -80.1093349726 -27.7507429905 587.4808227987
124.0000000000 1.0000000000 -112.4318349931 -166.5929019897 558.5044439656
125.0000000000 1.0000000000 -144.6801630133 -205.1995690189 537.8495270496
126.0000000000 1.0000000000 -122.3915480318 -112.9212430294 569.7283811481
127.0000000000 1.0000000000 -98.2734779913 136.6370249879 569.2046849495
128.0000000000 1.0000000000 -182.7897050451 -207.3870820512 525.2616951296
129.0000000000 1.0000000000 -161.8472910486 -70.4577960212 566.7119901702
130.0000000000 1.0000000000 -223.8677131395 -270.1280771683 478.7853332983
131.0000000000 1.0000000000 -225.5541712662 -249.7690712947 488.9397235770
132.0000000000 1.0000000000 -223.6597270366 -179.2190400293 519.7866760850
133.0000000000 1.0000000000 -199.6162290957 -64.8605440311 555.2186932661
