0.0000000000 710.2756150409 234.6639030000 637.0322191661 213.6539185060
1.0000000000 5313.9792830946 297.2270240000 5317.2323197093 330.6194270154
2.0000000000 6511.2061583601 315.4886260000 6459.7309896568 317.9645946057
3.0000000000 13927.8725820439 397.5465540000 13872.3018846992 440.1941477178
4.0000000000 2725.5449082827 200.3585420000 2812.8356987784 229.9299932565
5.0000000000 2269.3223691559 155.3771710000 2304.9985536689 194.4002790304
6.0000000000 7902.7730177072 305.1261410000 7835.3249248954 343.4974177266
7.0000000000 14306.6066828946 390.1086900000 13840.6310886696 458.1268092121
8.0000000000 5121.4529416482 256.4118090000 4969.2839878949 277.7199982456
9.0000000000 5654.7307202816 284.6308000000 5613.3173548304 307.3297907535
10.0000000000 7053.5618397894 274.5877020000 7322.7548508278 346.7178532270
11.0000000000 8055.5774718775 294.1473610000 8096.6857293895 346.4928147566
12.0000000000 10936.4646582694 367.0015520000 10689.2042696163 386.3533432376
13.0000000000 5393.7518329519 223.1692230000 5315.2327645418 292.9091823175
14.0000000000 6439.0330362406 253.6944691773 6105.5530322325 303.6939294063
15.0000000000 12234.4942657229 336.1474770000 12215.4821696920 412.8634941297
16.0000000000 3330.3485326595 240.2420980000 3240.3665927257 287.0927322271
17.0000000000 11636.8049349323 395.0876750000 11899.3671284596 416.7789974759
18.0000000000 7309.5814595612 302.7175060000 6979.7654347878 342.8044568822
19.0000000000 12396.5221183984 354.0647120000 12981.9136075346 440.6640082799
20.0000000000 19869.1297733114 449.4589730000 20004.2237696963 525.8124733132
21.0000000000 5052.5013197110 251.3252060000 5162.4665221869 291.2243624092
22.0000000000 12643.2194733577 459.8925660003 12454.3371115940 433.4133636999
23.0000000000 8847.4612745024 303.9134660000 8557.0882948032 353.9155733862
24.0000000000 16681.0511777554 392.8691610000 16894.3916166129 497.7882257500
25.0000000000 9197.8787162481 342.8877690000 9740.9168236763 386.6245763958
26.0000000000 5487.8268575516 267.7881020000 5576.6699107348 302.9947249069
27.0000000000 6258.7107057255 328.8084040000 6168.5270749419 305.3358993579
28.0000000000 19033.6978706490 456.0673900000 18671.3959040156 505.3214577098
29.0000000000 7132.0752116156 330.6112972839 7812.4813262621 340.8896746444
30.0000000000 17239.0732096743 496.4943556069 17564.8822470290 511.4330755948
31.0000000000 3067.6478484479 208.3970172447 3259.6638355116 239.7830525973
32.0000000000 13220.8518673753 434.0293606853 12563.7536404426 433.7864731168
33.0000000000 9642.8857681236 305.4255772634 9463.4378002107 359.3298836424
34.0000000000 7204.2442455451 338.0550140000 7195.3615516939 350.5768185563
35.0000000000 6498.2725312893 275.6302800000 6453.4391043374 317.6023435213
36.0000000000 9020.0012832241 349.9596260000 8713.4806980949 372.3706331306
37.0000000000 12300.3290969563 409.5403240000 12709.9109988589 439.7948021429
38.0000000000 13819.8574289131 399.5471790000 13598.4322546335 435.1845548385
39.0000000000 6662.1384102146 290.1844576884 5697.0869634921 312.8743458293
40.0000000000 27163.3219139285 568.2146840000 27321.4418658861 619.2269464914
41.0000000000 6553.0262877524 282.3745800000 6219.8541914308 310.1635918968
42.0000000000 12919.1870241265 369.7756230000 12904.3412195992 428.5756341567
43.0000000000 8732.6548697594 313.4552420000 8535.7284166259 350.6423993155
44.0000000000 14863.1423365302 413.1970710000 14688.2741910680 449.7101378125
45.0000000000 8157.4808425458 305.0906300000 8235.0806107003 392.5032197148
46.0000000000 7911.8718626318 336.9673130000 7728.2632051048 349.5480162335
47.0000000000 5578.4346876809 263.2489340000 5553.9193984484 287.6667411251
48.0000000000 5466.9635049365 280.8303680000 5715.2347664067 291.8491270244
49.0000000000 14889.6747922403 436.8779980000 15032.1164162294 483.1154513606
50.0000000000 11880.2244551794 379.4028960000 11975.2970507803 416.2455046210
51.0000000000 16944.0933594147 450.4003210000 16755.9086753594 499.6019861893
52.0000000000 15722.9268585369 406.2310230000 15430.9569763506 488.0221439710
53.0000000000 4382.2577065259 257.1958200000 3955.7347354266 257.7658774585
54.0000000000 28486.6460586763 552.3375620000 29113.6782956482 636.5391472592
55.0000000000 4325.8233369059 285.0614440000 4438.4123677704 310.7480871907
56.0000000000 14171.4130247648 407.5086700000 14068.6262386371 435.6089605932
57.0000000000 3146.4529233109 222.0641250000 3282.7299261596 231.6079804228
58.0000000000 -36269.2817075428 325.1446450000 -36473.3506368314 1942.5572047885
59.0000000000 2537.0316422211 189.6996620000 2580.7989418001 211.4531739799
60.0000000000 1908.5427461594 442.1747770000 -27422.3337495401 2393.1618568930
61.0000000000 6521.9353882733 283.7693880000 6304.9055717662 307.4242639163
62.0000000000 -14059.6063800922 259.4088370000 -13682.6423080298 1955.0453083181
63.0000000000 -181.1179847079 375.7825250000 -24301.3721929396 2207.2188644353
64.0000000000 19385.0821267064 188.1723710000 18345.8655240661 1893.2757685066
65.0000000000 47709.9888932735 376.2258290000 49149.5351954181 3856.1691938582
66.0000000000 3519.2904331397 320.7944660000 7847.6471211248 2163.2178969574
67.0000000000 26670.8312295718 348.4334790000 81353.6081565440 4250.2029649068
