0.0000000000 1.0000000000 326.8252700830 152.6719190387 471.3786741196
1.0000000000 1.0000000000 404.7761316990 -434.1400806760 0.0000000000
2.0000000000 1.0000000000 404.7761316990 -434.1400806760 0.0000000000
3.0000000000 1.0000000000 -294.0004379419 221.7677769562 465.5148999081
4.0000000000 1.0000000000 404.7761316990 -434.1400806760 0.0000000000
5.0000000000 1.0000000000 404.7761316990 -434.1400806760 0.0000000000
6.0000000000 1.0000000000 -295.6907391171 190.7983490755 478.0003171892
7.0000000000 1.0000000000 450.5697820293 78.9198310051 378.2589830246
8.0000000000 1.0000000000 445.5155462584 48.1066160279 389.2595252258
9.0000000000 1.0000000000 432.5181465932 -83.8543281150 397.7660505455
10.0000000000 1.0000000000 416.5623562507 -134.1938140808 400.9852242413
11.0000000000 1.0000000000 423.4930644049 180.2561331724 374.8101883584
12.0000000000 1.0000000000 386.2275600450 -214.3665680250 396.4802300462
13.0000000000 1.0000000000 423.5945347769 154.5731419186 386.0001817967
14.0000000000 1.0000000000 415.9212099656 47.7861399960 420.7699589652
15.0000000000 1.0000000000 395.6775590665 160.4785240270 412.3193410693
16.0000000000 1.0000000000 390.9331153272 223.7668431873 386.5501593236
17.0000000000 1.0000000000 390.1588292501 120.9595980775 430.6578572761
18.0000000000 1.0000000000 385.6535503136 195.2712411588 406.7699693308
19.0000000000 1.0000000000 339.6231151040 -292.1346350894 389.4031601192
20.0000000000 1.0000000000 369.7751012052 -162.5677250902 434.9246322413
21.0000000000 1.0000000000 334.1451873011 157.2764141417 464.6853234187
22.0000000000 1.0000000000 257.0884600545 -375.4286820795 381.1563390807
23.0000000000 1.0000000000 316.8877480611 297.9912480574 403.8622260778
24.0000000000 1.0000000000 311.2795619899 255.7958479917 435.8839809859
25.0000000000 1.0000000000 266.5466119037 235.3281319150 475.2840208282
26.0000000000 1.0000000000 220.4108290502 357.9554880815 419.0563940954
27.0000000000 1.0000000000 224.0437921279 317.5133321812 448.6769322561
28.0000000000 1.0000000000 209.1759971975 234.2748832212 503.6685494755
29.0000000000 1.0000000000 158.8590711505 262.3605382485 508.1850744814
30.0000000000 1.0000000000 140.4438191056 387.5427932913 427.0918443211
31.0000000000 1.0000000000 131.9092150341 343.7177480887 465.5957421202
32.0000000000 1.0000000000 110.8971659847 248.4575809657 527.5338619272
33.0000000000 1.0000000000 93.8225560113 164.7176210199 562.4826750680
34.0000000000 1.0000000000 78.7384560132 338.3480970566 481.2921640806
35.0000000000 1.0000000000 70.1992289972 268.5741839892 524.6535069789
36.0000000000 1.0000000000 48.4852890230 305.8403551453 506.3913312405
37.0000000000 1.0000000000 21.5177839869 382.5544297677 453.3325707248
38.0000000000 1.0000000000 16.1134980083 406.6017502082 432.1304182213
39.0000000000 1.0000000000 14.6644050065 225.7024720995 548.7847262420
40.0000000000 1.0000000000 -19.8018120281 310.9154684405 505.2333977158
41.0000000000 1.0000000000 -34.1353809955 330.8635739566 491.6150909355
42.0000000000 1.0000000000 -61.6574770453 269.4501901981 525.2773333861
43.0000000000 1.0000000000 -89.9718990456 395.3386052003 433.5132882196
44.0000000000 1.0000000000 -98.6814870550 355.9191761985 464.6556042591
45.0000000000 1.0000000000 -186.0965759137 322.4511688504 462.2928017856
46.0000000000 1.0000000000 -189.7573600108 253.2494180144 502.1734790286
47.0000000000 1.0000000000 -207.4288630238 341.2972430391 439.1022490504
48.0000000000 1.0000000000 -211.3921851926 280.2898972554 478.6149224362
49.0000000000 1.0000000000 -296.4520401078 -287.8571281047 426.1171061549
50.0000000000 1.0000000000 -253.4210111972 284.9306372217 454.8776203539
51.0000000000 1.0000000000 -322.5168741755 -252.5385661374 429.5677652337
52.0000000000 1.0000000000 -284.3125590972 209.1272310715 477.2352631632
53.0000000000 1.0000000000 -293.7359821679 -100.0404190572 505.9964562892
54.0000000000 1.0000000000 -300.7371801714 50.4909270288 509.2436952903
55.0000000000 1.0000000000 360.0100989575 -190.0996889776 431.9446299490
56.0000000000 1.0000000000 358.7182393106 -13.9193630121 472.7037154093
57.0000000000 1.0000000000 342.8586037884 -132.0810119185 466.1801267122
58.0000000000 1.0000000000 336.4507042303 212.3521361454 440.4870263015
59.0000000000 1.0000000000 302.3287132058 -227.8025371551 457.1921693113
60.0000000000 1.0000000000 286.4428239217 -275.7597839247 440.7134858796
61.0000000000 1.0000000000 325.0570353306 46.8833110477 494.4301825029
62.0000000000 1.0000000000 237.2080860489 -366.4955030755 402.1625250829
63.0000000000 1.0000000000 274.1098092526 -151.4631431396 504.2261944647
64.0000000000 1.0000000000 279.6049698032 -75.9477149465 518.0485806354
65.0000000000 1.0000000000 291.8462030815 176.6929980493 485.7228681356
66.0000000000 1.0000000000 272.4665489138 256.7211949188 460.6273268544
67.0000000000 1.0000000000 144.7240311581 -432.7150284728 379.6498194148
68.0000000000 1.0000000000 152.9549700313 -406.2056760831 404.8741190829
69.0000000000 1.0000000000 237.6618238435 149.5913839015 522.9346056558
70.0000000000 1.0000000000 106.3817230454 -392.3474321673 432.5132921844
71.0000000000 1.0000000000 164.7147410236 314.3739630451 475.7724160682
72.0000000000 1.0000000000 42.1868809963 -442.6915699608 393.1485309651
73.0000000000 1.0000000000 -53.2854619701 -440.4860397532 394.2765967791
74.0000000000 1.0000000000 -45.3236700215 -392.1471111861 443.2693702104
75.0000000000 1.0000000000 -193.6407492258 -393.4528364588 400.0243144665
76.0000000000 1.0000000000 -181.8145509612 154.0096339672 543.6412678841
77.0000000000 1.0000000000 -212.2037600448 218.5945830461 509.4185891075
78.0000000000 1.0000000000 -269.0365568967 -189.9801129271 493.8098968104
79.0000000000 1.0000000000 -250.6218452000 -103.3722230825 528.0380674214
80.0000000000 1.0000000000 -251.3801190183 49.2493840036 535.4473460390
81.0000000000 1.0000000000 -355.5637581935 -156.2269660850 448.8751222442
82.0000000000 1.0000000000 -325.4330310201 -50.1983270031 493.8570610305
83.0000000000 1.0000000000 398.5589111875 -7.3647460035 439.7929982070
84.0000000000 1.0000000000 337.3618592193 -67.3656950438 483.7046263144
85.0000000000 1.0000000000 251.3513361110 -301.1974861330 445.4479841967
86.0000000000 1.0000000000 258.9833260110 -181.5134820077 502.2965450213
87.0000000000 1.0000000000 277.7233701591 35.7809150205 523.3648652998
88.0000000000 1.0000000000 229.1806161804 -191.0635141504 513.1201664038
89.0000000000 1.0000000000 250.3894000812 -32.8874530107 537.1637461743
90.0000000000 1.0000000000 189.9084210728 -301.7231211157 474.5727301820
91.0000000000 1.0000000000 178.0775911319 -265.0185751964 500.3747123707
92.0000000000 1.0000000000 224.5514310618 115.4561360318 537.1851281479
93.0000000000 1.0000000000 107.0684269963 -361.0712299877 458.7867099844
94.0000000000 1.0000000000 148.2286699787 -149.4725659785 554.9842699201
95.0000000000 1.0000000000 177.3373729723 -17.9212909972 566.1727739117
96.0000000000 1.0000000000 157.8537001936 -34.6064760424 571.1444017004
97.0000000000 1.0000000000 138.4857379525 -118.8195899593 564.8229208064
98.0000000000 1.0000000000 166.8848921502 98.1479580883 561.1040345049
99.0000000000 1.0000000000 48.6613440136 -412.1823841149 424.3336921183
100.0000000000 1.0000000000 59.9022370545 -340.7272753100 482.3255874389
101.0000000000 1.0000000000 79.1556710291 -274.0311061007 520.5407371913
102.0000000000 1.0000000000 58.8685730472 -261.5182992095 529.5885164243
103.0000000000 1.0000000000 72.6320780552 -182.1490841384 560.2388944258
104.0000000000 1.0000000000 46.5778719925 -207.5705949668 554.1356119113
105.0000000000 1.0000000000 70.8232660215 -129.8390510394 574.8453811746
106.0000000000 1.0000000000 100.9163339647 136.9930599521 568.6564178013
107.0000000000 1.0000000000 -9.0753810014 -358.2305630537 473.1911110709
108.0000000000 1.0000000000 -16.9293750100 -383.0595792265 453.1005202680
109.0000000000 1.0000000000 49.2847159993 -7.1459539999 591.4738189919
110.0000000000 1.0000000000 10.5344669952 -87.6779419597 586.9607567303
111.0000000000 1.0000000000 25.2379950205 38.1951640310 591.7985294799
112.0000000000 1.0000000000 -48.6807849953 -299.0147529709 510.4328409503
113.0000000000 1.0000000000 -51.2419830147 -199.2284200572 556.7796891597
114.0000000000 1.0000000000 -41.1961900093 -102.1939580230 583.2500281311
115.0000000000 1.0000000000 -96.0004969262 -278.3198467859 515.4059506036
116.0000000000 1.0000000000 -76.3637899963 -160.7504369923 566.2589469728
117.0000000000 1.0000000000 -29.4420929945 230.8405819572 546.0468068988
118.0000000000 1.0000000000 -103.2256409961 -238.1086959909 533.8258539796
119.0000000000 1.0000000000 -136.5655669744 -364.8712769315 447.8170649159
120.0000000000 1.0000000000 -79.1705660312 -75.1310300296 583.4455212302
121.0000000000 1.0000000000 -57.2895220256 38.7406910173 589.5238722632
122.0000000000 1.0000000000 -146.6010140583 -303.9851571209 488.2852581942
123.0000000000 1.0000000000 -93.0789510932 -19.4727470195 585.8996905866
124.0000000000 1.0000000000 -127.4494529808 -156.4201239765 558.2210209161
125.0000000000 1.0000000000 -155.8743371308 -194.8943611635 538.5542734519
126.0000000000 1.0000000000 -135.6780781381 -97.4458340992 569.5762415797
127.0000000000 1.0000000000 -104.8719360951 148.9144441351 564.9315815124
128.0000000000 1.0000000000 -194.4898939351 -195.3755639348 525.6647188245
129.0000000000 1.0000000000 -168.0518080451 -56.8412070153 566.4353391521
130.0000000000 1.0000000000 -240.2304281466 -259.7585161585 476.5880622909
131.0000000000 1.0000000000 -236.5333663247 -238.7224293277 489.2697566717
132.0000000000 1.0000000000 -236.7115531072 -163.3794060740 519.2264792352
133.0000000000 1.0000000000 -208.9087840683 -50.9198880166 553.2500441808
