0.0000000000 726.9661145632 234.6639030000 811.1986848173 220.7787138595
1.0000000000 5374.6785981372 297.2270240000 5428.5172958723 331.6530775275
2.0000000000 6511.7884443420 315.4886260000 6371.0553516018 324.0448533846
3.0000000000 13930.6773113104 397.5465540000 13662.1543627469 438.4875140933
4.0000000000 2784.4782285970 200.3585420000 2819.6702935807 231.5153662952
5.0000000000 2250.4245077284 155.3771710000 2117.4229490619 187.2394078407
6.0000000000 7937.9232179300 305.1261410000 7928.8487928684 344.7092852436
7.0000000000 14113.4125349518 390.1086900000 13652.2026315527 455.2134108767
8.0000000000 5045.0922890601 256.4118090000 4828.9081512300 273.1390439208
9.0000000000 5631.6009871169 284.6308000000 5462.0658076558 301.7385572491
10.0000000000 7223.9610220412 274.5877020000 7362.4046168279 344.3276768668
11.0000000000 8078.0787129303 294.1473610000 7927.5639884398 344.2053142272
12.0000000000 11005.2966606333 367.0015520000 11143.8928861240 394.6066008930
13.0000000000 5377.4958000104 223.1692230000 5306.2196020645 292.2175383798
14.0000000000 6344.3429159204 250.4628653523 6157.9102673744 302.9926217203
15.0000000000 12486.8054724221 336.1474770000 13002.5946215845 423.7800537184
16.0000000000 3437.3325713060 240.2420980000 3766.2004082919 303.4509762653
17.0000000000 11879.4685208919 395.0876750000 12038.1261685136 418.3693888572
18.0000000000 7287.2295533557 302.7175060000 7339.1860263499 345.8752029791
19.0000000000 12574.5171275093 354.0647120000 12345.2250324549 429.7676892953
20.0000000000 20005.2877481717 449.4589730000 19844.6695533516 524.8799747610
21.0000000000 5031.2751437682 251.3252060000 4755.4423293533 277.9601357372
22.0000000000 12762.0644184815 461.3303862226 12881.3694545324 439.9545436171
23.0000000000 8750.7519484456 303.9134660000 8521.0798587469 353.3202555270
24.0000000000 16647.5257662758 392.8691610000 16052.3388370434 488.0569600531
25.0000000000 9611.5900880065 342.8877690000 10124.5338576492 391.8762079631
26.0000000000 5530.0222561807 267.7881020000 5449.4787719263 298.8528472132
27.0000000000 6357.0882109124 328.8084040000 6508.3131566305 315.6501473327
28.0000000000 18971.3284040988 456.0673900000 18658.2766456300 505.3223833880
29.0000000000 7703.0049433271 345.4853153228 8536.6175367970 357.4551266330
30.0000000000 17502.6542134248 498.5841692388 17545.0582315559 515.5915731369
31.0000000000 3219.3781407890 213.4650454700 3395.8742652296 243.7233655429
32.0000000000 13123.1965971126 435.8440303139 13092.4090272627 445.0526121985
33.0000000000 9245.3421212925 272.2147385699 8008.9179411295 331.7976712506
34.0000000000 7336.6554829333 338.0550140000 7529.5562754969 360.8788608265
35.0000000000 6484.7938815234 275.6302800000 6352.0005739947 319.0647493500
36.0000000000 9093.6655458130 349.9596260000 9376.1328744065 384.6238678490
37.0000000000 12607.9161900926 409.5403240000 12857.6125504864 442.4002326117
38.0000000000 13772.5123763446 399.5471790000 13494.6867469907 435.5669803215
39.0000000000 6341.4144098951 273.2983378309 6066.3673660394 320.0974576200
40.0000000000 27283.2953127639 568.2146840000 26814.7255341767 615.3821938318
41.0000000000 6434.9013251054 282.3745800000 6229.1038168850 309.9460676525
42.0000000000 12887.9631914027 369.7756230000 12517.4643024287 423.4795843968
43.0000000000 8519.3034644498 313.4552420000 7864.4003480208 338.5328319403
44.0000000000 14546.3139169536 413.1970710000 13405.5791574767 430.3926124055
45.0000000000 8231.1723501968 305.0906300000 8230.9745220826 386.2576639080
46.0000000000 7779.3077658943 336.9673130000 7327.5357841293 341.6183558038
47.0000000000 5600.5004568222 263.2489340000 5549.7696189169 287.5087835517
48.0000000000 5558.5475548191 280.8303680000 5449.9713465203 285.3831406586
49.0000000000 14936.2664703541 436.8779980000 14560.1540716719 479.8834042305
50.0000000000 12034.4590991005 379.4028960000 12108.8033215509 418.0515571263
51.0000000000 17106.6302009553 450.4003210000 17352.5914737664 510.9029188807
52.0000000000 15730.0108379051 406.2310230000 15720.5524418759 492.5529909807
53.0000000000 4323.1105971311 257.1958200000 4412.7550811627 273.8818795867
54.0000000000 29183.1213179918 552.3375620000 30013.3249893048 648.4821501509
55.0000000000 4284.8651475983 285.0614440000 3962.1722444675 303.1206798566
56.0000000000 14231.9390142581 407.5086700000 14137.0453011806 435.5957272727
57.0000000000 3204.2768442089 222.0641250000 3164.5000229975 227.7550561392
58.0000000000 -36883.6889007941 325.1446450000 -38729.9043894212 1965.5658583128
59.0000000000 2607.2309501533 189.6996620000 2706.9773778388 217.2965699439
60.0000000000 -11825.7359251759 442.1747770000 -26672.0166497874 2378.7243313249
61.0000000000 6482.7841283117 283.7693880000 6387.1421262066 306.9426512990
62.0000000000 -13262.2852954142 259.4088370000 -11375.5565565145 1955.4957421034
63.0000000000 -12471.0647352949 375.7825250000 -27592.4105299243 2201.9682872848
64.0000000000 19214.2899887987 188.1723710000 19593.7159360073 1890.8274083903
65.0000000000 48149.5380075317 376.2258290000 47912.9765783942 3846.5220944677
66.0000000000 5029.0598894924 320.7944660000 5481.9615745255 2160.5388840788
67.0000000000 54268.1609886263 348.4334790000 86842.0867397893 4260.0500954510
