0.0000000000 1.0000000000 330.6399540839 153.3665210389 468.4839991188
1.0000000000 1.0000000000 403.0268640532 -435.7644699766 0.0000000000
2.0000000000 1.0000000000 403.0268640532 -435.7644699766 0.0000000000
3.0000000000 1.0000000000 -295.7216880825 220.4236970615 465.0627951298
4.0000000000 1.0000000000 403.0268640532 -435.7644699766 0.0000000000
5.0000000000 1.0000000000 403.0268640532 -435.7644699766 0.0000000000
6.0000000000 1.0000000000 -293.7331130710 197.0678290476 476.6617831153
7.0000000000 1.0000000000 451.0606127758 74.9406589627 378.4832198118
8.0000000000 1.0000000000 447.9919752563 46.7505510267 386.5732822211
9.0000000000 1.0000000000 431.4818732199 -83.9095630428 398.8783082033
10.0000000000 1.0000000000 417.1457130938 -133.5777370300 400.5842840901
11.0000000000 1.0000000000 424.6385999876 178.9388459948 374.1447249891
12.0000000000 1.0000000000 388.0429891722 -215.0006510954 394.3585741750
13.0000000000 1.0000000000 421.7649851057 155.5634050390 387.6024390971
14.0000000000 1.0000000000 416.9416232004 47.6747060229 419.7715232018
15.0000000000 1.0000000000 397.1995260043 166.8609880018 408.3029190044
16.0000000000 1.0000000000 390.1549421888 225.0635931089 386.5835311871
17.0000000000 1.0000000000 391.5736890684 122.5895110214 428.9092960749
18.0000000000 1.0000000000 385.0617612280 198.4877541176 405.7725692403
19.0000000000 1.0000000000 340.8440734282 -289.9428453643 389.9740894899
20.0000000000 1.0000000000 371.6737770325 -163.0595610143 433.1183550379
21.0000000000 1.0000000000 336.6829291178 160.2147810561 461.8410501616
22.0000000000 1.0000000000 263.1171600009 -372.4851930012 379.9282400013
23.0000000000 1.0000000000 318.6808159225 298.4826339274 402.0845449023
24.0000000000 1.0000000000 311.6240641935 253.9558681577 436.7129332712
25.0000000000 1.0000000000 266.9357909994 234.6318729994 475.4098169989
26.0000000000 1.0000000000 223.6682261103 356.7061041759 418.3952752063
27.0000000000 1.0000000000 223.5456312352 314.5457233310 451.0096064746
28.0000000000 1.0000000000 212.3160522193 230.6252592382 504.0388975207
29.0000000000 1.0000000000 158.2160310233 265.4498850390 506.7794120745
30.0000000000 1.0000000000 139.6803841651 386.9865094575 427.8459515058
31.0000000000 1.0000000000 135.1227690065 332.1770230159 472.9921660227
32.0000000000 1.0000000000 111.6490610834 250.5225631872 526.3974343933
33.0000000000 1.0000000000 92.7912530511 167.7865030925 561.7462053096
34.0000000000 1.0000000000 79.2138489874 336.9458349464 482.1970519232
35.0000000000 1.0000000000 66.0690559885 277.2902379518 520.6403079094
36.0000000000 1.0000000000 52.5286700277 301.2901411591 508.7104442686
37.0000000000 1.0000000000 21.3066500092 380.9222181651 454.7148741971
38.0000000000 1.0000000000 15.6902950033 403.0542180841 435.4565860908
39.0000000000 1.0000000000 15.2771159978 227.6471199666 547.9641639197
40.0000000000 1.0000000000 -19.0326809983 312.2187549717 504.4586529543
41.0000000000 1.0000000000 -31.9770800185 330.0296111909 492.3202702847
42.0000000000 1.0000000000 -60.4001550321 269.5465921434 525.3739452795
43.0000000000 1.0000000000 -89.3289219700 393.9334488676 434.9231058538
44.0000000000 1.0000000000 -98.3418440194 359.1426690708 462.2410100912
45.0000000000 1.0000000000 -179.4496501762 318.5492733128 467.5954554592
46.0000000000 1.0000000000 -192.5676311406 254.8771841861 500.2765783652
47.0000000000 1.0000000000 -204.5126751174 334.8572291921 445.3835742556
48.0000000000 1.0000000000 -209.7357961449 277.6532191918 480.8751523322
49.0000000000 1.0000000000 -296.6572858817 -291.6712528837 423.3717768311
50.0000000000 1.0000000000 -256.0190280691 282.2135900762 455.1165491228
51.0000000000 1.0000000000 -334.9416523387 -246.9625502498 423.2551414281
52.0000000000 1.0000000000 -282.3344941442 205.1735991048 480.1170212452
53.0000000000 1.0000000000 -297.6789270990 -103.6016730345 502.9664761673
54.0000000000 1.0000000000 -297.5963700257 51.2091780044 511.0140380442
55.0000000000 1.0000000000 360.5073049494 -188.6095309735 432.1831259393
56.0000000000 1.0000000000 361.4660161681 -11.3992000053 470.6736702189
57.0000000000 1.0000000000 343.2958180537 -131.5805670206 465.9998520729
58.0000000000 1.0000000000 338.7251761713 212.5073701075 438.6652472219
59.0000000000 1.0000000000 303.5869659244 -225.8387149438 457.3326528862
60.0000000000 1.0000000000 287.3002300013 -275.3742950013 440.3963010020
61.0000000000 1.0000000000 326.2340569150 48.6999899873 493.4784468714
62.0000000000 1.0000000000 236.7015689926 -362.7362479886 405.8523229873
63.0000000000 1.0000000000 276.1953660902 -150.2740520491 503.4432991645
64.0000000000 1.0000000000 278.0537692930 -77.5405920817 518.6471675466
65.0000000000 1.0000000000 292.1955999152 176.7474449487 485.4929438590
66.0000000000 1.0000000000 272.1308970181 256.1713990170 461.1315600307
67.0000000000 1.0000000000 144.4278960720 -431.2702852149 381.4024781900
68.0000000000 1.0000000000 152.0148900129 -403.9475130342 407.4790870345
69.0000000000 1.0000000000 237.7599762835 153.7262241833 521.6893406220
70.0000000000 1.0000000000 110.5894020210 -389.3023250738 434.2061840823
71.0000000000 1.0000000000 160.1130389766 312.5693969543 478.5243079300
72.0000000000 1.0000000000 44.3459820129 -441.3913031287 394.3709901150
73.0000000000 1.0000000000 -53.6459800065 -438.2947080534 396.6625570483
74.0000000000 1.0000000000 -46.8617880283 -388.0000982345 446.7451432700
75.0000000000 1.0000000000 -189.0529509896 -398.1675139781 397.5461469781
76.0000000000 1.0000000000 -180.7843290488 155.4981810420 543.5610991467
77.0000000000 1.0000000000 -214.9565589849 216.1297189848 509.3161579642
78.0000000000 1.0000000000 -268.5765701438 -190.9679041023 493.6792602643
79.0000000000 1.0000000000 -251.5465282817 -103.7317291162 527.5276285907
80.0000000000 1.0000000000 -254.2029279310 49.6928689865 534.0719208550
81.0000000000 1.0000000000 -358.6141279857 -158.3942209937 445.6775789822
82.0000000000 1.0000000000 -327.4977773553 -57.9525290629 491.6381155333
83.0000000000 1.0000000000 398.7331470154 -6.2473280002 439.6523340170
84.0000000000 1.0000000000 339.5808528677 -67.1511019738 482.1793238121
85.0000000000 1.0000000000 252.6615800082 -302.2523650098 443.9898200143
86.0000000000 1.0000000000 260.2922070941 -179.6124990649 502.3033381815
87.0000000000 1.0000000000 279.5171299703 37.2385729960 522.3071789445
88.0000000000 1.0000000000 228.1848199892 -187.3571169911 514.9274949756
89.0000000000 1.0000000000 251.2708241638 -30.7268420200 536.8800243500
90.0000000000 1.0000000000 193.6681180253 -297.8278950389 475.5129140621
91.0000000000 1.0000000000 172.2708641007 -259.0570261514 505.5032472954
92.0000000000 1.0000000000 226.8218090464 118.4066270242 535.5866541095
93.0000000000 1.0000000000 110.2025821293 -359.7532384222 459.0798675387
94.0000000000 1.0000000000 151.6964681703 -149.2083091675 554.1176666220
95.0000000000 1.0000000000 176.4251909870 -16.3182539988 566.5061279582
96.0000000000 1.0000000000 164.2885810271 -28.6919550047 569.6554750941
97.0000000000 1.0000000000 134.8196580485 -117.0505300421 566.0778742038
98.0000000000 1.0000000000 166.4834631307 100.9229420793 560.7309004403
99.0000000000 1.0000000000 47.5150640115 -414.8824271001 421.8248651017
100.0000000000 1.0000000000 60.4803949812 -339.6080068943 483.0422858496
101.0000000000 1.0000000000 80.9773510140 -271.5113310471 521.5799000904
102.0000000000 1.0000000000 55.7938109865 -258.6471909375 531.3285308717
103.0000000000 1.0000000000 72.1869110269 -179.7508490670 561.0704132091
104.0000000000 1.0000000000 49.6406799946 -203.5001989778 555.3780679395
105.0000000000 1.0000000000 70.5029590017 -127.5034530031 575.4072720142
106.0000000000 1.0000000000 99.2979141262 142.1370361807 567.6780017215
107.0000000000 1.0000000000 -14.3723060097 -356.7032652406 474.2125513198
108.0000000000 1.0000000000 -19.5912600218 -380.9364634247 454.7800785070
109.0000000000 1.0000000000 46.7606839938 -4.4826369994 591.7048849220
110.0000000000 1.0000000000 9.0171570057 -82.7186780520 587.7054003695
111.0000000000 1.0000000000 23.8556479949 36.9815829921 591.9329328739
112.0000000000 1.0000000000 -51.8261900016 -295.4849820090 512.1757490155
113.0000000000 1.0000000000 -54.7969730279 -194.3193320989 558.1743592841
114.0000000000 1.0000000000 -39.8200389924 -99.5235769810 583.8071158886
115.0000000000 1.0000000000 -95.3766640580 -277.5442951688 515.9397083138
116.0000000000 1.0000000000 -76.6134440388 -156.8418120794 567.3203262873
117.0000000000 1.0000000000 -23.5254849925 230.1695009263 546.6167568249
118.0000000000 1.0000000000 -102.8802739530 -234.7020668929 535.3988377557
119.0000000000 1.0000000000 -137.8312121891 -364.0471574995 448.0999336148
120.0000000000 1.0000000000 -77.5761859904 -71.5163119912 584.1135839278
121.0000000000 1.0000000000 -52.3145280426 36.0333240293 590.1577044805
122.0000000000 1.0000000000 -149.2206841011 -301.9325162045 488.7650453310
123.0000000000 1.0000000000 -89.4323000641 -14.6561000105 586.6075254208
124.0000000000 1.0000000000 -125.8336191216 -151.7721981466 559.8682225409
125.0000000000 1.0000000000 -158.3908679975 -193.5814199969 538.2935009914
126.0000000000 1.0000000000 -133.2694610226 -98.4175810167 569.9776810965
127.0000000000 1.0000000000 -103.7465470302 150.6971550438 564.6665811641
128.0000000000 1.0000000000 -192.9705800257 -195.0598090260 526.3414790702
129.0000000000 1.0000000000 -171.8490239602 -55.4160499872 565.4363808691
130.0000000000 1.0000000000 -239.9046170282 -260.4207020306 476.3907630559
131.0000000000 1.0000000000 -237.8951020880 -235.1536140869 490.3366441813
132.0000000000 1.0000000000 -237.7636868881 -163.4182059231 518.7333087559
133.0000000000 1.0000000000 -211.4915419174 -52.1252859796 552.1554207843
