0.0000000000 777.0810762069 234.6639030000 816.8661580669 220.7527061644
1.0000000000 5439.0007502692 297.2270240000 5457.1861362410 334.3027910810
2.0000000000 6496.2765131462 315.4886260000 6393.3088891426 320.5189128978
3.0000000000 13993.2677856972 397.5465540000 14092.2342389767 443.1268072260
4.0000000000 2834.8429424245 200.3585420000 2890.9123159076 230.9350554775
5.0000000000 2138.5246444707 155.3771710000 1880.5226532766 180.0607880993
6.0000000000 8029.8320383298 305.1261410000 8135.0975386257 347.8085366036
7.0000000000 14048.5133152208 390.1086900000 13963.3602123353 459.5282740881
8.0000000000 5113.5460676466 256.4118090000 5386.3281439899 287.3192465893
9.0000000000 5548.0699439273 284.6308000000 5312.6255374140 299.2352086894
10.0000000000 7418.2996885449 274.5877020000 7750.8609681444 354.4332100130
11.0000000000 8085.0238846129 294.1473610000 8060.6787155292 347.2911025049
12.0000000000 11111.4526177020 367.0015520000 11014.0849971988 392.5175227295
13.0000000000 5388.5785215900 223.1692230000 5392.1163588495 294.6451176209
14.0000000000 6284.7051704691 248.2588909643 6068.6785631001 305.5526178550
15.0000000000 12864.3467376720 336.1474770000 13276.3295659912 428.2169963922
16.0000000000 3542.9951682663 240.2420980000 3491.5196473577 295.2606913147
17.0000000000 12113.3346616171 395.0876750000 12346.8020799773 424.0405388453
18.0000000000 7311.6761384297 302.7175060000 7167.2789922616 344.3445091917
19.0000000000 12745.5270938411 354.0647120000 13222.4315818311 443.4063759466
20.0000000000 20118.0192234429 449.4589730000 20149.0339035883 528.9033028725
21.0000000000 4973.9445565322 251.3252060000 4933.6827028341 283.0564981527
22.0000000000 12903.6051215902 462.7682064449 12814.2679958420 438.4651906846
23.0000000000 8568.9699871214 303.9134660000 8034.5909876027 344.3065731575
24.0000000000 16461.7685695241 392.8691610000 16130.2307691102 488.8469686942
25.0000000000 9989.7649161785 342.8877690000 10424.0333770572 397.9842246001
26.0000000000 5603.3066037063 267.7881020000 5768.2885837688 309.3610578261
27.0000000000 6644.9919965169 328.8084040000 7153.9759591968 328.1197518996
28.0000000000 19066.1996625160 456.0673900000 19174.5831688876 512.1812014884
29.0000000000 8240.3043520710 355.2687448929 8835.7540707759 365.1402539870
30.0000000000 17666.4949410058 500.6739828706 17668.4592979985 517.0802529293
31.0000000000 3288.7543701205 219.0675659750 3238.1594000389 237.4374640848
32.0000000000 13075.3812343110 437.6586999424 12632.5957828331 436.0066959492
33.0000000000 8648.3061607831 236.3840543413 7742.4918331150 325.3959460941
34.0000000000 7274.0596783639 338.0550140000 6724.2521116071 340.1314464411
35.0000000000 6513.7208958051 275.6302800000 6589.4300413696 323.3567577162
36.0000000000 9361.0226078263 349.9596260000 9686.6754961812 388.4546110671
37.0000000000 12933.0335127246 409.5403240000 13378.0463096356 450.5221949963
38.0000000000 13881.5850869082 399.5471790000 14122.5232281984 445.1848714081
39.0000000000 6345.9281895050 267.0893901887 6416.4626142033 331.8770740206
40.0000000000 27386.7917777884 568.2146840000 27436.0820176892 623.2526352587
41.0000000000 6392.7246297977 282.3745800000 6300.0459524556 311.3623375866
42.0000000000 12940.1291267965 369.7756230000 13131.6718190686 431.4209132295
43.0000000000 8243.1198211927 313.4552420000 7805.3695830446 338.0115334347
44.0000000000 13751.3341055215 398.9058798543 12056.4679749238 406.8691563637
45.0000000000 8496.4310782822 305.0906300000 9137.3152745662 407.9331312160
46.0000000000 7621.7490116559 336.9673130000 7326.2504219519 348.5023075953
47.0000000000 5599.8884044075 263.2489340000 5504.3060675337 285.7624847886
48.0000000000 5503.9267222694 280.8303680000 5274.4767736288 283.0565499163
49.0000000000 15066.6304753036 436.8779980000 15393.6524359355 489.2295964147
50.0000000000 12155.7365386743 379.4028960000 12151.4574836450 414.9368542050
51.0000000000 17366.1298467338 450.4003210000 17515.4204543594 511.5721043011
52.0000000000 16000.8093229539 406.2310230000 16513.8592555716 502.6787964342
53.0000000000 4332.2863073619 257.1958200000 4153.7335282120 268.9972102112
54.0000000000 29814.8218416748 552.3375620000 30273.5110618863 649.4132132456
55.0000000000 4091.7073736019 285.0614440000 3710.3606535481 288.9773548372
56.0000000000 14309.0074809799 407.5086700000 14250.9774129433 436.5836663114
57.0000000000 3190.9410721035 222.0641250000 3095.5967358348 224.6971197007
58.0000000000 -37779.2017622618 325.1446450000 -38987.7432179081 1967.7846763070
59.0000000000 2581.0165901418 189.6996620000 2349.9942761135 205.6728314208
60.0000000000 -18489.8692609690 442.1747770000 -25328.4664081043 2402.1975995449
61.0000000000 -2937.1991353090 283.7693880000 -20243.1840835577 2366.7626296687
62.0000000000 -12723.9059529587 259.4088370000 -12942.5400179122 1973.1564224199
63.0000000000 -18792.8610189495 375.7825250000 -24287.0376874422 2220.8519364989
64.0000000000 19529.7013515655 188.1723710000 20063.9935752990 1902.8177547748
65.0000000000 48397.8643794486 376.2258290000 49073.3735230166 3880.5260410975
66.0000000000 4103.3206951345 320.7944660000 0.0000000000 2127.8933720204
67.0000000000 51723.1513692856 348.4334790000 0.0000000000 3935.4109262870
