0.0000000000 1.0000000000 325.9000542346 158.1992141139 470.1951613385
1.0000000000 1.0000000000 397.4164439072 -440.8871698686 0.0000000000
2.0000000000 1.0000000000 397.4164439072 -440.8871698686 0.0000000000
3.0000000000 1.0000000000 397.4164439072 -440.8871698686 0.0000000000
4.0000000000 1.0000000000 397.4164439072 -440.8871698686 0.0000000000
5.0000000000 1.0000000000 397.4164439072 -440.8871698686 0.0000000000
6.0000000000 1.0000000000 397.4164439072 -440.8871698686 0.0000000000
7.0000000000 1.0000000000 449.5557902933 75.5416750493 380.1504612480
8.0000000000 1.0000000000 444.5469703566 48.9220070392 390.2639553130
9.0000000000 1.0000000000 428.3372500974 -83.9682910191 402.2410380915
10.0000000000 1.0000000000 412.2694220224 -134.3696840073 405.3394110220
11.0000000000 1.0000000000 421.4980266112 178.8673432594 377.7131365477
12.0000000000 1.0000000000 382.6345620157 -214.4739820088 399.8912720164
13.0000000000 1.0000000000 418.1103670660 157.6898140249 390.6903760617
14.0000000000 1.0000000000 414.3602440800 48.8748820094 422.1826150815
15.0000000000 1.0000000000 397.5785680328 166.7611580138 407.9746620336
16.0000000000 1.0000000000 387.1435542492 226.0382081455 389.0346042504
17.0000000000 1.0000000000 387.6978958594 120.0606339565 433.1248228429
18.0000000000 1.0000000000 384.1998103271 198.7370511692 406.4669933460
19.0000000000 1.0000000000 337.1593020008 -289.3336750007 393.6126980009
20.0000000000 1.0000000000 366.7908404866 -158.7919912106 438.8290205821
21.0000000000 1.0000000000 331.7033472674 161.6433321303 464.9361773749
22.0000000000 1.0000000000 253.3095940738 -371.9969331084 387.0062761128
23.0000000000 1.0000000000 317.2102662776 298.8340382615 402.9853483527
24.0000000000 1.0000000000 307.9593849260 258.8345019378 436.4482148951
25.0000000000 1.0000000000 261.9679209697 243.6295659718 473.6441379451
26.0000000000 1.0000000000 221.1772171041 362.3507561705 414.8540641952
27.0000000000 1.0000000000 221.8464090019 319.5024060028 448.3566770039
28.0000000000 1.0000000000 210.0214351156 238.4965391313 501.3299552759
29.0000000000 1.0000000000 151.2693171013 275.1024731842 503.7435353374
30.0000000000 1.0000000000 136.2835360775 390.3727332219 425.8606032420
31.0000000000 1.0000000000 124.5264381137 340.7576893112 469.7857914290
32.0000000000 1.0000000000 105.6091910694 261.2571361718 522.4105033434
33.0000000000 1.0000000000 88.3033490704 174.8801151394 560.3041944465
34.0000000000 1.0000000000 74.2139410068 346.4645600318 476.2099600437
35.0000000000 1.0000000000 61.9649849850 283.9610409313 517.5401378749
36.0000000000 1.0000000000 46.7217880435 309.3882012878 504.3979994692
37.0000000000 1.0000000000 19.8645259901 386.2209708075 450.2888947756
38.0000000000 1.0000000000 17.6232050118 408.1547192728 430.6047772878
39.0000000000 1.0000000000 3.0082719990 239.1208039214 543.2619238214
40.0000000000 1.0000000000 -27.0789059877 322.7255458538 497.4296747747
41.0000000000 1.0000000000 -40.9704220205 342.1605411708 483.2896802413
42.0000000000 1.0000000000 -62.8152179931 276.8844729694 521.2586339424
43.0000000000 1.0000000000 -98.4715730563 398.3815932278 428.8551992452
44.0000000000 1.0000000000 -107.8185861021 363.8743873446 456.3900844322
45.0000000000 1.0000000000 -191.8584570724 331.5501961252 453.4160631712
46.0000000000 1.0000000000 -195.5354058365 264.8013757786 493.9306255869
47.0000000000 1.0000000000 -209.2765331166 348.7214481944 432.3401562410
48.0000000000 1.0000000000 -221.2840169862 291.0188489819 467.6138789709
49.0000000000 1.0000000000 -310.8594079928 -280.7382969935 420.5636259903
50.0000000000 1.0000000000 -260.5925540418 294.5143800473 444.6055860714
51.0000000000 1.0000000000 -340.2964861604 -243.3286531147 421.0828831985
52.0000000000 1.0000000000 -295.0486763082 218.6789722284 466.3122474871
53.0000000000 1.0000000000 -306.2725478965 -87.9383379703 500.7846858307
54.0000000000 1.0000000000 -308.5540669131 61.0780469828 503.3738038582
55.0000000000 1.0000000000 355.7291841319 -187.9113610697 436.4257031619
56.0000000000 1.0000000000 354.9014939848 -8.9139439996 475.6961189796
57.0000000000 1.0000000000 336.7391498626 -126.8477099482 472.0569138073
58.0000000000 1.0000000000 335.5364810852 216.5194440550 439.1536481115
59.0000000000 1.0000000000 296.1132829105 -221.1011789332 464.4916778596
60.0000000000 1.0000000000 282.2087700760 -271.8709420732 445.8315011201
61.0000000000 1.0000000000 317.8272153354 52.2321460551 498.5769655261
62.0000000000 1.0000000000 230.4529961082 -361.3597971696 410.6480731927
63.0000000000 1.0000000000 267.9293979749 -146.4802819863 508.9977319523
64.0000000000 1.0000000000 269.3620773797 -72.6351341024 523.9174887386
65.0000000000 1.0000000000 291.4994482791 182.6636491749 483.7182954631
66.0000000000 1.0000000000 265.7349860475 263.4205270471 460.7774620824
67.0000000000 1.0000000000 137.2270520666 -428.9208092081 386.6742841876
68.0000000000 1.0000000000 145.6806370063 -402.3414120175 411.3634240179
69.0000000000 1.0000000000 232.6142269936 161.8255819955 521.5596119856
70.0000000000 1.0000000000 99.6480880772 -386.0609522991 439.7141413407
71.0000000000 1.0000000000 154.6124009784 313.3957829561 479.7910119329
72.0000000000 1.0000000000 31.1239639995 -439.2988479926 397.9562129933
73.0000000000 1.0000000000 -64.9630420174 -436.2597621165 397.2134811061
74.0000000000 1.0000000000 -57.8549990071 -383.9809400474 448.9240060554
75.0000000000 1.0000000000 -208.0967999519 -389.8811929098 396.2444999083
76.0000000000 1.0000000000 -192.3476351577 162.6595131334 537.4621814407
77.0000000000 1.0000000000 -221.3045440853 226.0916210872 502.2232611936
78.0000000000 1.0000000000 -279.5682738260 -181.5775148870 491.1135436943
79.0000000000 1.0000000000 -263.6180270481 -91.3194520167 523.9156610956
80.0000000000 1.0000000000 -261.7774669778 62.0792899947 529.0936079551
81.0000000000 1.0000000000 -365.9586761406 -148.3568470570 443.1543971702
82.0000000000 1.0000000000 -334.8054760928 -43.0085780119 488.2385501353
83.0000000000 1.0000000000 394.9064397341 -4.6400969969 443.1125137016
84.0000000000 1.0000000000 331.3909623998 -62.5163710754 488.4598855893
85.0000000000 1.0000000000 245.1180030375 -295.2992260451 452.8099580692
86.0000000000 1.0000000000 254.2769541486 -171.0985481000 508.3206112972
87.0000000000 1.0000000000 272.7461660013 42.4963180002 525.4758970025
88.0000000000 1.0000000000 219.4726752235 -181.0278521843 520.9433635304
89.0000000000 1.0000000000 243.4061422647 -24.8779370271 540.7918865882
90.0000000000 1.0000000000 183.4003980637 -294.6788421024 481.5080481673
91.0000000000 1.0000000000 167.7274979846 -249.1661299771 511.9619639530
92.0000000000 1.0000000000 217.6146831082 123.0845290612 538.3450332677
93.0000000000 1.0000000000 100.9911490919 -352.2910203207 466.9187844251
94.0000000000 1.0000000000 138.1989139243 -139.8138379234 560.0664936932
95.0000000000 1.0000000000 166.3355381200 -7.7677900056 569.7310564111
96.0000000000 1.0000000000 150.4262960778 -21.1877110110 573.7981672967
97.0000000000 1.0000000000 126.0864271426 -108.7454711229 569.7349926442
98.0000000000 1.0000000000 159.0380931239 107.6479650838 561.6405674374
99.0000000000 1.0000000000 39.2235009989 -410.0371439886 427.3785019881
100.0000000000 1.0000000000 53.8747140752 -336.6480334700 485.8877886783
101.0000000000 1.0000000000 71.1967010500 -261.7616851838 527.9518693706
102.0000000000 1.0000000000 46.6526249857 -248.1352999239 537.1905918352
103.0000000000 1.0000000000 63.2202579887 -168.8324999700 565.5264028994
104.0000000000 1.0000000000 38.5340400038 -194.1784830189 559.5812460546
105.0000000000 1.0000000000 59.0658830541 -116.6845571069 578.9795005303
106.0000000000 1.0000000000 94.5715830846 150.0947571343 566.4354385067
107.0000000000 1.0000000000 -24.3392810030 -347.8117430429 480.3706040593
108.0000000000 1.0000000000 -32.7029980335 -377.8324613875 456.6119484683
109.0000000000 1.0000000000 34.7814500346 4.3810630044 592.5304915893
110.0000000000 1.0000000000 1.0925110005 -70.4730380308 589.3671892572
111.0000000000 1.0000000000 11.8330520046 43.9121160170 591.8217902289
112.0000000000 1.0000000000 -58.3317570445 -287.3102522191 516.1119563936
113.0000000000 1.0000000000 -69.3847049721 -183.0611789264 560.3531867747
114.0000000000 1.0000000000 -49.5130150148 -81.1905370243 585.8992101756
115.0000000000 1.0000000000 -109.2634490330 -266.9537920807 518.7663231569
116.0000000000 1.0000000000 -88.4315940332 -144.2962670543 568.9286132139
117.0000000000 1.0000000000 -33.9692020038 238.9995330267 542.2606780606
118.0000000000 1.0000000000 -116.6765871413 -223.6992322709 537.2769806506
119.0000000000 1.0000000000 -147.6669139542 -355.2297128897 452.0261718597
120.0000000000 1.0000000000 -82.8550930274 -57.3843680190 584.9473431934
121.0000000000 1.0000000000 -59.9959260498 45.6396780379 588.7604224883
122.0000000000 1.0000000000 -160.6548271613 -294.2578392954 489.8200454917
123.0000000000 1.0000000000 -94.1461900929 -8.3736010083 585.9929215782
124.0000000000 1.0000000000 -134.0500429473 -137.0784919461 561.7485197792
125.0000000000 1.0000000000 -169.3776769984 -180.8992699983 539.3588629950
126.0000000000 1.0000000000 -141.6847191163 -86.2461320708 569.9196184677
127.0000000000 1.0000000000 -114.0010040056 156.9604470078 560.9710470277
128.0000000000 1.0000000000 -208.9739450328 -183.1528210287 524.5057300823
129.0000000000 1.0000000000 -179.4340811430 -45.4754890362 563.9651734494
130.0000000000 1.0000000000 -247.3459122194 -250.4257422221 477.9417054238
131.0000000000 1.0000000000 -247.5386010894 -227.1825880821 489.3199761767
132.0000000000 1.0000000000 -246.0596621406 -152.3892790871 518.2214552960
133.0000000000 1.0000000000 -220.8223310837 -43.0019000163 549.2810402083
