0.0000000000 812.8205847585 234.6639030000 848.6591294932 214.1349094382
1.0000000000 5573.9726797007 297.2270240000 5834.9199204883 341.1068323393
2.0000000000 6440.7681029080 315.4886260000 6179.4045356522 311.7197350079
3.0000000000 14166.4833062386 397.5465540000 14265.1051679308 445.9450479913
4.0000000000 2870.5637427558 200.3585420000 2864.6348634350 229.2706962220
5.0000000000 2152.6885026686 155.3771710000 2385.3857667440 198.0677545526
6.0000000000 8034.7399374422 305.1261410000 7785.1437292580 341.1156683068
7.0000000000 13975.0123430316 390.1086900000 13528.1585782890 452.7779271177
8.0000000000 5114.9117912485 256.4118090000 4751.2760379844 272.3420339399
9.0000000000 5455.6744812423 284.6308000000 5254.1558891854 298.7752499319
10.0000000000 7626.4085539001 274.5877020000 7821.5909210318 355.1447742850
11.0000000000 8095.0984672787 294.1473610000 7967.1399797937 344.7821666812
12.0000000000 11058.1394738711 367.0015520000 10699.2605592944 386.4933040339
13.0000000000 5349.1250991460 223.1692230000 5137.6456782270 287.2459622535
14.0000000000 6252.9758529348 247.1533835633 6147.8727234640 305.2605169120
15.0000000000 13046.9987420375 336.1474770000 12979.0880393148 422.8627917998
16.0000000000 3471.1447369577 240.2420980000 3232.1552418137 294.6654003207
17.0000000000 12240.4379478123 395.0876750000 12084.9962609418 419.9915548362
18.0000000000 7282.2601406976 302.7175060000 7147.4844252681 340.9850452542
19.0000000000 13133.9253793745 354.0647120000 13619.7202391298 449.5406342191
20.0000000000 20348.9672100890 449.4589730000 20556.2556392780 532.1119866709
21.0000000000 4972.9095110377 251.3252060000 4887.7027655610 283.0332660036
22.0000000000 13045.4992569338 464.2060266672 13145.4479955868 445.4192499818
23.0000000000 8196.5646064678 303.9134660000 7370.6460940730 336.4478949692
24.0000000000 16501.5153740892 392.8691610000 16606.9488665681 492.8757921800
25.0000000000 10269.2119638822 342.8877690000 10473.9932153624 399.1177099842
26.0000000000 5694.7001158538 267.7881020000 5694.2802620431 309.7552099408
27.0000000000 6989.5124001491 328.8084040000 7347.1235698778 332.6831347070
28.0000000000 19216.9197877211 456.0673900000 19109.5230707586 514.0213743426
29.0000000000 8717.3770558663 358.7815600000 9350.8056121172 374.3948225093
30.0000000000 17978.4854809490 502.7637965024 18462.3357842929 527.3692533147
31.0000000000 3200.8724294659 224.6561650174 2889.9199422401 225.5192161034
32.0000000000 12939.6752321300 439.4733695710 12605.7451356214 437.2425686923
33.0000000000 8013.2299378313 209.3095136527 6713.0970129336 306.3236674130
34.0000000000 7074.3917045234 338.0550140000 6769.5192862518 345.5218444527
35.0000000000 6577.8982376290 275.6302800000 6574.0338366686 321.1002830497
36.0000000000 9642.3175691601 349.9596260000 9972.2322686948 396.1656057425
37.0000000000 13236.2451482872 409.5403240000 13434.9744029010 451.8178931091
38.0000000000 13957.6984813637 399.5471790000 13635.4729346720 437.6887518320
39.0000000000 6339.3993259037 273.9292217268 6068.8023021302 323.0490331602
40.0000000000 27700.4015196046 568.2146840000 27903.9513466151 627.5875630758
41.0000000000 6399.8255869218 282.3745800000 6352.6990407956 314.7517950512
42.0000000000 13088.9536906266 369.7756230000 13071.7540583819 430.1592649835
43.0000000000 8140.6561165260 313.4552420000 8020.9640270765 343.9543262744
44.0000000000 13171.8914945062 360.9014528626 12600.5166581453 416.1271219221
45.0000000000 8702.0095942998 305.0906300000 8574.5969137665 404.9712454371
46.0000000000 7385.7680203529 336.9673130000 6726.2996880365 334.2608969757
47.0000000000 5559.2287239520 263.2489340000 5388.4513419116 282.7710245263
48.0000000000 5438.4543323495 280.8303680000 5288.9883380515 282.3800599754
49.0000000000 14931.4478678341 436.8779980000 13860.0234089797 471.2827559592
50.0000000000 12448.8578976139 379.4028960000 13028.1215593443 431.7516542181
51.0000000000 17621.6440140502 450.4003210000 17846.2330242064 514.7596371658
52.0000000000 15805.7535892359 406.2310230000 14498.9385911667 471.2479704128
53.0000000000 4331.9491008459 257.1958200000 4369.7803735970 274.7254673293
54.0000000000 30254.0823308672 552.3375620000 30477.0073764151 652.9235192593
55.0000000000 3973.8228804469 285.0614440000 3857.9518489294 289.0373407385
56.0000000000 14457.9004829876 407.5086700000 14581.6534314527 441.5865795902
57.0000000000 3179.6464845048 222.0641250000 3137.0903931793 228.0549684482
58.0000000000 -38531.3694667244 325.1446450000 -39909.7515831404 1975.9242174524
59.0000000000 2582.8932801211 189.6996620000 2728.6524349666 222.7876781188
60.0000000000 -21674.9627881983 442.1747770000 -25397.4287838548 2411.2013562053
61.0000000000 -10790.3840798071 283.7693880000 -18745.4888605527 2371.2484866827
62.0000000000 -12590.1826917357 259.4088370000 -12129.6345784285 1966.8553055014
63.0000000000 -21098.1405434003 375.7825250000 -23309.7799999038 2226.9511252380
64.0000000000 19480.7368852877 188.1723710000 18811.6119309072 1901.0067123035
65.0000000000 48960.9476268378 376.2258290000 49764.9320743514 3882.8657874114
66.0000000000 2178.9736716183 320.7944660000 0.0000000000 2127.5138912994
67.0000000000 27048.0790188569 348.4334790000 0.0000000000 3939.4760150418
