0.0000000000 1.0000000000 326.3656350143 157.8979110069 469.9734550205
1.0000000000 1.0000000000 396.4382404826 -441.7669611069 0.0000000000
2.0000000000 1.0000000000 396.4382404826 -441.7669611069 0.0000000000
3.0000000000 1.0000000000 396.4382404826 -441.7669611069 0.0000000000
4.0000000000 1.0000000000 396.4382404826 -441.7669611069 0.0000000000
5.0000000000 1.0000000000 396.4382404826 -441.7669611069 0.0000000000
6.0000000000 1.0000000000 396.4382404826 -441.7669611069 0.0000000000
7.0000000000 1.0000000000 449.7012358733 81.1234209771 378.8259698933
8.0000000000 1.0000000000 446.0592569390 49.0476139933 388.5187219468
9.0000000000 1.0000000000 429.9866410923 -82.7738450178 400.7259730860
10.0000000000 1.0000000000 412.9887618218 -133.6666489423 404.8392718253
11.0000000000 1.0000000000 422.7746790051 181.3714230022 375.0830630045
12.0000000000 1.0000000000 383.5399550885 -212.2697690490 400.1999180924
13.0000000000 1.0000000000 420.5720519754 153.8211159910 389.5889369772
14.0000000000 1.0000000000 415.1412200663 54.3957960087 420.7376750672
15.0000000000 1.0000000000 394.7887289820 161.4807599926 412.7797839812
16.0000000000 1.0000000000 387.1240090688 226.0431330402 389.0511920692
17.0000000000 1.0000000000 387.8535460094 122.0846910030 432.4191040105
18.0000000000 1.0000000000 383.5081311243 196.1123210635 408.3904961323
19.0000000000 1.0000000000 337.8747749301 -287.9262799405 394.0309889185
20.0000000000 1.0000000000 366.6277172363 -157.5796071015 439.4019922832
21.0000000000 1.0000000000 334.8396773624 161.5480901749 462.7158215009
22.0000000000 1.0000000000 255.7705400618 -369.9212110894 387.3771480936
23.0000000000 1.0000000000 316.1185171592 297.7836371500 404.6174922038
24.0000000000 1.0000000000 311.0546919554 253.9284659636 437.1345779373
25.0000000000 1.0000000000 262.1413638886 241.9797618972 474.3933247985
26.0000000000 1.0000000000 223.2599260720 356.4174911150 418.8590501352
27.0000000000 1.0000000000 220.3710992236 312.9999823176 453.6396324603
28.0000000000 1.0000000000 208.7210549479 241.7647799396 500.3065448750
29.0000000000 1.0000000000 149.5699749870 276.4007739761 503.5402279564
30.0000000000 1.0000000000 137.7487650842 389.6805572383 426.0230832605
31.0000000000 1.0000000000 124.1231961678 339.4421814590 470.8436726367
32.0000000000 1.0000000000 107.9993400821 266.5169052027 519.2554363948
33.0000000000 1.0000000000 88.9128239717 180.2123079426 558.5153178221
34.0000000000 1.0000000000 79.3101420498 339.9901712135 480.0394893015
35.0000000000 1.0000000000 65.6977179786 284.4545389074 516.8082348318
36.0000000000 1.0000000000 44.7918919964 309.2376099750 504.6653479593
37.0000000000 1.0000000000 20.2292580254 384.6130554838 451.6468765681
38.0000000000 1.0000000000 13.2447390023 403.6018070693 435.0304410747
39.0000000000 1.0000000000 7.2123550038 241.1070091275 542.3437272869
40.0000000000 1.0000000000 -27.9646230048 323.9384690558 496.5915570855
41.0000000000 1.0000000000 -41.5755980367 344.5397763042 481.5445344251
42.0000000000 1.0000000000 -65.3901970316 282.8625901366 517.7201982499
43.0000000000 1.0000000000 -99.2308890727 399.3467272926 427.7811923134
44.0000000000 1.0000000000 -104.5387859573 365.0062648508 456.2492688135
45.0000000000 1.0000000000 -186.0001910718 329.1051091270 457.6189271766
46.0000000000 1.0000000000 -198.4033880196 269.2116090266 490.3901830484
47.0000000000 1.0000000000 -206.5424920960 347.1448311613 434.9160742021
48.0000000000 1.0000000000 -217.4416030840 291.1308751125 469.3434661813
49.0000000000 1.0000000000 -300.9268100138 -278.2749530127 429.3337070197
50.0000000000 1.0000000000 -266.1684141108 293.1744091220 442.1814871840
51.0000000000 1.0000000000 -346.3129523965 -237.1855442716 419.6804534805
52.0000000000 1.0000000000 -295.5942521360 217.9502691003 466.3078862145
53.0000000000 1.0000000000 -307.1345912501 -88.9846660725 500.0713934072
54.0000000000 1.0000000000 -311.6360283989 60.8381810779 501.5007756419
55.0000000000 1.0000000000 356.5111021415 -185.5944750737 436.7789501734
56.0000000000 1.0000000000 355.7854709534 -6.9443399991 475.0682069377
57.0000000000 1.0000000000 337.1605721263 -126.8015450475 471.7684211767
58.0000000000 1.0000000000 336.0001829227 215.2137309505 439.4408418989
59.0000000000 1.0000000000 300.0226279585 -220.3582129695 462.3310579361
60.0000000000 1.0000000000 285.1897350772 -266.7500850722 447.0263231210
61.0000000000 1.0000000000 322.4651782361 51.7576220379 495.6396713629
62.0000000000 1.0000000000 231.7184818231 -361.0041777244 410.2485286868
63.0000000000 1.0000000000 270.6599983075 -142.5703911620 508.6631255779
64.0000000000 1.0000000000 272.5010528814 -70.9308879691 522.5258957726
65.0000000000 1.0000000000 290.2622103447 181.6122922157 484.8568355758
66.0000000000 1.0000000000 267.0418290033 262.4821700033 460.5573780057
67.0000000000 1.0000000000 136.9921990926 -426.9627982886 388.9180282629
68.0000000000 1.0000000000 146.7398250481 -402.8374271322 410.5006181347
69.0000000000 1.0000000000 233.9577342781 161.7134661922 520.9931476192
70.0000000000 1.0000000000 101.2905550918 -387.3037013511 438.2435313972
71.0000000000 1.0000000000 152.1353249936 310.3085519870 482.5813629797
72.0000000000 1.0000000000 30.3104690121 -440.5131711761 396.6746121586
73.0000000000 1.0000000000 -64.5910580555 -435.6508513746 397.9417763422
74.0000000000 1.0000000000 -56.8868220295 -388.6487132012 445.0139252304
75.0000000000 1.0000000000 -211.3596281401 -383.1702132540 401.0349382659
76.0000000000 1.0000000000 -187.2998309232 165.7165649321 538.3104307793
77.0000000000 1.0000000000 -222.4852160898 226.4096570913 501.5578952024
78.0000000000 1.0000000000 -281.9724682345 -177.0662631472 491.3861944086
79.0000000000 1.0000000000 -263.1927272195 -94.4244430787 523.5789714366
80.0000000000 1.0000000000 -264.9971290916 61.4513240212 527.5619231823
81.0000000000 1.0000000000 -369.1731293403 -149.0855221374 440.2340674058
82.0000000000 1.0000000000 -337.7445150280 -42.2665480035 486.2751360402
83.0000000000 1.0000000000 394.1531228606 -2.5203819991 443.7998308431
84.0000000000 1.0000000000 331.9539802198 -61.7289730409 488.1776473233
85.0000000000 1.0000000000 248.1715920141 -293.9879090167 451.9992220256
86.0000000000 1.0000000000 255.5281248574 -170.1253619051 508.0197487166
87.0000000000 1.0000000000 275.7529503165 42.3915750487 523.9127706014
88.0000000000 1.0000000000 219.6373962437 -181.4430372014 520.7294545779
89.0000000000 1.0000000000 246.7737898849 -22.1467709897 539.3825577483
90.0000000000 1.0000000000 186.8894980871 -290.3774621353 482.7779732249
91.0000000000 1.0000000000 171.1480441401 -249.9937242046 510.4241484177
92.0000000000 1.0000000000 222.7882621864 125.8087311052 535.5920834480
93.0000000000 1.0000000000 103.6946860281 -352.1423470956 466.4381051266
94.0000000000 1.0000000000 138.0715570738 -136.8976740731 560.8177942997
95.0000000000 1.0000000000 171.6835771139 -7.5026720050 568.1459193770
96.0000000000 1.0000000000 153.1437050422 -21.4155990059 573.0704181579
97.0000000000 1.0000000000 125.6696210413 -107.9147270354 569.9849861872
98.0000000000 1.0000000000 158.8646550679 113.6827560486 560.4994012396
99.0000000000 1.0000000000 38.9035890569 -408.6126175977 428.7698286272
100.0000000000 1.0000000000 55.0161420286 -331.4740191724 489.3051452545
101.0000000000 1.0000000000 70.6713920841 -260.5966333102 528.5984066291
102.0000000000 1.0000000000 48.2105059737 -244.7057188666 538.6243447063
103.0000000000 1.0000000000 64.9154810039 -164.7044800099 566.5507400342
104.0000000000 1.0000000000 38.3653250053 -191.2138540266 560.6127810781
105.0000000000 1.0000000000 62.6825510154 -116.1561820286 578.7054221426
106.0000000000 1.0000000000 92.6427720660 151.1123451077 566.4836294038
107.0000000000 1.0000000000 -26.6508910101 -347.9119101317 480.1753421818
108.0000000000 1.0000000000 -33.2016110007 -376.8489050082 457.3881090099
109.0000000000 1.0000000000 36.5591290232 3.6030570023 592.4287083758
110.0000000000 1.0000000000 -0.4695620001 -70.3794740095 589.3791950792
111.0000000000 1.0000000000 11.3864580082 44.9399460325 591.7533914285
112.0000000000 1.0000000000 -63.4431120005 -288.0227670021 515.1108460038
113.0000000000 1.0000000000 -67.3645810790 -181.5706222131 561.0841726584
114.0000000000 1.0000000000 -49.2179240509 -85.1770520881 585.3578326052
115.0000000000 1.0000000000 -107.1032640135 -269.0483230339 518.1343620653
116.0000000000 1.0000000000 -85.5927820815 -142.9694041362 569.6972455428
117.0000000000 1.0000000000 -33.8792360115 241.5859560823 541.1189791844
118.0000000000 1.0000000000 -113.9039730410 -222.4551530800 538.3873291936
119.0000000000 1.0000000000 -151.0052381535 -356.1486183619 450.1965194575
120.0000000000 1.0000000000 -84.0020650526 -59.3472200372 584.5877923660
121.0000000000 1.0000000000 -59.6348560343 46.5633900268 588.7247753386
122.0000000000 1.0000000000 -159.1646660458 -295.7791300851 489.3900711408
123.0000000000 1.0000000000 -96.6875061084 -4.9577960056 585.6178556566
124.0000000000 1.0000000000 -134.3550920409 -139.3689070424 561.1117031706
125.0000000000 1.0000000000 -166.2245740162 -182.6933440179 539.7349900528
126.0000000000 1.0000000000 -141.5809270828 -86.6204200506 569.8886473331
127.0000000000 1.0000000000 -114.5988401100 160.6992091543 559.7894215374
128.0000000000 1.0000000000 -206.3988500855 -183.3041550759 525.4716242176
129.0000000000 1.0000000000 -181.1931949774 -46.6997649942 563.3023029297
130.0000000000 1.0000000000 -253.2483859486 -251.7351799489 474.1476359037
131.0000000000 1.0000000000 -251.1391113001 -224.8112372687 488.5799635839
132.0000000000 1.0000000000 -252.0082370366 -153.9273970224 514.8975930748
133.0000000000 1.0000000000 -219.6462190270 -41.9899160052 549.8306210676
