0.0000000000 816.0547471674 234.6639030000 762.6064583417 231.6239605047
1.0000000000 5696.0204466582 297.2270240000 5701.8826291066 341.4610164186
2.0000000000 6303.9517639840 315.4886260000 5953.4753766595 314.4476882398
3.0000000000 14311.7690412313 397.5465540000 14326.6890004339 446.5961895978
4.0000000000 2874.7006211885 200.3585420000 2830.6213767515 227.5762503123
5.0000000000 2192.0121032253 155.3771710000 2051.0542416705 184.8119221694
6.0000000000 7974.7327217514 305.1261410000 7846.3975619209 342.3890349988
7.0000000000 13908.4468805262 390.1086900000 13803.7397576056 458.9650060962
8.0000000000 5025.3802641532 256.4118090000 4958.1743772166 275.6942583828
9.0000000000 5388.6721303358 284.6308000000 5231.5508476114 297.8103979586
10.0000000000 7734.2276062987 274.5877020000 7754.2198305180 352.2151937778
11.0000000000 7993.5606914477 294.1473610000 7628.2037861770 338.0943466849
12.0000000000 10867.1059849397 367.0015520000 10336.4904324561 379.5238566834
13.0000000000 5273.2978378888 223.1692230000 5144.7649824268 287.3585192044
14.0000000000 6279.6519740440 247.1818750670 6251.1822008477 306.6250875378
15.0000000000 13191.9220887574 336.1474770000 13441.6275691884 429.7050403388
16.0000000000 3415.9940986610 240.2420980000 3396.3648684978 300.9187197063
17.0000000000 12252.5695308616 395.0876750000 12103.3038758678 423.0241650310
18.0000000000 7305.9832459753 302.7175060000 7322.2983470231 348.0055622655
19.0000000000 13352.6806373822 354.0647120000 13329.5753541313 445.8190982319
20.0000000000 20598.1320452455 449.4589730000 20702.5117240512 534.0720129789
21.0000000000 5047.6669226901 251.3252060000 5228.9531130084 291.9597022398
22.0000000000 13157.6991339479 465.6438468895 12997.4267336639 442.1269707396
23.0000000000 7881.2786878341 303.9134660000 7488.1072762343 336.4313254722
24.0000000000 16563.3412527605 392.8691610000 16339.8116083635 492.4609696768
25.0000000000 10543.7881725778 342.8877690000 10943.8735025722 407.1372719035
26.0000000000 5686.7917528965 267.7881020000 5540.6839038339 306.0889901460
27.0000000000 7150.4309896525 328.8084040000 7095.7398856194 327.1119093410
28.0000000000 19235.8455254034 456.0673900000 18938.1672681538 513.6365506003
29.0000000000 9142.6367603921 359.1196864868 9586.6801828422 379.6135865700
30.0000000000 18357.3454059755 504.8536101343 18607.2304505140 530.2175521819
31.0000000000 3219.9407201075 229.6837915851 3463.1092433736 245.7865605938
32.0000000000 12876.6740040781 441.2880391995 12657.0253711731 437.5122795174
33.0000000000 7226.7912979922 199.5870918732 5836.5928089009 284.5030131950
34.0000000000 7160.0561487747 338.0550140000 7479.6153792855 359.0231026812
35.0000000000 6677.5963258804 275.6302800000 6850.0767453252 328.0478074227
36.0000000000 9749.1024553984 349.9596260000 9559.4861741443 390.8906436011
37.0000000000 13475.6676116042 409.5403240000 13709.3962918188 458.3844116839
38.0000000000 13904.5008595914 399.5471790000 13696.2897897655 436.0413922805
39.0000000000 6241.8738635603 291.2052492749 6006.6087270293 323.1717350221
40.0000000000 28032.8261132930 568.2146840000 28156.8766573079 630.3899077570
41.0000000000 6431.4722893031 282.3745800000 6398.9290547761 323.4621434172
42.0000000000 13133.6730436316 369.7756230000 12988.1611845582 427.4407654951
43.0000000000 8268.4839693041 313.4552420000 8553.2295889674 355.8996474743
44.0000000000 13169.7900852128 308.5855775200 13305.1081286259 427.8069894680
45.0000000000 8692.7341556890 305.0906300000 8624.8196409909 400.7132399766
46.0000000000 7129.1385991574 336.9673130000 6726.7447361911 332.5741468630
47.0000000000 5657.7501662534 263.2489340000 5969.7896852280 297.1880634028
48.0000000000 5497.3222849277 280.8303680000 5645.9053590168 289.5770482885
49.0000000000 14889.3280114265 436.8779980000 15351.8255191738 488.6513139357
50.0000000000 12677.3121265224 379.4028960000 12537.7796654628 425.9693577726
51.0000000000 17696.5857099528 450.4003210000 17306.8513592857 512.0213367371
52.0000000000 15713.6308065541 406.2310230000 16331.0834940037 501.0251104449
53.0000000000 4346.3295665982 257.1958200000 4235.4967796139 269.3752205015
54.0000000000 30774.3445046351 552.3375620000 31454.1697682771 662.8033347313
55.0000000000 3835.8006929807 285.0614440000 3413.4876109253 289.8077024634
56.0000000000 14589.5810241522 407.5086700000 14504.9191679011 440.7362278014
57.0000000000 3162.3077307880 222.0641250000 3059.8290576030 225.3439837568
58.0000000000 -39001.4479601529 325.1446450000 -39383.2309531881 1971.3735514644
59.0000000000 2593.3646706294 189.6996620000 2432.4378256419 216.4169315353
60.0000000000 -23615.3152756577 442.1747770000 -26433.2293275944 2405.6050230755
61.0000000000 -14046.4149700184 283.7693880000 -16751.4140128852 2373.8288591294
62.0000000000 -11243.1549947947 259.4088370000 -7804.2783734385 1976.3577155035
63.0000000000 -22667.9754515680 375.7825250000 -25638.9487817696 2232.9730264179
64.0000000000 18540.6605536340 188.1723710000 16311.0259883441 1894.7777318101
65.0000000000 49063.9616672745 376.2258290000 48404.1079056444 3871.3461885599
66.0000000000 1174.8422933866 320.7944660000 0.0000000000 2131.0006932002
67.0000000000 14172.5352087123 348.4334790000 0.0000000000 3926.4546576720
