0.0000000000 1.0000000000 326.3254140115 161.6439520057 468.7262350165
1.0000000000 1.0000000000 394.7544589615 -443.2722003156 0.0000000000
2.0000000000 1.0000000000 394.7544589615 -443.2722003156 0.0000000000
3.0000000000 1.0000000000 394.7544589615 -443.2722003156 0.0000000000
4.0000000000 1.0000000000 394.7544589615 -443.2722003156 0.0000000000
5.0000000000 1.0000000000 394.7544589615 -443.2722003156 0.0000000000
6.0000000000 1.0000000000 394.7544589615 -443.2722003156 0.0000000000
7.0000000000 1.0000000000 448.2691292913 69.2094800450 382.8657232488
8.0000000000 1.0000000000 445.7935689449 52.0737989936 388.4298389520
9.0000000000 1.0000000000 430.2753195442 -83.6623041058 400.2313015062
10.0000000000 1.0000000000 414.1157391494 -133.7960900483 403.6435151456
11.0000000000 1.0000000000 423.6079240435 179.6937920185 374.9503890385
12.0000000000 1.0000000000 384.6446326085 -211.4537393345 399.5712066321
13.0000000000 1.0000000000 421.2761452656 156.1442530984 387.9003842445
14.0000000000 1.0000000000 414.4713410154 51.2567760019 421.7909160157
15.0000000000 1.0000000000 397.7815371105 167.5488000466 407.4537701132
16.0000000000 1.0000000000 388.0225311159 224.4019440670 389.1061671162
17.0000000000 1.0000000000 390.0399960821 124.6725990262 429.7055630904
18.0000000000 1.0000000000 382.9700381510 200.0937660789 406.9616211605
19.0000000000 1.0000000000 339.2111303408 -289.0763112904 392.0357403939
20.0000000000 1.0000000000 369.4593090422 -156.8654260179 437.2806690500
21.0000000000 1.0000000000 334.2286498640 162.7949379338 462.7205898118
22.0000000000 1.0000000000 258.3009191869 -368.1526012663 387.3830452803
23.0000000000 1.0000000000 316.8849531133 299.1983391070 402.9709751441
24.0000000000 1.0000000000 306.7694337869 259.9303418195 436.6349256968
25.0000000000 1.0000000000 262.6535640280 244.0750050260 473.0346960504
26.0000000000 1.0000000000 217.6772191667 362.9811152779 416.1522133186
27.0000000000 1.0000000000 219.4876388960 315.5200868504 452.3202157856
28.0000000000 1.0000000000 208.4679881400 240.7903251617 500.8816663364
29.0000000000 1.0000000000 153.0760269200 277.0332808553 502.1370507377
30.0000000000 1.0000000000 136.0909990619 391.1732641779 425.1870691934
31.0000000000 1.0000000000 128.0405080932 337.9111182460 470.8959873428
32.0000000000 1.0000000000 109.6385190680 270.6591811679 516.7633203205
33.0000000000 1.0000000000 91.4135179596 182.3734779193 557.4090147535
34.0000000000 1.0000000000 84.7377900196 337.6609940782 480.7555371114
35.0000000000 1.0000000000 70.2496800037 286.7555310153 514.9345340275
36.0000000000 1.0000000000 58.5313190019 315.2976900105 499.4825100166
37.0000000000 1.0000000000 19.1338120238 385.8422504807 450.6450725615
38.0000000000 1.0000000000 13.3504079995 409.9979349832 429.0044129824
39.0000000000 1.0000000000 10.0364860027 244.3399190653 540.8498861444
40.0000000000 1.0000000000 -29.4623940337 324.8476623711 495.9105665666
41.0000000000 1.0000000000 -43.1505740129 344.6628841031 481.3178271440
42.0000000000 1.0000000000 -63.2830669912 281.4594419609 518.7457589280
43.0000000000 1.0000000000 -94.5786829936 396.2776399731 431.6714389707
44.0000000000 1.0000000000 -103.7130540271 364.1189210953 457.1458631196
45.0000000000 1.0000000000 -193.3528031457 333.6375932514 451.2449183400
46.0000000000 1.0000000000 -199.1883922058 262.4896542712 493.7048635102
47.0000000000 1.0000000000 -209.8964870477 346.5702000787 433.7670890985
48.0000000000 1.0000000000 -221.6866269494 291.4592389335 467.1486678935
49.0000000000 1.0000000000 -312.5172299029 -278.9459539133 420.5275998693
50.0000000000 1.0000000000 -268.7850173368 288.7803803619 443.4882555557
51.0000000000 1.0000000000 -342.9428470224 -238.8095920156 421.5228450275
52.0000000000 1.0000000000 -297.0554382838 221.2189462114 463.8335594432
53.0000000000 1.0000000000 -315.4379871482 -91.8501060431 494.3518592322
54.0000000000 1.0000000000 -313.3763069554 60.5292729914 500.4526189288
55.0000000000 1.0000000000 357.2711721207 -186.8833430632 435.6067631472
56.0000000000 1.0000000000 355.2179081581 -7.2632190032 475.4879702117
57.0000000000 1.0000000000 338.2644900024 -125.5954760009 471.3005810033
58.0000000000 1.0000000000 338.0595323136 216.1749952006 437.3847854058
59.0000000000 1.0000000000 304.7235800421 -217.2625480300 460.7188420636
60.0000000000 1.0000000000 286.1718290269 -269.4195310254 444.7922290419
61.0000000000 1.0000000000 323.9490833904 48.5024800585 495.0008355965
62.0000000000 1.0000000000 230.7471790204 -359.6344570318 411.9952950364
63.0000000000 1.0000000000 276.0620242607 -144.6161451366 505.1705214771
64.0000000000 1.0000000000 272.9436619572 -69.1032949892 522.5397769181
65.0000000000 1.0000000000 291.7708892142 180.8120201327 484.2500263555
66.0000000000 1.0000000000 266.6704271670 263.8834611653 459.9714432881
67.0000000000 1.0000000000 137.2388300431 -427.2410501341 388.5253081220
68.0000000000 1.0000000000 147.0635220918 -402.9632862517 410.2611812562
69.0000000000 1.0000000000 233.2096410939 159.5109230642 522.0065662102
70.0000000000 1.0000000000 102.0303691080 -388.9292264116 436.6293474621
71.0000000000 1.0000000000 151.8574970608 312.4841111251 481.2632411927
72.0000000000 1.0000000000 32.1212929943 -440.8175309219 396.1937069298
73.0000000000 1.0000000000 -63.7317760631 -435.9154344314 397.7905493937
74.0000000000 1.0000000000 -61.8994800326 -388.5129782047 444.4630992341
75.0000000000 1.0000000000 -209.0765972266 -387.7264234203 397.8398214312
76.0000000000 1.0000000000 -190.1881961032 166.9503640905 536.9146602912
77.0000000000 1.0000000000 -224.7893589725 225.1467459725 501.0988059388
78.0000000000 1.0000000000 -281.4986311729 -176.5895581085 491.8292133021
79.0000000000 1.0000000000 -266.8680011298 -94.3446730459 521.7296992538
80.0000000000 1.0000000000 -268.9864891705 66.5262990422 524.9208003328
81.0000000000 1.0000000000 -370.1841360987 -152.1124180406 438.3455761169
82.0000000000 1.0000000000 -336.0723998631 -53.7588279781 486.2989378019
83.0000000000 1.0000000000 395.5440860925 -2.5177130006 442.5605761035
84.0000000000 1.0000000000 331.6153440549 -60.0675250099 488.6148610809
85.0000000000 1.0000000000 248.5556240585 -294.7651070694 451.2814641062
86.0000000000 1.0000000000 258.8155530147 -169.7897660097 506.4654690288
87.0000000000 1.0000000000 276.3283259782 44.2410219965 523.4565069587
88.0000000000 1.0000000000 221.9307202388 -181.2174501950 519.8348945595
89.0000000000 1.0000000000 248.0034229743 -20.7108549979 538.8753929443
90.0000000000 1.0000000000 188.1883252355 -290.7114363638 482.0719256033
91.0000000000 1.0000000000 172.7894450224 -247.7911550322 510.9448870663
92.0000000000 1.0000000000 222.7277920109 127.5265850062 535.2108250261
93.0000000000 1.0000000000 105.8081279982 -351.1891359939 466.6820729918
94.0000000000 1.0000000000 142.4233511136 -139.2817891110 559.1399634458
95.0000000000 1.0000000000 171.4951300608 -9.0135050032 568.1808722014
96.0000000000 1.0000000000 153.1253401646 -21.4573820231 573.0737626159
97.0000000000 1.0000000000 129.9934210075 -105.6009580061 569.4483950329
98.0000000000 1.0000000000 162.8312081712 110.4766751161 560.0019895887
99.0000000000 1.0000000000 38.7983650012 -409.9274040127 427.5225570133
100.0000000000 1.0000000000 53.6151850445 -330.5470522741 490.0871194064
101.0000000000 1.0000000000 69.5932240589 -258.7122372189 529.6660154482
102.0000000000 1.0000000000 48.7981260589 -248.3237133000 536.9128446486
103.0000000000 1.0000000000 62.7656190062 -165.1043070164 566.6766020562
104.0000000000 1.0000000000 40.3260239999 -191.5576069994 560.3577619982
105.0000000000 1.0000000000 60.4207579819 -113.0669949661 579.5571698261
106.0000000000 1.0000000000 93.6131960938 154.0319261544 565.5369675669
107.0000000000 1.0000000000 -24.4997039969 -350.5073189560 478.3991119399
108.0000000000 1.0000000000 -36.0670429886 -374.8133938812 458.8413828546
109.0000000000 1.0000000000 33.9715560090 7.9321070021 592.5405821574
110.0000000000 1.0000000000 4.2415409998 -70.8504719968 589.3076839736
111.0000000000 1.0000000000 12.7300290082 47.5778250305 591.5197573787
112.0000000000 1.0000000000 -62.5589070418 -289.0383041933 514.6499473442
113.0000000000 1.0000000000 -62.5066950372 -184.4666131097 560.7016213334
114.0000000000 1.0000000000 -53.7745939850 -85.6048329761 584.8943768369
115.0000000000 1.0000000000 -108.1173949846 -271.7624849612 516.5047019263
116.0000000000 1.0000000000 -82.7595519525 -143.2032369178 570.0570286729
117.0000000000 1.0000000000 -32.9164850093 244.5999000692 539.8228601526
118.0000000000 1.0000000000 -117.5676340556 -225.9623961068 536.1344732535
119.0000000000 1.0000000000 -151.4312749538 -354.7854528919 451.1287818625
120.0000000000 1.0000000000 -85.8430260332 -58.6494420227 584.3907462259
121.0000000000 1.0000000000 -61.8994260750 48.1455600584 588.3636567131
122.0000000000 1.0000000000 -160.1183339724 -292.4054769496 491.1033319153
123.0000000000 1.0000000000 -100.9677739640 -4.1484709985 584.9013807914
124.0000000000 1.0000000000 -137.3114581349 -139.2042581367 560.4364945505
125.0000000000 1.0000000000 -166.5067519953 -181.6203639949 540.0100659848
126.0000000000 1.0000000000 -148.1197081156 -83.8814300655 568.6350184437
127.0000000000 1.0000000000 -111.6601560184 162.0376560267 559.9974410923
128.0000000000 1.0000000000 -209.3794839913 -182.8625399924 524.4452779782
129.0000000000 1.0000000000 -181.1751988900 -45.1185329726 563.4369456578
130.0000000000 1.0000000000 -253.4805491368 -249.6762521348 475.1112572564
131.0000000000 1.0000000000 -252.7597090954 -226.4100010855 487.0034571839
132.0000000000 1.0000000000 -249.2587708086 -154.4834858814 516.0680616038
133.0000000000 1.0000000000 -226.5990369087 -42.1901159830 546.9864687796
