0.0000000000 827.2504034600 234.6639030000 871.7071799210 216.0209062717
1.0000000000 5703.7188142593 297.2270240000 5596.8934147434 341.5809877643
2.0000000000 6215.6892597052 315.4886260000 6087.6563982948 316.2771364421
3.0000000000 14322.2543191823 397.5465540000 14014.2955440672 442.5376738558
4.0000000000 2878.0744663389 200.3585420000 2865.9516245191 231.0702298623
5.0000000000 2152.2219372816 155.3771710000 2116.5037816370 190.1226074289
6.0000000000 7955.0449104066 305.1261410000 7838.4764557670 341.2045591009
7.0000000000 13849.8367702366 390.1086900000 13464.3265705417 450.9713710857
8.0000000000 4935.1940474389 256.4118090000 4598.6882745764 267.5380190683
9.0000000000 5452.2997488554 284.6308000000 5639.6133016342 304.3911591378
10.0000000000 7770.0772510051 274.5877020000 7736.2366404649 353.2202253191
11.0000000000 7912.9267337689 294.1473610000 7821.0453644811 340.5787754936
12.0000000000 10706.9789542808 367.0015520000 10419.4544735259 381.7582359701
13.0000000000 5226.7021381303 223.1692230000 5109.8153170509 286.4480715315
14.0000000000 6281.8738412775 248.3434497349 6113.2852717463 304.7936084327
15.0000000000 13383.0193006854 336.1474770000 13483.6223889846 429.2218947046
16.0000000000 3452.0113527448 240.2420980000 3504.0697769301 302.8497614313
17.0000000000 12260.0559993628 395.0876750000 12092.6305230692 421.9978343812
18.0000000000 7368.9370569619 302.7175060000 7368.2580191634 348.5678976159
19.0000000000 13458.1743338688 354.0647120000 13551.3073827407 449.8828021315
20.0000000000 20716.0118825305 449.4589730000 20529.5136854009 534.7347028585
21.0000000000 5227.3198222958 251.3252060000 5480.9372136432 299.1679001091
22.0000000000 13233.1531982712 467.0816671118 13195.5949313325 446.2776539123
23.0000000000 7801.9987023307 303.9134660000 7723.0687468148 341.6533836005
24.0000000000 16502.2282847725 392.8691610000 16209.1475177994 488.4345268216
25.0000000000 10809.2463638488 342.8877690000 11005.9851536312 408.1850996255
26.0000000000 5704.2163028225 267.7881020000 5763.6182102249 310.2570904750
27.0000000000 7117.3791286298 328.8084040000 6854.0521851627 321.5955266358
28.0000000000 19120.1100131332 456.0673900000 18590.6042884223 508.6862212836
29.0000000000 9490.3410330430 359.4578129736 9872.5122920874 383.0436241182
30.0000000000 18620.6928758491 506.9434237661 18735.1738197820 531.6236283945
31.0000000000 3306.9514907794 233.6583065600 3249.1755647286 239.0077566491
32.0000000000 12831.2214674303 443.1027088281 12563.2495603880 436.7559546382
33.0000000000 6640.2868974670 209.3095136527 5911.8143280794 286.8600416829
34.0000000000 7187.7603081158 338.0550140000 6786.2003088056 347.2602347385
35.0000000000 6749.1788149617 275.6302800000 6680.2501132109 326.4633891185
36.0000000000 10022.2040897539 349.9596260000 10797.5567013118 412.3423358439
37.0000000000 13484.8681753545 409.5403240000 13008.7122834541 449.9523488526
38.0000000000 13979.3885472631 399.5471790000 14055.0485036573 442.0143839956
39.0000000000 6171.6563332328 312.3186175003 5985.9050057501 321.3200155786
40.0000000000 28655.6889940540 568.2146840000 29714.8559136414 648.4264087494
41.0000000000 6430.0304473219 282.3745800000 6291.0668433293 318.1152319017
42.0000000000 13174.9953432020 369.7756230000 13133.9733052519 430.3912799167
43.0000000000 8434.0516520061 313.4552420000 8469.4916010915 354.8499865046
44.0000000000 13320.7113371995 254.9005024418 13273.4293056912 426.4591424062
45.0000000000 8517.5396270488 305.0906300000 7913.5390063982 390.3414197584
46.0000000000 7003.7952488802 336.9673130000 6773.4684783013 336.4928664147
47.0000000000 5797.3842261522 263.2489340000 5794.5059961069 291.8160461593
48.0000000000 5492.2563860188 280.8303680000 5187.1592075264 279.5620970642
49.0000000000 15128.3638953639 436.8779980000 15029.7337609853 491.5829287837
50.0000000000 12790.8977424275 379.4028960000 12948.0702994109 432.6691446252
51.0000000000 17592.1056819383 450.4003210000 17227.8449802366 510.7809515192
52.0000000000 16000.2822090867 406.2310230000 16002.5942466508 494.4848039592
53.0000000000 4320.3149080104 257.1958200000 4219.9625720990 273.2354206358
54.0000000000 31273.0428992671 552.3375620000 31484.9900844458 662.9729047486
55.0000000000 3722.3377627754 285.0614440000 3652.0735883375 294.9591662685
56.0000000000 14603.2188757004 407.5086700000 14354.0269312874 438.5952214777
57.0000000000 3074.6292364442 222.0641250000 2821.0255281675 215.1180697256
58.0000000000 -39355.7763032065 325.1446450000 -40282.1134412707 1963.8824340199
59.0000000000 2551.5067871330 189.6996620000 2507.1359560721 214.1608260261
60.0000000000 -24483.6161750845 442.1747770000 -24938.2775565783 2414.1707822758
61.0000000000 -15987.6649582771 283.7693880000 -19474.3675419527 2364.1101864912
62.0000000000 -10134.9052058567 259.4088370000 -10060.4378159764 1970.7048183473
63.0000000000 -23460.3460214048 375.7825250000 -23453.9588163733 2225.1896855544
64.0000000000 17868.4753478687 188.1723710000 17818.7838686023 1898.6546621630
65.0000000000 48267.1339336918 376.2258290000 46241.7776114073 3864.9239169377
66.0000000000 650.8828347089 320.7944660000 0.0000000000 2129.4536139482
67.0000000000 7454.0289343397 348.4334790000 0.0000000000 3926.8106067239
