0.0000000000 1.0000000000 327.3434893439 157.6377151656 469.3803544931
1.0000000000 1.0000000000 393.6945010712 -444.2138744668 0.0000000000
2.0000000000 1.0000000000 393.6945010712 -444.2138744668 0.0000000000
3.0000000000 1.0000000000 393.6945010712 -444.2138744668 0.0000000000
4.0000000000 1.0000000000 393.6945010712 -444.2138744668 0.0000000000
5.0000000000 1.0000000000 393.6945010712 -444.2138744668 0.0000000000
6.0000000000 1.0000000000 393.6945010712 -444.2138744668 0.0000000000
7.0000000000 1.0000000000 449.2418650612 73.4069500100 380.9389620519
8.0000000000 1.0000000000 445.5227583320 50.0097450373 389.0113412899
9.0000000000 1.0000000000 429.8086940105 -85.7439330021 400.2921320097
10.0000000000 1.0000000000 414.3690863145 -131.6117390999 404.1013943067
11.0000000000 1.0000000000 427.8078952801 174.3911511142 372.6787592440
12.0000000000 1.0000000000 384.1655742395 -212.6134631325 399.4166412490
13.0000000000 1.0000000000 421.0442873004 157.8574281126 387.4584712765
14.0000000000 1.0000000000 414.7797153469 52.4636900439 421.3391453524
15.0000000000 1.0000000000 399.1267450516 168.3927570218 405.7869480524
16.0000000000 1.0000000000 388.1517590791 227.3113800463 387.2842300789
17.0000000000 1.0000000000 390.7700060517 123.1576560163 429.4791270568
18.0000000000 1.0000000000 384.6889669632 195.0580219813 407.7843709610
19.0000000000 1.0000000000 340.9071011859 -286.9954121565 392.0934942138
20.0000000000 1.0000000000 369.3669441021 -155.9247320431 437.6949451210
21.0000000000 1.0000000000 337.8992284566 163.3817372208 459.8389346214
22.0000000000 1.0000000000 258.5983820247 -368.3785770352 386.9695430370
23.0000000000 1.0000000000 319.4772301250 297.0937091162 402.4809981574
24.0000000000 1.0000000000 307.8005358454 256.0736798714 438.1853797800
25.0000000000 1.0000000000 263.2874732806 246.0243892622 471.6704705027
26.0000000000 1.0000000000 221.0467580956 360.5223161559 416.5132851801
27.0000000000 1.0000000000 218.3596951671 319.9610462449 449.7391453442
28.0000000000 1.0000000000 205.7194500794 242.5948740937 501.1472451935
29.0000000000 1.0000000000 152.8857740877 279.0930291601 501.0532382875
30.0000000000 1.0000000000 139.7376730712 390.7258161990 424.4149452162
31.0000000000 1.0000000000 125.4965159697 340.4573779178 469.7453828866
32.0000000000 1.0000000000 110.0332580902 272.0327172229 515.9575654227
33.0000000000 1.0000000000 92.0077729875 185.0258789750 556.4362679247
34.0000000000 1.0000000000 80.7844770972 340.6938824099 479.2941405767
35.0000000000 1.0000000000 70.3961810538 290.1956592216 512.9836093917
36.0000000000 1.0000000000 55.6818310169 312.2904960946 501.6926411521
37.0000000000 1.0000000000 20.1877789880 392.7639887665 444.5787097357
38.0000000000 1.0000000000 15.6986119999 407.1910279986 431.5904849985
39.0000000000 1.0000000000 12.0444850024 245.1716660484 540.4323371067
40.0000000000 1.0000000000 -24.7098659961 330.7416589481 492.2608089227
41.0000000000 1.0000000000 -36.4494250292 343.0283432743 483.0365633863
42.0000000000 1.0000000000 -66.6945089717 284.4200808794 516.6995127810
43.0000000000 1.0000000000 -96.0477669750 399.0615958959 428.7726618882
44.0000000000 1.0000000000 -103.9311729815 365.7159069349 455.8196059189
45.0000000000 1.0000000000 -195.6308088648 333.3061377697 450.5074156887
46.0000000000 1.0000000000 -203.3366329841 266.0550439792 490.0920869617
47.0000000000 1.0000000000 -211.0017412338 347.9006363854 432.1628614788
48.0000000000 1.0000000000 -221.8914702624 289.8946943428 468.0241105534
49.0000000000 1.0000000000 -310.4990541722 -282.0189811564 419.9725682330
50.0000000000 1.0000000000 -267.7097751938 293.2983032123 441.1676643194
51.0000000000 1.0000000000 -342.6338753822 -243.6332892718 419.0061744674
52.0000000000 1.0000000000 -299.2241779760 217.6819599825 464.1128979627
53.0000000000 1.0000000000 -310.7809713191 -91.5249340940 497.3526925107
54.0000000000 1.0000000000 -314.0939593437 58.1010000636 500.2905005474
55.0000000000 1.0000000000 358.3367351210 -183.7511950620 436.0637671472
56.0000000000 1.0000000000 359.8435112528 -5.4206530038 472.0218113316
57.0000000000 1.0000000000 338.5283853320 -123.3766951210 471.6969894626
58.0000000000 1.0000000000 338.4232139377 212.9731069608 438.6724409193
59.0000000000 1.0000000000 304.6192778408 -216.0675658871 461.3493567590
60.0000000000 1.0000000000 287.8193050597 -267.5168960555 444.8776060922
61.0000000000 1.0000000000 324.9666252790 49.3510220424 494.2494264243
62.0000000000 1.0000000000 232.0544840695 -358.6393191074 412.1284771234
63.0000000000 1.0000000000 274.6149842950 -142.2139311528 506.6390575442
64.0000000000 1.0000000000 272.8477460339 -68.4399790085 522.6771500650
65.0000000000 1.0000000000 291.3861423782 182.5377302369 483.8340826280
66.0000000000 1.0000000000 268.3556891284 262.2323041255 459.9356142201
67.0000000000 1.0000000000 138.6650230467 -429.5692291446 385.4395091297
68.0000000000 1.0000000000 148.5451000326 -404.8392710889 407.8735640895
69.0000000000 1.0000000000 234.7321141869 158.2256041260 521.7152664154
70.0000000000 1.0000000000 103.4609530949 -387.3501133552 437.6951534013
71.0000000000 1.0000000000 150.7654661284 313.9135332674 480.6759764095
72.0000000000 1.0000000000 33.1133420279 -440.9510953719 395.9633373339
73.0000000000 1.0000000000 -66.8563360222 -435.3733111443 397.8713821319
74.0000000000 1.0000000000 -64.0973260381 -388.0233362307 444.5792952643
75.0000000000 1.0000000000 -210.2664371007 -383.8938721839 400.9175061920
76.0000000000 1.0000000000 -192.9733062437 169.8308702144 535.0141166756
77.0000000000 1.0000000000 -227.0395770309 230.1734870313 497.7896370677
78.0000000000 1.0000000000 -280.8059359361 -179.4609159592 491.1854358882
79.0000000000 1.0000000000 -265.4697080114 -93.9617550040 522.5115780224
80.0000000000 1.0000000000 -263.7279910660 60.1640360151 528.3456841323
81.0000000000 1.0000000000 -371.1473610098 -150.6935450040 438.0210250115
82.0000000000 1.0000000000 -340.5076161720 -54.0764830273 483.1683182441
83.0000000000 1.0000000000 396.7317981775 -0.6451230003 441.5028771975
84.0000000000 1.0000000000 333.1634822969 -60.1511280536 487.5502664344
85.0000000000 1.0000000000 251.3784460639 -295.0749150750 449.5119551142
86.0000000000 1.0000000000 258.7425582190 -173.1179891466 505.3748874278
87.0000000000 1.0000000000 278.5715478959 42.5057349841 522.4102618048
88.0000000000 1.0000000000 220.0475751048 -180.2193510858 520.9811672482
89.0000000000 1.0000000000 250.8605520154 -22.8584830014 537.4642310331
90.0000000000 1.0000000000 189.9957999226 -291.8075428811 480.6987418041
91.0000000000 1.0000000000 173.5512322521 -245.9265293572 511.5871757430
92.0000000000 1.0000000000 222.9700022222 128.4286371280 534.8941855330
93.0000000000 1.0000000000 103.5441960172 -351.2485700583 467.1449110776
94.0000000000 1.0000000000 143.4806599802 -136.1674659812 559.6365319227
95.0000000000 1.0000000000 172.8714029227 -5.1410659977 567.8119177461
96.0000000000 1.0000000000 155.4036719232 -17.4218959914 572.5971557172
97.0000000000 1.0000000000 131.5308880166 -104.9169860132 569.2217300719
98.0000000000 1.0000000000 163.2332530675 112.7839010467 559.4247252314
99.0000000000 1.0000000000 37.5148770081 -413.3724890897 424.3078430920
100.0000000000 1.0000000000 57.1896330336 -331.2406961944 489.2139342871
101.0000000000 1.0000000000 72.8260220074 -256.6050910260 530.2560930538
102.0000000000 1.0000000000 49.1276490284 -243.4435191405 539.1132103111
103.0000000000 1.0000000000 66.0254740433 -163.7113861073 566.7102833713
104.0000000000 1.0000000000 38.2605739745 -191.6551468720 560.4692316258
105.0000000000 1.0000000000 63.4700919720 -112.8643759502 579.2706677444
106.0000000000 1.0000000000 99.7021991059 155.2534721648 564.1605775989
107.0000000000 1.0000000000 -27.7182949903 -351.4984358770 477.4954158329
108.0000000000 1.0000000000 -34.7337470228 -377.8435412477 456.4527922992
109.0000000000 1.0000000000 36.2641650040 3.5505520004 592.4471540649
110.0000000000 1.0000000000 4.1505369984 -69.8654749723 589.4259197661
111.0000000000 1.0000000000 11.9666070068 48.6322650276 591.4499383359
112.0000000000 1.0000000000 -64.8436960222 -284.7446100977 516.7563531773
113.0000000000 1.0000000000 -64.3612410855 -183.0399532433 560.9592967455
114.0000000000 1.0000000000 -51.4702700540 -84.6066140887 585.2468356135
115.0000000000 1.0000000000 -110.8092670316 -269.4220700767 517.1599181472
116.0000000000 1.0000000000 -84.9194950244 -139.1252930400 570.7487701641
117.0000000000 1.0000000000 -39.2422440175 254.0017061133 535.0369202387
118.0000000000 1.0000000000 -113.6502210406 -223.8012550799 537.8828421921
119.0000000000 1.0000000000 -147.1051760216 -359.0049050526 449.2180670658
120.0000000000 1.0000000000 -86.3471960894 -59.5547650617 584.2248866049
121.0000000000 1.0000000000 -61.9021300384 48.5857440302 588.3271863651
122.0000000000 1.0000000000 -160.8795849358 -293.4009528830 490.2601008045
123.0000000000 1.0000000000 -98.6533291169 -8.6773410103 585.2465726937
124.0000000000 1.0000000000 -136.4985421015 -137.2399701020 561.1191184171
125.0000000000 1.0000000000 -163.8913339748 -182.4363839720 540.5348489170
126.0000000000 1.0000000000 -144.6437689589 -85.5443359757 569.2817168383
127.0000000000 1.0000000000 -113.0841399709 163.3987859579 559.3157788558
128.0000000000 1.0000000000 -211.4241511297 -182.5921361120 523.7186903212
129.0000000000 1.0000000000 -186.1774502070 -48.0876390535 561.5575326244
130.0000000000 1.0000000000 -257.4111979083 -250.3288569109 472.6481408317
131.0000000000 1.0000000000 -249.6795893052 -224.3875382743 489.5218705984
132.0000000000 1.0000000000 -248.1864650449 -155.1955440281 516.3711340934
133.0000000000 1.0000000000 -224.4406909920 -42.3549419985 547.8629039805
