0.0000000000 811.7997787634 234.6639030000 695.5193691980 233.5717479720
1.0000000000 5669.2240077768 297.2270240000 5538.2279761967 332.6565349140
2.0000000000 6194.8163828684 315.4886260000 6068.0962834641 317.9250242940
3.0000000000 14199.9944601434 397.5465540000 13788.0111456461 439.4724707634
4.0000000000 2891.6939660674 200.3585420000 2881.5526606634 231.0755283632
5.0000000000 2106.1964923056 155.3771710000 1956.2306308690 182.9351942741
6.0000000000 7841.6608429711 305.1261410000 7438.2937571620 331.9553601276
7.0000000000 13748.6969620470 390.1086900000 13490.7666300039 450.2421264733
8.0000000000 4864.5279625230 256.4118090000 4827.5112865764 271.6849709140
9.0000000000 5440.6405035132 284.6308000000 5100.7234419853 293.4755228213
10.0000000000 7744.9173220437 274.5877020000 7577.8909143044 349.8414250413
11.0000000000 7793.4388629731 294.1473610000 7344.4403585912 330.6847390043
12.0000000000 10662.4072197258 367.0015520000 10496.7119295124 382.9865135460
13.0000000000 5140.4345365377 223.1692230000 4897.2471316931 280.2767009965
14.0000000000 6314.2284805186 250.6007736015 6356.4600398151 310.5760022290
15.0000000000 13507.0360027992 336.1474770000 13540.6754208930 431.4108190057
16.0000000000 3508.0325500939 240.2420980000 3557.7090190296 307.5596556008
17.0000000000 12179.4001044083 395.0876750000 11769.8025750990 415.2552083730
18.0000000000 7368.8139977881 302.7175060000 7193.9179357963 344.6817786128
19.0000000000 13621.9093395387 354.0647120000 13785.3635334667 455.1522785153
20.0000000000 20586.4956340647 449.4589730000 19931.2046596244 525.9585403521
21.0000000000 5286.3552454524 251.3252060000 5118.5723072402 290.2151282726
22.0000000000 13314.2204308634 468.5194873341 13183.8772759833 444.7833836799
23.0000000000 7767.7381721000 303.9134660000 7538.6156302246 336.9029970398
24.0000000000 16410.4319638287 392.8691610000 16089.7022894299 492.6422630590
25.0000000000 11070.0201415170 342.8877690000 11437.0622160971 415.5515787039
26.0000000000 5693.7799931695 267.7881020000 5485.2915474178 305.6899640481
27.0000000000 7055.2094574207 328.8084040000 6885.7999943041 323.3693783597
28.0000000000 19147.3400669267 456.0673900000 19252.0051528957 518.3292175716
29.0000000000 9894.5408032448 359.7959394604 10499.9952014046 396.6390766400
30.0000000000 18828.6595309015 509.0332373980 18896.3241920795 535.4655280424
31.0000000000 3429.5944979317 236.1906567243 3749.4614118673 258.0179208267
32.0000000000 12855.7251909384 444.9173784566 12839.7396692099 442.9220183494
33.0000000000 6567.1828543423 236.3840543413 6773.3844856109 307.2973074655
34.0000000000 7003.9747834574 338.0550140000 6612.0095163805 342.5456415803
35.0000000000 6727.3485849515 275.6302800000 6597.7619967449 327.0309813564
36.0000000000 10492.9348912520 349.9596260000 10981.8716426807 417.8457567126
37.0000000000 13272.7235132224 409.5403240000 12774.2315514119 446.4316662897
38.0000000000 14098.0219208415 399.5471790000 14041.7677309939 441.7653975097
39.0000000000 6168.9117479345 329.2047373578 6136.9329241537 325.8876600834
40.0000000000 29204.4806285902 568.2146840000 29200.3139575588 641.6723453928
41.0000000000 6309.0074435304 282.3745800000 5916.5852071764 304.7879822189
42.0000000000 13245.5027389291 369.7756230000 13196.8194007274 432.1159275533
43.0000000000 8550.0283133195 313.4552420000 8656.1221430566 358.1993895390
44.0000000000 13420.2594532599 213.1271979648 13383.1837950622 427.8955948173
45.0000000000 8321.6373905109 305.0906300000 8128.4826693933 393.0026349689
46.0000000000 6911.7579599275 336.9673130000 6620.4122466829 332.6542708553
47.0000000000 5877.7662323611 263.2489340000 5981.0390204767 297.2662881928
48.0000000000 5458.4913200436 280.8303680000 5474.5923280816 286.4512310982
49.0000000000 15354.9458495757 436.8779980000 15740.5134377631 504.0388770987
50.0000000000 12990.8767401001 379.4028960000 13140.5260250301 431.7990999325
51.0000000000 17809.2536293055 450.4003210000 18380.0602251084 524.4994789531
52.0000000000 15981.5417649460 406.2310230000 15633.8211823643 491.8041498587
53.0000000000 4294.6305865749 257.1958200000 4183.8354384925 268.3522178496
54.0000000000 31492.9234465058 552.3375620000 31295.2562357650 660.8574791936
55.0000000000 3566.2899480799 285.0614440000 3058.3157015172 282.4922258801
56.0000000000 14795.8151422603 407.5086700000 15224.1241881603 450.6482710681
57.0000000000 2930.1503091611 222.0641250000 2641.6628106928 209.1084366088
58.0000000000 -39947.1760818385 325.1446450000 -41087.5059765105 1956.8083308534
59.0000000000 2420.1514457467 189.6996620000 2007.4296224936 202.0000141041
60.0000000000 -24194.5075610242 442.1747770000 -23338.1074628434 2418.1990800766
61.0000000000 -17969.2231364086 283.7693880000 -20888.8666355515 2374.1829756277
62.0000000000 -10129.1380885201 259.4088370000 -10313.6684868770 1960.1557370175
63.0000000000 -23255.1382028212 375.7825250000 -22952.9894888021 2222.6881900764
64.0000000000 17574.5417227526 188.1723710000 16702.7001149385 1894.0393600473
65.0000000000 48706.2774856568 376.2258290000 51547.6759080030 3873.4234121440
66.0000000000 377.4788556187 320.7944660000 0.0000000000 2130.5525296763
67.0000000000 3948.2875672668 348.4334790000 0.0000000000 3930.6758835227
