0.0000000000 1.0000000000 327.7834800601 155.7589660285 469.7003950861
1.0000000000 1.0000000000 392.0437906786 -445.6713953496 0.0000000000
2.0000000000 1.0000000000 392.0437906786 -445.6713953496 0.0000000000
3.0000000000 1.0000000000 392.0437906786 -445.6713953496 0.0000000000
4.0000000000 1.0000000000 392.0437906786 -445.6713953496 0.0000000000
5.0000000000 1.0000000000 392.0437906786 -445.6713953496 0.0000000000
6.0000000000 1.0000000000 392.0437906786 -445.6713953496 0.0000000000
7.0000000000 1.0000000000 448.6700554527 74.1407380748 381.4703903849
8.0000000000 1.0000000000 446.1611462126 44.6561110213 388.9310861853
9.0000000000 1.0000000000 429.3386703632 -82.4974100698 401.4770353396
10.0000000000 1.0000000000 413.0872641886 -131.4932420600 405.4500781851
11.0000000000 1.0000000000 420.3858479570 185.5987139810 375.6995909615
12.0000000000 1.0000000000 383.7170273760 -211.6706732074 400.3474683923
13.0000000000 1.0000000000 421.5658959071 155.7097689657 387.7602219146
14.0000000000 1.0000000000 414.6033621886 52.2956930238 421.5335561917
15.0000000000 1.0000000000 399.6130426900 166.1948358711 406.2142526849
16.0000000000 1.0000000000 388.0159793109 225.3876341806 388.5425853113
17.0000000000 1.0000000000 390.7416521536 126.2320230496 428.6114371685
18.0000000000 1.0000000000 385.0854852675 199.6677481387 405.1706872814
19.0000000000 1.0000000000 339.7690791615 -284.6732401353 394.7650511876
20.0000000000 1.0000000000 368.8791651303 -155.2135490548 438.3585771548
21.0000000000 1.0000000000 337.0626464122 163.4855181999 460.4156645631
22.0000000000 1.0000000000 260.1583731025 -368.3486941451 385.9510161521
23.0000000000 1.0000000000 319.0324121054 297.3217360982 402.6654091330
24.0000000000 1.0000000000 311.0864871529 254.2707091250 436.9129552148
25.0000000000 1.0000000000 263.2221671003 245.2062000935 472.1327531800
26.0000000000 1.0000000000 223.6747169641 359.1994839423 416.2531419331
27.0000000000 1.0000000000 219.2971489976 319.5329189965 449.5873669951
28.0000000000 1.0000000000 212.4364310680 242.4483320776 498.4083621595
29.0000000000 1.0000000000 155.0005098984 280.8980778159 499.3920686726
30.0000000000 1.0000000000 136.2705510654 392.1418071882 424.2363332036
31.0000000000 1.0000000000 126.6554201130 344.3998523072 466.5495394161
32.0000000000 1.0000000000 111.2535649890 273.9511529730 514.6792559493
33.0000000000 1.0000000000 94.5177320775 186.8204391532 555.4150234555
34.0000000000 1.0000000000 78.7126980439 346.2655831933 475.6319832655
35.0000000000 1.0000000000 68.4947849717 289.9174088803 513.3981757880
36.0000000000 1.0000000000 49.8623970229 320.9760821476 496.7991772284
37.0000000000 1.0000000000 20.3302830117 392.1819272248 445.0857692551
38.0000000000 1.0000000000 14.2700500139 410.4959523991 428.4982674167
39.0000000000 1.0000000000 9.6550679990 247.6006399741 539.3718839436
40.0000000000 1.0000000000 -23.6685140118 327.7060621639 494.3378042473
41.0000000000 1.0000000000 -35.4931770073 347.7031310714 479.7542010985
42.0000000000 1.0000000000 -70.2760349926 288.1907419695 514.1290709456
43.0000000000 1.0000000000 -95.1383880780 398.8571223269 429.1654803518
44.0000000000 1.0000000000 -105.0493210279 367.7461490976 453.9259151205
45.0000000000 1.0000000000 -195.9075250179 336.5056080308 448.0017230410
46.0000000000 1.0000000000 -206.4140210211 263.9385110270 489.9500390502
47.0000000000 1.0000000000 -207.6901322289 347.7459073833 433.8881414783
48.0000000000 1.0000000000 -225.8196612779 295.6781573638 462.4945775691
49.0000000000 1.0000000000 -314.3425201535 -279.6261391365 418.7115102045
50.0000000000 1.0000000000 -267.6127120942 294.2695741036 440.5793691551
51.0000000000 1.0000000000 -344.2115781802 -245.4074081285 416.6712372182
52.0000000000 1.0000000000 -304.2575380539 214.9636620381 462.1031280819
53.0000000000 1.0000000000 -310.5364870336 -93.7318070101 497.0943220537
54.0000000000 1.0000000000 -316.3910839309 58.0158599873 498.8508478910
55.0000000000 1.0000000000 356.1120022922 -183.3113811504 438.0667823594
56.0000000000 1.0000000000 357.8292038851 -4.3998119986 473.5612198480
57.0000000000 1.0000000000 339.4670580734 -123.9047420268 470.8832741018
58.0000000000 1.0000000000 338.2888541529 215.4561200974 437.5621531978
59.0000000000 1.0000000000 306.5341758252 -214.0499338780 461.0214217372
60.0000000000 1.0000000000 290.5242780610 -266.3115260559 443.8413470932
61.0000000000 1.0000000000 325.2151958456 52.0515319753 493.8087087655
62.0000000000 1.0000000000 234.3602882482 -358.8371463800 410.6488574349
63.0000000000 1.0000000000 278.2340579839 -140.9051299918 505.0276029707
64.0000000000 1.0000000000 275.6257619958 -68.2498939990 521.2424749921
65.0000000000 1.0000000000 291.1150381220 181.0593400759 484.5522432030
66.0000000000 1.0000000000 269.0098712532 264.8846552493 458.0296224311
67.0000000000 1.0000000000 136.8461449527 -429.1180158517 386.5904648664
68.0000000000 1.0000000000 148.6521671465 -403.0985853973 409.5551124036
69.0000000000 1.0000000000 234.4936880082 158.0648530056 521.8711900184
70.0000000000 1.0000000000 103.9194449639 -391.3205748641 434.0394948492
71.0000000000 1.0000000000 154.5563890558 315.3078091139 478.5547351729
72.0000000000 1.0000000000 33.3621640105 -441.5887741388 395.2311311242
73.0000000000 1.0000000000 -67.5019139910 -437.1518959414 395.8068189470
74.0000000000 1.0000000000 -62.8034780297 -387.2249571829 445.4591812104
75.0000000000 1.0000000000 -209.1495638711 -383.7923447635 401.5983347525
76.0000000000 1.0000000000 -194.3355120118 165.1342220100 535.9904140326
77.0000000000 1.0000000000 -224.4829530262 228.0305010266 499.9308160583
78.0000000000 1.0000000000 -282.1216218996 -179.9803219359 490.2405538255
79.0000000000 1.0000000000 -268.5623809641 -95.8504929872 520.5845339304
80.0000000000 1.0000000000 -267.4528363405 62.1116360791 526.2437186699
81.0000000000 1.0000000000 -373.7091630824 -154.4202270340 434.5309900958
82.0000000000 1.0000000000 -338.5694789399 -47.6843879915 485.1991689139
83.0000000000 1.0000000000 395.5089401721 -1.3237370006 442.5971671926
84.0000000000 1.0000000000 334.1651881453 -60.7819120264 486.7859002116
85.0000000000 1.0000000000 253.3349221779 -292.8707932057 449.8549123159
86.0000000000 1.0000000000 260.9768243664 -169.8259312384 505.3430287094
87.0000000000 1.0000000000 280.7955510805 43.3468980124 521.1489531494
88.0000000000 1.0000000000 227.0359140351 -178.8047370276 518.4639680801
89.0000000000 1.0000000000 248.8019440144 -21.4149890012 538.4796350312
90.0000000000 1.0000000000 190.5997190150 -291.5261200230 480.6304140379
91.0000000000 1.0000000000 174.3062989148 -244.9339438803 511.8066077499
92.0000000000 1.0000000000 224.0021240651 126.8392180369 534.8422081555
93.0000000000 1.0000000000 104.8751589970 -350.8624149899 467.1381949866
94.0000000000 1.0000000000 148.3493521221 -136.5723301124 558.2667774596
95.0000000000 1.0000000000 173.5424950485 -6.7675040019 567.5901071587
96.0000000000 1.0000000000 161.1281221251 -18.9116250147 570.9653274432
97.0000000000 1.0000000000 134.3382200931 -102.7195440712 568.9668393945
98.0000000000 1.0000000000 163.4897339806 112.1547029867 559.4763229337
99.0000000000 1.0000000000 37.1645019984 -412.9319679819 424.7673669814
100.0000000000 1.0000000000 55.9150460398 -331.6532872358 489.0817223477
101.0000000000 1.0000000000 73.2484790313 -252.5713721079 532.1312702273
102.0000000000 1.0000000000 49.3927230088 -240.2531180428 540.5183850962
103.0000000000 1.0000000000 62.5139400261 -167.4334040699 566.0206612364
104.0000000000 1.0000000000 39.1358770336 -194.1999191667 559.5320374804
105.0000000000 1.0000000000 63.2264950143 -113.3411090256 579.2042211307
106.0000000000 1.0000000000 97.5490200444 155.0668640706 564.5881532571
107.0000000000 1.0000000000 -27.1673170065 -349.6921570838 478.8513951147
108.0000000000 1.0000000000 -40.7067520463 -380.1373034321 454.0483645161
109.0000000000 1.0000000000 40.4604780212 3.2545930017 592.1770713100
110.0000000000 1.0000000000 1.9674919994 -67.3733249782 589.7273018092
111.0000000000 1.0000000000 10.1766680072 47.5247100338 591.5734644210
112.0000000000 1.0000000000 -68.2065940360 -286.8386951514 515.1628382719
113.0000000000 1.0000000000 -63.0714990402 -183.4368071171 560.9761583580
114.0000000000 1.0000000000 -48.0498670249 -83.1553860431 585.7454383036
115.0000000000 1.0000000000 -109.2635741211 -267.8282612967 518.3153675742
116.0000000000 1.0000000000 -83.1928750305 -141.6698130519 570.3770122091
117.0000000000 1.0000000000 -33.3922950387 247.3479732869 538.5399346246
118.0000000000 1.0000000000 -115.9426000375 -225.5006200729 536.6825041734
119.0000000000 1.0000000000 -149.3012480579 -359.0490401394 448.4576351741
120.0000000000 1.0000000000 -87.7624260478 -57.6012450314 584.2098763181
121.0000000000 1.0000000000 -61.3708370673 51.3329150563 588.1495376450
122.0000000000 1.0000000000 -166.2230671560 -297.2314582789 486.1529374561
123.0000000000 1.0000000000 -99.8789970897 -5.6016850050 585.0761775256
124.0000000000 1.0000000000 -134.2802670197 -137.1116310201 561.6854430824
125.0000000000 1.0000000000 -166.1854150759 -183.8055180840 539.3693222464
126.0000000000 1.0000000000 -144.2054939746 -86.6245679848 569.2295548999
127.0000000000 1.0000000000 -115.9265190985 160.1375081361 559.6770024757
128.0000000000 1.0000000000 -215.3210139970 -183.5506499975 521.7924359928
129.0000000000 1.0000000000 -181.9066441394 -46.1857110354 563.1147124314
130.0000000000 1.0000000000 -255.2405743131 -249.2653133058 474.3842105819
131.0000000000 1.0000000000 -254.2850022442 -224.7053842158 486.9989264677
132.0000000000 1.0000000000 -253.1670161076 -157.6562240670 513.1981132181
133.0000000000 1.0000000000 -227.5017479815 -44.4546399964 546.4321239557
