0.0000000000 1222.1047965212 234.6639030000 1235.6700137466 237.6764215190
1.0000000000 3936.9593716730 297.2270240000 3756.6213249851 284.6250940623
2.0000000000 5888.0812712784 315.4886260000 5983.3033674721 314.0415435174
3.0000000000 11265.3489565294 397.5465540000 11768.3916217731 410.1805700298
4.0000000000 2199.1238721229 200.3585420000 2329.1151446137 209.0471607120
5.0000000000 1815.8550931929 155.3771710000 1813.4568723081 171.7765432282
6.0000000000 6038.2512562053 305.1261410000 6208.0409516102 318.0143048997
7.0000000000 10612.6035273314 390.1086900000 11124.8346639421 408.8525539867
8.0000000000 4573.4402178315 256.4118090000 4222.8632607766 254.4396219663
9.0000000000 5102.9871602236 284.6308000000 5510.2651790531 306.7710764936
10.0000000000 4254.2022942173 274.5877020000 4429.4349242638 283.1859759488
11.0000000000 6070.2506164711 294.1473610000 6042.7209414528 296.2150744502
12.0000000000 9905.3276995387 363.9814508147 9744.8443687152 370.3238524637
13.0000000000 3162.2981676264 223.1692230000 3369.0322564329 233.9512844514
14.0000000000 6972.0357941071 317.8460880000 7249.1005674467 325.5395100561
15.0000000000 8445.7442086173 336.1474770000 8643.9352237444 351.4981918975
16.0000000000 2513.4641229586 240.2420980000 2545.6876809646 248.5892497191
17.0000000000 10698.0724917602 395.0876750000 10811.0204700702 398.7013090456
18.0000000000 6494.3483126434 302.7175060000 7186.6117239699 336.8467857255
19.0000000000 7883.4128586388 319.1348934756 7482.3140979694 345.6967749859
20.0000000000 15252.0878934710 449.4589730000 15315.3508052498 457.0912842242
21.0000000000 4166.1533878799 251.3252060000 3947.5025945253 252.2538676049
22.0000000000 13385.3780351398 453.4223750000 13063.9424418228 450.9534741076
23.0000000000 6516.7547492253 303.9134660000 6515.4242343345 303.2452599108
24.0000000000 11246.3027390444 392.8691610000 11759.2068884414 416.8157407076
25.0000000000 7765.9478953186 342.8877690000 7650.0764954071 343.5497770519
26.0000000000 4079.4484827995 267.7881020000 4097.9509246436 267.5025504340
27.0000000000 7460.7242672058 328.8084040000 7806.0708641946 340.6190204120
28.0000000000 14319.0618432832 392.6466402151 12934.4414679014 424.1139226298
29.0000000000 8636.7858894949 358.7815600000 8478.3637808081 363.7661341745
30.0000000000 15351.0253543602 482.9105670000 15312.8427165181 491.4406407227
31.0000000000 3314.2630372136 237.0329580000 3093.2967998096 231.8823844403
32.0000000000 10914.7500683828 403.1799770000 10865.4492947948 403.6816024359
33.0000000000 8179.1343296779 328.3390540000 8147.7496338123 333.1224850053
34.0000000000 6694.9096309657 338.0550140000 6762.0048151795 338.7433865777
35.0000000000 4459.9962864507 275.6302800000 4596.9004364855 286.1861677600
36.0000000000 7009.9903014620 349.9596260000 7164.7040083729 349.4358422596
37.0000000000 9865.5549925277 409.5403240000 9934.0165917238 409.0200141379
38.0000000000 11528.0537904289 399.5471790000 11714.0909797791 407.2567204702
39.0000000000 5969.3562336996 335.4136850000 5795.1006683314 318.8993560729
40.0000000000 23146.9362308077 568.2146840000 23166.1718071596 576.7459364916
41.0000000000 5337.8878936619 282.3745800000 5732.2482733196 296.6089996889
42.0000000000 10167.5615062821 369.7756230000 10064.3859399374 376.6019411542
43.0000000000 6552.3438119961 313.4552420000 6169.6298106113 299.6436929844
44.0000000000 12458.9672862282 413.1970710000 12296.9274040737 411.9995911152
45.0000000000 5117.8161499293 305.0906300000 5186.7080643719 307.3005854089
46.0000000000 7345.7043305442 336.9673130000 6913.6332647329 330.7055863148
47.0000000000 4748.4732276801 263.2489340000 4664.6624113694 264.3408097416
48.0000000000 5261.6937315679 280.8303680000 5009.9799080036 275.9032931364
49.0000000000 12743.9865096205 436.8779980000 12091.9801388873 432.2301809288
50.0000000000 9743.6444915240 379.4028960000 9636.9106100106 375.0922209048
51.0000000000 13232.1283725741 450.4003210000 13189.9201730736 449.0638406213
52.0000000000 9918.8658831802 406.2310230000 9643.1390159650 402.4611684082
53.0000000000 4269.0555975966 257.1958200000 4353.1037022257 268.1928954179
54.0000000000 22185.1938473401 552.3375620000 21972.8436405833 553.4406374067
55.0000000000 3597.9163905788 285.0614440000 3661.7967368483 280.1853773539
56.0000000000 12594.3973352314 407.5086700000 12642.6400281712 417.1154960062
57.0000000000 3077.4592320519 222.0641250000 3024.1149193016 226.1815279392
58.0000000000 7184.0621300690 325.1446450000 7183.6316871110 330.1195907612
59.0000000000 1902.0442264830 189.6996620000 1979.5015914686 187.0367281901
60.0000000000 13626.9892758326 442.1747770000 13574.9599648541 444.5280478982
61.0000000000 5417.0836694764 283.7693880000 5482.4151929256 284.4109114141
62.0000000000 4406.1678618714 259.4088370000 4282.3683840111 255.7562785668
63.0000000000 9955.3201959019 375.7825250000 9831.1332147187 374.2151579997
64.0000000000 1804.8943476442 188.1723710000 1939.3406789421 204.4158482148
65.0000000000 8707.3293396894 376.2258290000 8332.0221772258 374.7708090410
66.0000000000 4986.9223003487 320.7944660000 4977.9939825218 322.5488525835
67.0000000000 7783.2757916414 348.4334790000 8015.2019983687 351.9871329712
