0.0000000000 1.0000000000 323.9979073665 144.7814461638 475.7993435382
1.0000000000 1.0000000000 -244.9241870791 -164.0714430530 515.1834921664
2.0000000000 1.0000000000 -245.5371511732 -160.9605901136 515.8725833639
3.0000000000 1.0000000000 -249.0695081064 188.2611910804 504.8201962156
4.0000000000 1.0000000000 -267.1029328883 74.1780839690 524.8570867805
5.0000000000 1.0000000000 -277.6421333558 -41.2651780529 523.0041656703
6.0000000000 1.0000000000 -315.7834132066 73.6036480481 497.1766943252
7.0000000000 1.0000000000 442.9779735177 85.3844370998 385.7477664509
8.0000000000 1.0000000000 432.2086561548 57.0668350204 402.8155661443
9.0000000000 1.0000000000 424.7777305038 -60.0946820713 410.2119394866
10.0000000000 1.0000000000 408.9038159283 -110.2821729807 415.8807979271
11.0000000000 1.0000000000 414.1155244920 194.1872092307 378.3133444494
12.0000000000 1.0000000000 388.1709131317 -180.3242480612 411.2515461396
13.0000000000 1.0000000000 406.2773585730 171.9062152424 397.1250275600
14.0000000000 1.0000000000 405.9351654650 52.1929790598 429.8998264925
15.0000000000 1.0000000000 389.9965310468 166.5565730200 415.3106550498
16.0000000000 1.0000000000 382.0316550224 227.1776400133 393.3998740231
17.0000000000 1.0000000000 384.9420618226 128.2832839409 433.2255008003
18.0000000000 1.0000000000 379.2065162091 195.7209991079 412.5736722275
19.0000000000 1.0000000000 339.5706465402 -256.3088044077 413.9068726585
20.0000000000 1.0000000000 362.8052941130 -144.2511480449 447.0852841392
21.0000000000 1.0000000000 334.7807460479 154.2596640221 465.2387930665
22.0000000000 1.0000000000 263.6600969890 -332.3300649861 415.1643139826
23.0000000000 1.0000000000 308.6310793176 300.1358473089 408.6400084206
24.0000000000 1.0000000000 305.0883861324 251.1806781090 442.8890041922
25.0000000000 1.0000000000 255.3804800918 224.8272700808 486.3690321748
26.0000000000 1.0000000000 224.2704531413 350.5509782209 423.2470932667
27.0000000000 1.0000000000 228.7769421126 289.8432011426 464.7293362287
28.0000000000 1.0000000000 210.1667459284 210.5298829283 513.6423208251
29.0000000000 1.0000000000 170.4171950565 239.2023800793 515.8115231710
30.0000000000 1.0000000000 144.9165069891 371.9872019721 439.2562509670
31.0000000000 1.0000000000 136.3481840589 313.4208801355 485.2812082097
32.0000000000 1.0000000000 122.6036480313 223.7227330571 535.9457161368
33.0000000000 1.0000000000 116.5728210446 134.7323200516 566.1972322166
34.0000000000 1.0000000000 90.5931010248 311.4962840853 497.0757301361
35.0000000000 1.0000000000 80.0216940771 238.7615112301 537.5042285180
36.0000000000 1.0000000000 67.7789140019 269.0829560076 524.7110710148
37.0000000000 1.0000000000 37.2864010063 345.1581660587 481.4528960818
38.0000000000 1.0000000000 27.0466180013 368.8283400172 464.2795090217
39.0000000000 1.0000000000 27.4970280016 196.2332330115 559.5156460328
40.0000000000 1.0000000000 -0.5952890004 272.3866891997 527.3769653866
41.0000000000 1.0000000000 -13.8017359979 291.5975309559 516.8188449219
42.0000000000 1.0000000000 -25.9079160010 229.0889930091 546.9628320216
43.0000000000 1.0000000000 -74.6010410230 351.3210291081 472.5775551455
44.0000000000 1.0000000000 -71.0523750463 307.7091402004 502.5813083273
45.0000000000 1.0000000000 -140.3438369547 271.5906099123 508.7862758358
46.0000000000 1.0000000000 -149.0632470397 199.9068450533 538.6452711436
47.0000000000 1.0000000000 -166.6120779920 282.5067539864 494.7238379761
48.0000000000 1.0000000000 -163.3189999585 225.9877609426 524.0016818668
49.0000000000 1.0000000000 -225.1080650062 -275.1764240076 475.3163380131
50.0000000000 1.0000000000 -197.7901349240 227.6440699125 511.2519598035
51.0000000000 1.0000000000 -264.6150469905 -223.1606699920 482.1820389827
52.0000000000 1.0000000000 -228.6400701052 157.3242440724 524.6847882414
53.0000000000 1.0000000000 -235.5410940910 -99.4854410384 535.6718832069
54.0000000000 1.0000000000 -242.2045300791 17.7235590058 541.6125621769
55.0000000000 1.0000000000 357.5073369337 -168.2415109688 442.9499119179
56.0000000000 1.0000000000 362.5158389983 2.4420470000 469.9974779978
57.0000000000 1.0000000000 342.6460602617 -115.2332210880 470.7826553595
58.0000000000 1.0000000000 335.5924959757 210.6987289848 441.9333079680
59.0000000000 1.0000000000 310.4875091087 -203.4983360713 463.1492851622
60.0000000000 1.0000000000 288.9410199181 -254.7271099278 451.6065908720
61.0000000000 1.0000000000 328.5664492534 53.2208540411 491.4600243791
62.0000000000 1.0000000000 248.5070408695 -323.8878148300 430.8854377738
63.0000000000 1.0000000000 288.0066329332 -133.0769669691 501.6612668837
64.0000000000 1.0000000000 293.0026818962 -72.8623249742 511.0399558190
65.0000000000 1.0000000000 284.6554458901 170.2555369343 492.2455238099
66.0000000000 1.0000000000 259.3500422368 250.7281892289 471.3748584304
67.0000000000 1.0000000000 175.0546920474 -392.5492291064 409.3681521109
68.0000000000 1.0000000000 178.9302330785 -363.9494031597 433.4121941902
69.0000000000 1.0000000000 229.6293000331 148.1708420213 526.9128130759
70.0000000000 1.0000000000 146.3320589833 -356.2649489594 451.6453709485
71.0000000000 1.0000000000 168.7801310354 286.7569060601 491.5333871031
72.0000000000 1.0000000000 81.1510910154 -405.8963600772 425.4221100809
73.0000000000 1.0000000000 -21.6770050076 -407.8674411438 430.6919831518
74.0000000000 1.0000000000 -6.1756950006 -368.3437920353 465.4095380446
75.0000000000 1.0000000000 -125.7774371207 -375.3051543603 442.3204764246
76.0000000000 1.0000000000 -138.5733909414 110.8946099531 566.4107407605
77.0000000000 1.0000000000 -164.5373361807 164.3438711805 546.1134345999
78.0000000000 1.0000000000 -209.8793211014 -179.1695890866 525.5190342539
79.0000000000 1.0000000000 -197.5457122439 -99.1798721225 550.8723726802
80.0000000000 1.0000000000 -198.5271872107 17.5457190186 559.1068145935
81.0000000000 1.0000000000 -296.2864879317 -156.7589229639 489.8594528871
82.0000000000 1.0000000000 -320.9588830658 -36.7938040075 497.9487301021
83.0000000000 1.0000000000 394.6677792038 8.4447370044 443.2689442289
84.0000000000 1.0000000000 337.8558229864 -62.8584719975 483.9665089806
85.0000000000 1.0000000000 264.0507121315 -274.5414121367 455.2203432267
86.0000000000 1.0000000000 272.3125550963 -162.3046000574 501.8210991775
87.0000000000 1.0000000000 284.8347331144 37.2056330149 519.4287652086
88.0000000000 1.0000000000 248.2385480797 -172.2174820553 510.9208241640
89.0000000000 1.0000000000 264.6301612072 -34.7730800272 530.1726484151
90.0000000000 1.0000000000 221.5711369225 -276.0112039034 476.4927838333
91.0000000000 1.0000000000 214.2176059870 -243.2024519852 497.2772979698
92.0000000000 1.0000000000 224.9119240972 122.1386710528 535.5540102314
93.0000000000 1.0000000000 152.9025280468 -325.1685100995 472.4484981446
94.0000000000 1.0000000000 177.4715889655 -145.1754749718 547.4936008935
95.0000000000 1.0000000000 194.1583489888 -34.5356589980 559.8492209676
96.0000000000 1.0000000000 184.5654220292 -40.2550770064 562.7045940891
97.0000000000 1.0000000000 164.9769420750 -115.8528740527 558.2849152537
98.0000000000 1.0000000000 174.6296951733 96.8106100961 558.9754035546
99.0000000000 1.0000000000 85.2068850157 -385.5596280710 443.1759090816
100.0000000000 1.0000000000 109.1933940880 -311.5051332509 493.3180323974
101.0000000000 1.0000000000 121.7830051104 -247.8312642247 525.4235344764
102.0000000000 1.0000000000 111.5703540297 -241.0201370641 530.8320601413
103.0000000000 1.0000000000 110.3963500828 -184.8609251387 553.1368824150
104.0000000000 1.0000000000 100.6690760558 -202.2256791122 548.9005723045
105.0000000000 1.0000000000 103.0784191043 -132.8097291344 569.2606975760
106.0000000000 1.0000000000 119.3236310243 128.2123010261 567.1373761156
107.0000000000 1.0000000000 28.9838270207 -331.1210352368 491.7724313517
108.0000000000 1.0000000000 10.8236930060 -362.3020822024 470.0440142626
109.0000000000 1.0000000000 79.7176800764 -16.2272730155 587.9652145631
110.0000000000 1.0000000000 52.1165350320 -98.4562000605 583.0193563583
111.0000000000 1.0000000000 54.5610639863 19.4251479951 590.7343568514
112.0000000000 1.0000000000 -0.7327329998 -288.5800809221 518.6929018600
113.0000000000 1.0000000000 -4.0016309990 -206.7724599481 556.3725938604
114.0000000000 1.0000000000 3.1679529999 -109.9048169952 583.2942839747
115.0000000000 1.0000000000 -46.5473320015 -272.5765850085 525.2205990164
116.0000000000 1.0000000000 -26.7058009932 -171.1469619562 567.7295518546
117.0000000000 1.0000000000 -5.3311120001 199.3612280023 559.0599310064
118.0000000000 1.0000000000 -44.6063880373 -248.3750412078 537.2536044494
119.0000000000 1.0000000000 -90.4376629620 -346.3454918545 473.4840608010
120.0000000000 1.0000000000 -29.2373659921 -91.6966579752 585.7117258418
121.0000000000 1.0000000000 -23.5503040198 15.2920500129 592.9020684983
122.0000000000 1.0000000000 -99.7257030329 -297.1153010979 504.0819461661
123.0000000000 1.0000000000 -47.1520400495 -29.1802830306 590.9708306202
124.0000000000 1.0000000000 -76.4152169910 -172.2906779796 562.8480819334
125.0000000000 1.0000000000 -96.9880621055 -201.5170492191 549.8231725979
126.0000000000 1.0000000000 -82.3038830312 -113.4489150430 576.7813632184
127.0000000000 1.0000000000 -72.6840170558 108.6868450834 578.9866404443
128.0000000000 1.0000000000 -129.2983530788 -202.8142601236 542.6505673306
129.0000000000 1.0000000000 -121.5584929941 -68.8375489966 576.8936219718
130.0000000000 1.0000000000 -180.9096569866 -259.4679779808 502.2642639628
131.0000000000 1.0000000000 -176.3689011239 -234.0841751644 516.1588283625
132.0000000000 1.0000000000 -179.1393139632 -166.0688679659 540.9727938888
133.0000000000 1.0000000000 -162.5471670612 -65.1466350245 567.1469482135
