0.0000000000 782.4081939063 234.6639030000 767.3819639939 233.3026834640
1.0000000000 5632.8982550151 297.2270240000 5518.7459501667 334.2730543821
2.0000000000 6131.0702288810 315.4886260000 5874.4334888029 313.7014728281
3.0000000000 14117.2203810708 397.5465540000 13914.3271800159 440.6329927957
4.0000000000 2881.1539507810 200.3585420000 2797.9804292211 225.5703471648
5.0000000000 2078.4227688117 155.3771710000 2085.1706383257 195.5041647338
6.0000000000 7618.8563748612 305.1261410000 7148.2873725239 327.2302754847
7.0000000000 13731.9628045842 390.1086900000 13608.4923095123 451.0981626951
8.0000000000 4855.1223963505 256.4118090000 4731.3344372332 270.5011484862
9.0000000000 5365.7593108294 284.6308000000 5302.8162507577 300.1154467024
10.0000000000 7710.5732047861 274.5877020000 7638.4531083950 349.3159124868
11.0000000000 7521.1158393107 294.1473610000 6935.1915079038 321.9661345811
12.0000000000 10635.5560008370 367.0015520000 10414.8854337409 381.1142765215
13.0000000000 5059.9244314780 223.1692230000 4945.9670774700 281.6969258868
14.0000000000 6440.6268148449 253.8812944203 6577.0649201154 314.2902648917
15.0000000000 13735.7715040297 336.1474770000 14140.5402517939 440.7058173444
16.0000000000 3522.6116421634 240.2420980000 3449.3030095534 310.7456323631
17.0000000000 12194.6135450625 395.0876750000 12284.8192551031 424.0939385062
18.0000000000 7282.7017917557 302.7175060000 7008.6611868833 339.5816858066
19.0000000000 13710.5675818923 354.0647120000 13591.5090665374 451.1448071869
20.0000000000 20557.1883040657 449.4589730000 20612.9200181219 533.6790826443
21.0000000000 5198.7580075086 251.3252060000 4972.6032357570 285.3600258459
22.0000000000 13274.6994229444 469.9573075564 12872.0289438615 440.8084595900
23.0000000000 7670.8456532943 303.9134660000 7394.2743762288 334.8181695872
24.0000000000 16423.4795714559 392.8691610000 16432.8712910210 493.8876154161
25.0000000000 11337.7796568112 342.8877690000 11571.9883231401 416.3759238767
26.0000000000 5638.4684888897 267.7881020000 5536.6464481575 304.7237688224
27.0000000000 7071.8989220142 328.8084040000 7056.5765963769 326.4875683976
28.0000000000 19291.7897156982 456.0673900000 19172.9300666696 514.9020226814
29.0000000000 10290.2664843801 360.1340659472 10669.3520515146 398.6594436766
30.0000000000 18978.2738904221 511.1230510298 18912.1960300694 534.8364790794
31.0000000000 3485.7819859005 237.0329580000 3272.2849656959 242.5695231834
32.0000000000 12771.0344782564 446.7320480852 12204.0731045817 431.4106188686
33.0000000000 6756.0631024169 272.2147385699 6894.5842214422 310.9307706623
34.0000000000 6929.6785140025 338.0550140000 6855.4413333981 345.1133063109
35.0000000000 6787.0199064585 275.6302800000 6953.9280879382 334.8154455883
36.0000000000 10667.8952786350 349.9596260000 10537.6738519166 409.2712167790
37.0000000000 13362.7253108348 409.5403240000 13781.6804846553 459.3139631244
38.0000000000 14182.9230292373 399.5471790000 14149.1130752439 444.2837484515
39.0000000000 6428.2716864058 335.4136850000 7042.9773401000 346.0661325902
40.0000000000 29307.9210266421 568.2146840000 28935.2109865237 642.1769732091
41.0000000000 6184.5220220638 282.3745800000 6005.2689265153 313.0181884140
42.0000000000 13285.8055032756 369.7756230000 13154.5199339906 429.6147185177
43.0000000000 8571.6244462260 313.4552420000 8336.7775362697 351.5590753382
44.0000000000 12795.1437247172 193.5998215218 10642.9089205104 384.6800698161
45.0000000000 8360.5333602616 305.0906300000 8491.8416711956 397.5736609248
46.0000000000 7086.0801450616 336.9673130000 7636.0956040031 350.6762033205
47.0000000000 6062.9245241439 263.2489340000 6379.4636438399 308.7316126767
48.0000000000 5511.9200535995 280.8303680000 5494.0560240479 289.0531903186
49.0000000000 15357.5453029239 436.8779980000 14648.3038543794 484.6719647133
50.0000000000 13010.0351899559 379.4028960000 12632.1075068651 427.7285098548
51.0000000000 18264.7207614021 450.4003210000 18695.8586990656 533.7957960257
52.0000000000 16186.6051491799 406.2310230000 16808.4075765671 506.4854364825
53.0000000000 4226.1677924248 257.1958200000 3992.8551781201 268.5022038614
54.0000000000 31711.8057330838 552.3375620000 31869.1578736365 667.6521620198
55.0000000000 3632.0610984804 285.0614440000 4172.1820765620 305.5887578523
56.0000000000 15082.4585478540 407.5086700000 15182.7606656410 449.8450726128
57.0000000000 2876.4150856424 222.0641250000 2888.4784748353 218.9798780969
58.0000000000 -40549.2362790145 325.1446450000 -41527.7766359512 1954.2867457450
59.0000000000 2394.9141991060 189.6996620000 2627.0086490715 218.4766337205
60.0000000000 -23846.7434805765 442.1747770000 -23996.0521934471 2421.7967294161
61.0000000000 -18789.0187710358 283.7693880000 -18775.5932932522 2366.7296692093
62.0000000000 -10104.8452413622 259.4088370000 -10003.0000004596 1958.8380054178
63.0000000000 -23430.1209252383 375.7825250000 -24514.9756007264 2219.2142454165
64.0000000000 17858.1506218297 188.1723710000 19424.3822779985 1894.9128622232
65.0000000000 48659.8520624471 376.2258290000 45733.7449644435 3858.1594158624
66.0000000000 234.8156503949 320.7944660000 0.0000000000 2133.2789431086
67.0000000000 2118.9787847943 348.4334790000 0.0000000000 3927.3200628750
