0.0000000000 1.0000000000 328.2708640512 156.9454200245 468.9644990732
1.0000000000 1.0000000000 391.0713332627 -446.5249587007 0.0000000000
2.0000000000 1.0000000000 391.0713332627 -446.5249587007 0.0000000000
3.0000000000 1.0000000000 391.0713332627 -446.5249587007 0.0000000000
4.0000000000 1.0000000000 391.0713332627 -446.5249587007 0.0000000000
5.0000000000 1.0000000000 391.0713332627 -446.5249587007 0.0000000000
6.0000000000 1.0000000000 391.0713332627 -446.5249587007 0.0000000000
7.0000000000 1.0000000000 450.0903128960 70.0589329838 380.5677109121
8.0000000000 1.0000000000 447.2449608697 47.3412059862 387.3655658871
9.0000000000 1.0000000000 429.8716159273 -81.8244969862 401.0442269321
10.0000000000 1.0000000000 413.3966263035 -131.6904210967 405.0705972974
11.0000000000 1.0000000000 423.5249020851 181.2873560364 374.2764730752
12.0000000000 1.0000000000 382.8308552961 -209.0234711617 402.5804903114
13.0000000000 1.0000000000 422.6844322202 153.9661370802 387.2384612017
14.0000000000 1.0000000000 414.3905003351 53.2503860431 421.6233343410
15.0000000000 1.0000000000 401.0348940488 166.6465570203 404.6248450492
16.0000000000 1.0000000000 385.5966901421 230.4345900849 387.9902301430
17.0000000000 1.0000000000 393.0789960513 124.3244890162 427.0288640557
18.0000000000 1.0000000000 386.6408553716 196.8624001892 405.0621813893
19.0000000000 1.0000000000 338.7544643147 -286.6465582663 394.2086883663
20.0000000000 1.0000000000 367.8546381345 -152.7504600558 440.0813431609
21.0000000000 1.0000000000 340.3980669741 161.6625689877 458.6018929651
22.0000000000 1.0000000000 260.0195340649 -365.6959490912 388.5584140969
23.0000000000 1.0000000000 319.3233379269 299.5498929314 400.7789839083
24.0000000000 1.0000000000 309.2026598462 258.4096488715 435.8204847832
25.0000000000 1.0000000000 264.6023760454 246.8294640424 470.5126190808
26.0000000000 1.0000000000 223.5234721392 359.9486452241 415.6868492588
27.0000000000 1.0000000000 224.1672379839 316.9678769773 449.0008249678
28.0000000000 1.0000000000 212.8854321392 244.1131321596 497.4031543252
29.0000000000 1.0000000000 155.6740940839 279.6021341506 499.9095412693
30.0000000000 1.0000000000 138.7698420453 393.1023911284 422.5337471380
31.0000000000 1.0000000000 126.9054290053 347.5298400144 464.1544450192
32.0000000000 1.0000000000 111.6948529978 271.7625459946 515.7428669898
33.0000000000 1.0000000000 92.4356630710 180.7883691389 557.7567034284
34.0000000000 1.0000000000 81.6431880367 343.5317751545 477.1180522145
35.0000000000 1.0000000000 64.8876380582 295.2056302649 510.8469014584
36.0000000000 1.0000000000 50.7543260214 320.3026511348 497.1433762092
37.0000000000 1.0000000000 21.0633800036 390.2844480667 446.7165880764
38.0000000000 1.0000000000 15.5297200064 410.6848441699 428.2734091772
39.0000000000 1.0000000000 6.4176300038 243.8814111459 541.1118163237
40.0000000000 1.0000000000 -29.7284190218 325.7917922385 495.2749293625
41.0000000000 1.0000000000 -38.2685700152 341.2255471359 484.1714251929
42.0000000000 1.0000000000 -67.2112419793 282.7080749129 517.5713668406
43.0000000000 1.0000000000 -95.6819719906 401.7504269604 426.3365819580
44.0000000000 1.0000000000 -103.6779440611 361.5711492131 459.1715522706
45.0000000000 1.0000000000 -194.7230991452 333.0971342483 451.0549193362
46.0000000000 1.0000000000 -206.2858900743 264.3531690952 489.7804201764
47.0000000000 1.0000000000 -211.6422581391 347.5595332285 432.1241162841
48.0000000000 1.0000000000 -221.9827779340 289.4475929140 468.2574758608
49.0000000000 1.0000000000 -314.1658147927 -282.0472228139 417.2176067247
50.0000000000 1.0000000000 -269.4106480938 293.1193291020 440.2502561533
51.0000000000 1.0000000000 -345.5385102128 -246.7601351520 414.7696952554
52.0000000000 1.0000000000 -301.4598191044 220.9199270765 461.1265441597
53.0000000000 1.0000000000 -311.9087480732 -95.1051570223 495.9730521164
54.0000000000 1.0000000000 -315.3035644389 60.0475170836 499.2987926951
55.0000000000 1.0000000000 358.5549881350 -184.8333050696 435.4265681640
56.0000000000 1.0000000000 357.1638370713 -5.0355180010 474.0569200946
57.0000000000 1.0000000000 340.0305661311 -125.6433080484 470.0152121812
58.0000000000 1.0000000000 341.3575552173 215.8419461374 434.9811492769
59.0000000000 1.0000000000 308.7234951836 -212.4023611263 460.3220252738
60.0000000000 1.0000000000 292.1881671074 -262.4795130965 445.0302311636
61.0000000000 1.0000000000 325.2490310149 51.4739970024 493.8469620227
62.0000000000 1.0000000000 234.5015550084 -358.4088020128 410.9421830147
63.0000000000 1.0000000000 277.9508061513 -142.3212160775 504.7864372748
64.0000000000 1.0000000000 277.1256793150 -69.1376510786 520.3293855915
65.0000000000 1.0000000000 290.9450971314 183.7354800830 483.6461002184
66.0000000000 1.0000000000 269.9736541022 264.0069330999 457.9693131733
67.0000000000 1.0000000000 135.0591820109 -429.9826970348 386.2579760313
68.0000000000 1.0000000000 146.7847720540 -404.0795481487 409.2618671506
69.0000000000 1.0000000000 235.4204469787 162.4983019853 520.0892629528
70.0000000000 1.0000000000 104.3079661211 -389.4880884522 435.5917855057
71.0000000000 1.0000000000 156.6344000980 316.5257351981 477.0727932986
72.0000000000 1.0000000000 32.4872269938 -441.7186039156 395.1589319245
73.0000000000 1.0000000000 -70.3260340823 -438.1477195130 394.2107954615
74.0000000000 1.0000000000 -65.3567630726 -386.4454474294 445.7687024953
75.0000000000 1.0000000000 -211.8290450616 -387.7877941127 396.3210931152
76.0000000000 1.0000000000 -194.5744149820 164.5408569847 536.0862149503
77.0000000000 1.0000000000 -229.1159898064 229.7472188059 497.0346115801
78.0000000000 1.0000000000 -282.6785581657 -181.4366351064 489.3821682869
79.0000000000 1.0000000000 -270.1537940682 -98.1668480248 519.3279541311
80.0000000000 1.0000000000 -265.6505761579 55.4051840329 527.9027973139
81.0000000000 1.0000000000 -371.1407372038 -152.9464450840 437.2450852401
82.0000000000 1.0000000000 -342.5401541861 -54.4299920296 481.6896772616
83.0000000000 1.0000000000 397.6952740069 -0.2484320000 440.6356020077
84.0000000000 1.0000000000 334.2746380621 -61.0254500113 486.6802720904
85.0000000000 1.0000000000 251.7178641038 -292.3870001206 451.0756981861
86.0000000000 1.0000000000 265.3632771602 -164.6130710994 504.7833143048
87.0000000000 1.0000000000 279.7264659136 41.9479029870 521.8379098389
88.0000000000 1.0000000000 224.3711032745 -179.0199642190 519.5486376356
89.0000000000 1.0000000000 249.1400510378 -19.0164630029 538.4133500818
90.0000000000 1.0000000000 189.8376930731 -290.4093031119 481.6071151855
91.0000000000 1.0000000000 172.7570029834 -243.5110409766 513.0094709508
92.0000000000 1.0000000000 222.8535760252 129.2216620146 534.7516920605
93.0000000000 1.0000000000 108.0148761109 -351.6589523611 465.8219554783
94.0000000000 1.0000000000 142.2430059759 -132.0443359776 560.9389869048
95.0000000000 1.0000000000 174.0091730221 -3.8458720005 567.4745310719
96.0000000000 1.0000000000 154.5859699979 -21.3846529997 572.6842069923
97.0000000000 1.0000000000 134.4639979477 -100.9135849607 569.2602287784
98.0000000000 1.0000000000 164.7426649585 114.6594899711 558.6003778593
99.0000000000 1.0000000000 37.8382799843 -413.4354008279 424.2178218235
100.0000000000 1.0000000000 55.1141090382 -329.9465932287 490.3254093398
101.0000000000 1.0000000000 72.9713060680 -252.5672262353 532.1713174957
102.0000000000 1.0000000000 49.9585950467 -239.8355532240 540.6518035050
103.0000000000 1.0000000000 62.5837649918 -161.1892789790 567.8226969259
104.0000000000 1.0000000000 39.0516249815 -188.7622699105 561.3956737339
105.0000000000 1.0000000000 63.4635140828 -110.6792221443 579.6928657560
106.0000000000 1.0000000000 97.0073670236 152.5920280371 565.3552601376
107.0000000000 1.0000000000 -27.3520450253 -349.4404993235 479.0245604435
108.0000000000 1.0000000000 -39.8792590199 -379.5969781891 454.5735422264
109.0000000000 1.0000000000 38.7021720341 3.8467600034 592.2910355221
110.0000000000 1.0000000000 -0.5239890002 -57.0080660254 590.8224202636
111.0000000000 1.0000000000 10.1157260008 39.1216180033 592.1895790495
112.0000000000 1.0000000000 -63.5166749927 -286.8980139670 515.7290839406
113.0000000000 1.0000000000 -63.8422070194 -176.9888290538 562.9568841711
114.0000000000 1.0000000000 -49.2737139987 -75.2546449980 586.7113139846
115.0000000000 1.0000000000 -111.2056741373 -267.4606043302 518.0921246396
116.0000000000 1.0000000000 -81.1832269689 -138.3105469469 571.4899847808
117.0000000000 1.0000000000 -28.0405030044 243.8549330382 540.4348510845
118.0000000000 1.0000000000 -117.5818389950 -227.8770449904 535.3203619774
119.0000000000 1.0000000000 -149.5889301731 -359.4914204160 448.0071395184
120.0000000000 1.0000000000 -81.5277900505 -54.6200840338 585.3983193623
121.0000000000 1.0000000000 -56.8361550679 40.5249370484 589.4477987039
122.0000000000 1.0000000000 -159.5541851123 -294.9003582076 489.7933923449
123.0000000000 1.0000000000 -93.7776879811 -7.8714049984 586.0589668820
124.0000000000 1.0000000000 -135.9876569833 -135.2199629834 561.7332509310
125.0000000000 1.0000000000 -169.2611589916 -180.9688339910 539.3721049733
126.0000000000 1.0000000000 -143.0059409955 -83.1292649974 570.0527629821
127.0000000000 1.0000000000 -114.2920701097 160.3438411540 559.9540175377
128.0000000000 1.0000000000 -213.6416320897 -186.3451240783 521.4921612190
129.0000000000 1.0000000000 -180.9936671167 -48.7570850314 563.1921213631
130.0000000000 1.0000000000 -257.2779629475 -250.0934969489 472.8452379035
131.0000000000 1.0000000000 -256.0560950952 -228.8146200851 484.1492251801
132.0000000000 1.0000000000 -252.6714690605 -158.1752610379 513.2826141230
133.0000000000 1.0000000000 -227.5595829705 -43.3127419944 546.4997429293
