0.0000000000 766.9980767728 234.6639030000 702.6123979407 231.2371569071
1.0000000000 5592.6488027706 297.2270240000 5451.2333008335 335.8847734397
2.0000000000 6069.7171166000 315.4886260000 5938.0329874971 315.4435950026
3.0000000000 14112.0464791674 397.5465540000 13951.2834043016 443.4695995784
4.0000000000 2784.7616077786 200.3585420000 2515.1142198756 219.7282894072
5.0000000000 2060.2177371106 155.3771710000 1954.0845787419 190.4559496285
6.0000000000 7481.2917385221 305.1261410000 7321.9676342832 330.3235527392
7.0000000000 13689.7196364444 390.1086900000 13370.0288987808 447.4062004321
8.0000000000 4783.1510018522 256.4118090000 4552.9581451220 267.1216933073
9.0000000000 5325.9479657562 284.6308000000 5125.6906201790 299.8729626194
10.0000000000 7704.3769925499 274.5877020000 7628.4474199518 349.2863233488
11.0000000000 7364.9895484647 294.1473610000 7244.8297683920 329.1610418322
12.0000000000 10632.8768887431 367.0015520000 10534.6760771012 383.3090881607
13.0000000000 5043.0437485898 223.1692230000 5002.0569845150 283.2972168539
14.0000000000 6578.9565982876 258.0795735530 6663.6824065732 315.9459713120
15.0000000000 13933.4730731620 336.1474770000 13915.4485780055 436.2928225203
16.0000000000 3568.2296317176 240.2420980000 3697.2570386931 312.2026772050
17.0000000000 12306.7797615834 395.0876750000 12234.3928481988 422.2320705622
18.0000000000 7132.7662944477 302.7175060000 6758.5769052323 335.2004719553
19.0000000000 13689.8821536888 354.0647120000 13498.3171607319 449.8942555703
20.0000000000 20733.5536834671 449.4589730000 20759.8665278430 534.5687866195
21.0000000000 5093.1623304920 251.3252060000 4865.7872565398 281.7191278728
22.0000000000 13200.1651059375 471.3951277787 12937.4136188177 440.8655243388
23.0000000000 7634.1688243564 303.9134660000 7574.9755728524 336.8587914465
24.0000000000 16540.4756902980 392.8691610000 16574.8779636499 498.0418173031
25.0000000000 11525.7113562559 342.8877690000 11641.1135542303 418.0800883843
26.0000000000 5650.0098599050 267.7881020000 5651.3652370286 311.7046290004
27.0000000000 7032.1846530771 328.8084040000 6716.2446106316 319.5512703574
28.0000000000 19412.3566484297 456.0673900000 19423.6127059522 517.0388413680
29.0000000000 10553.3380147880 360.4721924340 10742.2700549346 401.0510729572
30.0000000000 19230.7447117408 513.2128646616 19569.8301885097 550.7000208299
31.0000000000 3482.4314289796 237.0329580000 3557.5533993051 247.5793256245
32.0000000000 12393.0401929950 448.5467177137 11434.6179007493 425.8567540868
33.0000000000 7089.5984297594 305.4255772634 7723.9987791805 328.3702758685
34.0000000000 6878.2220737555 338.0550140000 6584.6648749316 342.6118422600
35.0000000000 6857.1376668561 275.6302800000 6787.2170110241 329.0279029625
36.0000000000 10798.3153492138 349.9596260000 11090.3423074172 416.0322111974
37.0000000000 13573.6247585194 409.5403240000 13527.6804835234 453.2631842564
38.0000000000 14386.1882944245 399.5471790000 14667.9425265119 454.9307200219
39.0000000000 6744.9753078204 335.4136850000 6945.4786244040 342.6492346495
40.0000000000 29408.3709634965 568.2146840000 29328.0709809179 650.6440623726
41.0000000000 6170.3294200377 282.3745800000 6127.1706427217 313.2652382846
42.0000000000 13363.3205385876 369.7756230000 13415.2715749416 434.9982433867
43.0000000000 8687.4489043214 313.4552420000 9044.5936695172 363.8063679908
44.0000000000 10808.7567699033 200.1300616448 6628.6027690303 308.2308306439
45.0000000000 8637.0191682212 305.0906300000 9190.6290699018 411.4057862527
46.0000000000 7370.4726835319 336.9673130000 7506.4832268149 348.1955481881
47.0000000000 6178.4880060278 263.2489340000 6101.4977744004 301.2155191839
48.0000000000 5571.6900508227 280.8303680000 5592.9481916001 296.7839540889
49.0000000000 15123.7200104006 436.8779980000 14678.9682933397 484.8461343702
50.0000000000 13160.4418423702 379.4028960000 13637.4722822506 440.8440658629
51.0000000000 18575.1545827044 450.4003210000 18693.1596768582 525.2201946295
52.0000000000 16345.7103667501 406.2310230000 15974.5989493080 494.7938120162
53.0000000000 4055.5065078322 257.1958200000 3628.1173510124 265.6574509019
54.0000000000 32118.6680484266 552.3375620000 32493.0246748861 676.0172100008
55.0000000000 3945.1623995110 285.0614440000 4277.0465901409 311.2103879041
56.0000000000 15299.8770765529 407.5086700000 15486.4188492471 454.4271346444
57.0000000000 2863.1496391992 222.0641250000 2724.6824001333 212.6083264333
58.0000000000 -39942.5511283852 325.1446450000 -37495.8695076440 1953.3037548313
59.0000000000 2528.9231393630 189.6996620000 2654.4930353728 221.9725807924
60.0000000000 -23541.8253047908 442.1747770000 -22916.2803194460 2425.6308394281
61.0000000000 -18541.5571631074 283.7693880000 -17983.0251229306 2380.7132519693
62.0000000000 -10168.4628464952 259.4088370000 -10580.3229675676 1962.6806055155
63.0000000000 -23770.2270848358 375.7825250000 -24105.2340172285 2231.1854193262
64.0000000000 17722.8649863320 188.1723710000 15878.1723236712 1890.0903574573
65.0000000000 47604.0699406349 376.2258290000 46835.3404600165 3857.3908131806
66.0000000000 160.3734634432 320.7944660000 0.0000000000 2133.5864048918
67.0000000000 1164.4387114560 348.4334790000 0.0000000000 3926.1061063985
