0.0000000000 1.0000000000 331.3389479261 156.5259019651 466.9426838958
1.0000000000 1.0000000000 389.9856789569 -447.4734591582 0.0000000000
2.0000000000 1.0000000000 389.9856789569 -447.4734591582 0.0000000000
3.0000000000 1.0000000000 389.9856789569 -447.4734591582 0.0000000000
4.0000000000 1.0000000000 389.9856789569 -447.4734591582 0.0000000000
5.0000000000 1.0000000000 389.9856789569 -447.4734591582 0.0000000000
6.0000000000 1.0000000000 389.9856789569 -447.4734591582 0.0000000000
7.0000000000 1.0000000000 449.8399400590 70.8110640093 380.7245040500
8.0000000000 1.0000000000 446.9591873024 48.0686110325 387.6057532622
9.0000000000 1.0000000000 428.7757366029 -83.9646291181 401.7743585649
10.0000000000 1.0000000000 412.9895741305 -130.1289150411 405.9894131283
11.0000000000 1.0000000000 423.2899060825 181.2267150353 374.5715680730
12.0000000000 1.0000000000 383.6200131094 -209.3288120597 401.6695911146
13.0000000000 1.0000000000 422.7320433482 155.4988831281 386.5734643184
14.0000000000 1.0000000000 415.4805610776 52.4115370098 420.6545620785
15.0000000000 1.0000000000 401.1051261633 168.1161940684 403.9467161644
16.0000000000 1.0000000000 386.1425419613 229.9414409769 387.7398579611
17.0000000000 1.0000000000 392.7614380738 123.9907390233 427.4179170803
18.0000000000 1.0000000000 388.7144031474 191.8217440727 405.4958171538
19.0000000000 1.0000000000 339.9458871718 -283.7685291434 395.2638891998
20.0000000000 1.0000000000 369.6152847391 -157.2261058890 437.0192436916
21.0000000000 1.0000000000 340.3474248711 162.6178429384 458.3016408264
22.0000000000 1.0000000000 260.4378868909 -366.0648368466 387.9303658375
23.0000000000 1.0000000000 318.5958810832 296.8558090775 403.3542111053
24.0000000000 1.0000000000 312.1460579673 257.0169129731 434.5439809545
25.0000000000 1.0000000000 265.3086802270 246.2872092107 470.3990234024
26.0000000000 1.0000000000 226.0452251370 359.5400602179 414.6755692513
27.0000000000 1.0000000000 224.2019031478 317.2644462091 448.7740012958
28.0000000000 1.0000000000 214.1305280101 242.2258730114 497.7911910234
29.0000000000 1.0000000000 158.2421691652 279.6554432920 499.0727155211
30.0000000000 1.0000000000 140.0429390893 391.6238852497 423.4855772700
31.0000000000 1.0000000000 129.9171280590 346.4298571572 464.1435342106
32.0000000000 1.0000000000 112.4889471149 271.7317392775 515.5864865265
33.0000000000 1.0000000000 91.5664450605 181.1772761198 557.7738853688
34.0000000000 1.0000000000 78.3695470700 351.1810443138 472.0714084218
35.0000000000 1.0000000000 63.2133760896 295.0607694180 511.1404287242
36.0000000000 1.0000000000 46.5330950126 320.2972950867 497.5596851346
37.0000000000 1.0000000000 23.2387510182 388.4137723037 448.2365763505
38.0000000000 1.0000000000 15.8342830122 411.6203113170 427.3632193291
39.0000000000 1.0000000000 8.6942140089 243.3050852493 541.3394245547
40.0000000000 1.0000000000 -31.1519059906 327.2220089008 494.2435048502
41.0000000000 1.0000000000 -44.8969990329 345.3564422530 480.6604973521
42.0000000000 1.0000000000 -71.2064250705 283.9097142809 516.3780065109
43.0000000000 1.0000000000 -94.2446990406 404.3692931743 424.1753621829
44.0000000000 1.0000000000 -105.0633160295 366.2878081027 455.1002831276
45.0000000000 1.0000000000 -193.5765832182 331.2224543733 452.9250695105
46.0000000000 1.0000000000 -206.1621660045 265.7618930058 489.0696310106
47.0000000000 1.0000000000 -213.1176411853 348.3753393030 430.7398523746
48.0000000000 1.0000000000 -225.4062610696 293.3602420906 464.1692711433
49.0000000000 1.0000000000 -312.6185039823 -281.2523599840 418.9130069762
50.0000000000 1.0000000000 -273.5976729712 293.4852549691 437.4151859539
51.0000000000 1.0000000000 -343.1250602028 -241.7272201429 419.7076012481
52.0000000000 1.0000000000 -303.5763153722 219.7049332694 460.3178135644
53.0000000000 1.0000000000 -313.2611321857 -94.4645510560 495.2426052937
54.0000000000 1.0000000000 -316.9059052830 62.4542360558 497.9873914448
55.0000000000 1.0000000000 360.6151910030 -182.6500880015 434.6457820036
56.0000000000 1.0000000000 357.0509202642 -2.7171130020 474.1609263509
57.0000000000 1.0000000000 341.3275799962 -124.0680039986 469.4932799948
58.0000000000 1.0000000000 342.8719518328 215.8100948948 433.8042807885
59.0000000000 1.0000000000 306.8516420821 -212.6648520569 461.4510341235
60.0000000000 1.0000000000 291.0146031292 -263.2759331169 445.3286541977
61.0000000000 1.0000000000 325.2292710875 53.7128860145 493.6214881328
62.0000000000 1.0000000000 236.4036811401 -355.6108262107 412.2809312443
63.0000000000 1.0000000000 277.7438949119 -139.7175049557 505.6270108397
64.0000000000 1.0000000000 277.7387221624 -67.0625690392 520.2741013043
65.0000000000 1.0000000000 291.5517549482 183.1217299675 483.5135289141
66.0000000000 1.0000000000 271.1494241619 265.5356641585 456.3881322725
67.0000000000 1.0000000000 137.1021030503 -429.3586411574 386.2324391416
68.0000000000 1.0000000000 147.5490080893 -402.9627182439 410.0873862482
69.0000000000 1.0000000000 236.2009541068 163.1744540738 519.5233712349
70.0000000000 1.0000000000 104.5757170442 -390.2227671649 434.8694491838
71.0000000000 1.0000000000 159.0013360023 319.1250570046 474.5514720068
72.0000000000 1.0000000000 28.7176290325 -441.9926275001 395.1444564471
73.0000000000 1.0000000000 -66.7318050916 -438.6474046020 394.2799095411
74.0000000000 1.0000000000 -64.5165160778 -384.7130844641 447.3866205397
75.0000000000 1.0000000000 -213.5243032943 -389.4963355369 393.7274475428
76.0000000000 1.0000000000 -192.7868280580 161.9841000487 537.5088061616
77.0000000000 1.0000000000 -228.1701019599 227.1908569600 498.6422019123
78.0000000000 1.0000000000 -283.2940652598 -184.7251681694 487.7934104474
79.0000000000 1.0000000000 -269.1647439864 -98.3483589950 519.8069519738
80.0000000000 1.0000000000 -266.3948200384 58.0409830084 527.2441280761
81.0000000000 1.0000000000 -372.0511439025 -153.2710709598 436.3567938857
82.0000000000 1.0000000000 -340.3226332568 -55.8834380422 483.0930273646
83.0000000000 1.0000000000 398.0427270093 -0.1851460000 440.3217910103
84.0000000000 1.0000000000 334.1949291781 -58.4298920311 487.0534092596
85.0000000000 1.0000000000 250.8595983923 -292.2411934570 451.6479527063
86.0000000000 1.0000000000 264.5151091729 -164.8393191078 505.1545133302
87.0000000000 1.0000000000 279.2763514075 45.7038400667 521.7635527614
88.0000000000 1.0000000000 225.0909149718 -175.6717529780 520.3795169348
89.0000000000 1.0000000000 247.9069371683 -19.2265120131 538.9747843658
90.0000000000 1.0000000000 190.9947351765 -288.3409122664 482.3918074458
91.0000000000 1.0000000000 174.0747970063 -240.4873180087 513.9894370186
92.0000000000 1.0000000000 222.1009159674 130.9592409808 534.6421109216
93.0000000000 1.0000000000 108.4674841182 -352.2579733839 465.2638515070
94.0000000000 1.0000000000 142.3964601535 -132.1896671425 560.8658186046
95.0000000000 1.0000000000 173.7078790713 -3.1234280013 567.5712672331
96.0000000000 1.0000000000 152.6140279609 -20.4064129948 573.2485178531
97.0000000000 1.0000000000 130.5056131504 -96.6504491114 570.9188226581
98.0000000000 1.0000000000 164.1450750955 112.8355770657 559.1474343254
99.0000000000 1.0000000000 36.6235769958 -413.6990419522 424.0673799510
100.0000000000 1.0000000000 59.7542660079 -330.6776610437 489.2882980647
101.0000000000 1.0000000000 73.9544430256 -251.2052630871 532.6800001846
102.0000000000 1.0000000000 45.9920650094 -238.2849430486 541.6884181105
103.0000000000 1.0000000000 64.3220579986 -157.1212589967 568.7678869879
104.0000000000 1.0000000000 38.1598390368 -184.5658431779 562.8504265427
105.0000000000 1.0000000000 59.8556519962 -104.1197509934 581.2896909629
106.0000000000 1.0000000000 97.1314800018 149.8496490027 566.0670320103
107.0000000000 1.0000000000 -30.8805869951 -349.0158539450 479.1196609245
108.0000000000 1.0000000000 -39.2683819953 -378.5565509551 455.4934229460
109.0000000000 1.0000000000 28.2468999885 0.0428830000 592.8941197589
110.0000000000 1.0000000000 -7.0622870060 -44.3919780377 591.8621485031
111.0000000000 1.0000000000 -2.7627500017 26.4314940158 592.9713903546
112.0000000000 1.0000000000 -60.8247930439 -285.2294152059 516.9776123731
113.0000000000 1.0000000000 -63.8379610229 -176.6302120633 563.0699862019
114.0000000000 1.0000000000 -45.4007160003 -64.7719900004 588.2726330033
115.0000000000 1.0000000000 -109.3035210730 -265.6312681775 519.4363253470
116.0000000000 1.0000000000 -80.2280530787 -133.9697571314 572.6577425617
117.0000000000 1.0000000000 -37.6973799769 238.6593948537 542.1641146678
118.0000000000 1.0000000000 -116.0303400399 -223.2267670767 537.6133341848
119.0000000000 1.0000000000 -151.8699551174 -356.8975152760 449.3117033475
120.0000000000 1.0000000000 -72.8532280694 -45.6936040435 587.3038635595
121.0000000000 1.0000000000 -49.5041329817 28.8313069893 590.7955847817
122.0000000000 1.0000000000 -165.5397119680 -295.1139919430 487.6737249059
123.0000000000 1.0000000000 -81.6604040347 -12.0337470051 587.7993652501
124.0000000000 1.0000000000 -134.6908429903 -133.4676829904 562.4642929594
125.0000000000 1.0000000000 -165.2102559931 -177.1840359926 541.8788749773
126.0000000000 1.0000000000 -137.2730329955 -80.0881979974 571.8945019812
127.0000000000 1.0000000000 -112.4687670980 158.1467301378 560.9471584889
128.0000000000 1.0000000000 -214.9360940574 -184.4825040492 521.6224761392
129.0000000000 1.0000000000 -176.6492351009 -45.3408480259 564.8544783226
130.0000000000 1.0000000000 -256.4831351463 -253.8484351448 471.2734872689
131.0000000000 1.0000000000 -256.5179312514 -225.7709092213 485.3322304756
132.0000000000 1.0000000000 -252.6013650640 -158.1880040401 513.3131911301
133.0000000000 1.0000000000 -223.9745571775 -43.4975520345 547.9641294343
