0.0000000000 734.9867921544 234.6639030000 666.1353233604 238.5513060782
1.0000000000 5594.2966814099 297.2270240000 5601.1157975348 339.7654521710
2.0000000000 5988.7314082103 315.4886260000 5688.1824051279 308.3672669832
3.0000000000 14109.6644473695 397.5465540000 13921.4773734617 442.0243336772
4.0000000000 2717.4308304523 200.3585420000 2696.5916684627 225.3628523994
5.0000000000 2060.3951765089 155.3771710000 2109.6684850271 197.9732094662
6.0000000000 7490.4174436064 305.1261410000 7487.2560086806 333.5286978201
7.0000000000 13665.4874647137 390.1086900000 13572.1007100024 448.2051354291
8.0000000000 4667.4086150590 256.4118090000 4399.2625021301 261.5517881631
9.0000000000 5275.2058464813 284.6308000000 5163.4889568821 296.7642724967
10.0000000000 7769.2799777755 274.5877020000 7907.7847555178 355.3183553081
11.0000000000 7357.8098639366 294.1473610000 7263.2387757624 329.5035219355
12.0000000000 10680.1552589322 367.0015520000 10619.5254897660 384.5545625695
13.0000000000 5023.8081780819 223.1692230000 4910.3537371235 280.8841105550
14.0000000000 6591.8797916413 263.0606748540 6352.0061007297 310.6676044078
15.0000000000 13960.8237289173 336.1474770000 13817.1203730787 434.7414596853
16.0000000000 3730.7921192082 240.2420980000 4024.8861371616 316.5935251139
17.0000000000 12321.4436483506 395.0876750000 12107.1019609001 419.8114783365
18.0000000000 6959.5014380128 302.7175060000 6607.4529951963 334.0195688590
19.0000000000 13604.2902452935 354.0647120000 13287.9934664411 447.7111260836
20.0000000000 20928.4977244578 449.4589730000 21036.2935474938 538.5845458857
21.0000000000 5039.4554525616 251.3252060000 4966.1926077590 284.7739628845
22.0000000000 13196.5837541335 472.8329480010 13019.0715890463 441.8560439808
23.0000000000 7716.7700273141 303.9134660000 7817.3269748435 339.8780553064
24.0000000000 16731.7601541484 392.8691610000 16959.3963984947 501.4755040395
25.0000000000 11607.7424464490 342.8877690000 11515.4605830233 416.1516051892
26.0000000000 5636.0786063440 267.7881020000 5472.6553717417 305.0035481502
27.0000000000 6820.8802554708 328.8084040000 6262.9562385321 310.0026376203
28.0000000000 19605.3509470233 456.0673900000 19713.1487564697 520.9674495095
29.0000000000 10841.3314839613 360.8103189208 11273.8940017167 408.8782698302
30.0000000000 19428.7996383003 515.3026782935 19267.1973845105 546.8146171360
31.0000000000 3496.3800607347 237.0329580000 3372.1081516607 242.2653097833
32.0000000000 12151.3411409718 450.3613873423 11965.5688351159 436.2266361193
33.0000000000 7511.1222642345 325.4723637931 7957.4945050227 332.6828031917
34.0000000000 6792.4014469761 338.0550140000 6596.4504533080 339.7854435279
35.0000000000 6872.0829659892 275.6302800000 6846.9428304880 332.4717886155
36.0000000000 11012.6785484414 349.9596260000 11174.2881178509 419.6850370566
37.0000000000 13703.3967146830 409.5403240000 13833.5908587267 459.4157064429
38.0000000000 14633.0747174448 399.5471790000 14781.0601675011 455.7454589333
39.0000000000 6918.8267782514 335.4136850000 7066.6645955798 345.3475374468
40.0000000000 29606.2994565487 568.2146840000 29586.3983285310 652.5640023599
41.0000000000 6028.1374938449 282.3745800000 5495.4307384266 299.0232054343
42.0000000000 13662.6457367430 369.7756230000 14211.7715565240 446.0969914824
43.0000000000 8964.3124504378 313.4552420000 9256.0714210438 367.8260339402
44.0000000000 8832.6832908071 231.7745726068 6345.4121132070 303.5175048104
45.0000000000 8726.2354833729 305.0906300000 8354.5138840522 394.0994490355
46.0000000000 7574.1566124557 336.9673130000 7833.4412350491 354.3547205495
47.0000000000 6247.8985432450 263.2489340000 6385.0400571836 307.5710334874
48.0000000000 5533.3927702351 280.8303680000 5240.0163084513 286.6184453222
49.0000000000 15185.7493778647 436.8779980000 15382.3545425200 493.5807289694
50.0000000000 13398.0198709214 379.4028960000 13378.6862697009 434.9211256617
51.0000000000 18499.8135678707 450.4003210000 17773.5289804479 512.5526947201
52.0000000000 16198.9866827633 406.2310230000 15790.8826672749 494.0601159241
53.0000000000 3918.6248720556 257.1958200000 3772.1222530388 275.3032621767
54.0000000000 32605.2486247714 552.3375620000 33049.4832664575 680.5422492057
55.0000000000 4080.1941014533 285.0614440000 4068.3094570307 311.3423232336
56.0000000000 15480.2584680659 407.5086700000 15484.7321789111 454.8226576828
57.0000000000 2813.3521809255 222.0641250000 2699.4829052853 211.0585965697
58.0000000000 -39195.9674771166 325.1446450000 -39386.4558589645 1946.9234530267
59.0000000000 2464.6527255853 189.6996620000 2107.6600179080 194.7794200010
60.0000000000 -23104.3745945790 442.1747770000 -22777.5221177641 2415.7479404558
61.0000000000 -19389.4051355102 283.7693880000 -22570.2600511131 2359.1271938955
62.0000000000 -10467.1603444422 259.4088370000 -11117.0117589362 1960.2110414730
63.0000000000 -23638.5684109420 375.7825250000 -23249.9704644456 2227.0506189716
64.0000000000 16976.8632350284 188.1723710000 16368.0545750424 1886.1130685165
65.0000000000 47481.9968950653 376.2258290000 47548.4744276046 3854.2339087453
66.0000000000 121.5292555801 320.7944660000 0.0000000000 2126.0872517832
67.0000000000 666.3561786770 348.4334790000 0.0000000000 3917.7725883533
