0.0000000000 1.0000000000 330.4306318405 157.6780519239 467.1986257745
1.0000000000 1.0000000000 389.0737681868 -448.2665829074 0.0000000000
2.0000000000 1.0000000000 389.0737681868 -448.2665829074 0.0000000000
3.0000000000 1.0000000000 389.0737681868 -448.2665829074 0.0000000000
4.0000000000 1.0000000000 389.0737681868 -448.2665829074 0.0000000000
5.0000000000 1.0000000000 389.0737681868 -448.2665829074 0.0000000000
6.0000000000 1.0000000000 389.0737681868 -448.2665829074 0.0000000000
7.0000000000 1.0000000000 450.8293378501 68.5110759772 379.9742978737
8.0000000000 1.0000000000 447.3824071431 47.0377570150 387.2437961239
9.0000000000 1.0000000000 429.9081842865 -85.1419570567 400.3137852668
10.0000000000 1.0000000000 412.0591783243 -128.9323651015 407.3143813206
11.0000000000 1.0000000000 421.8002643383 182.6190831465 375.5744053013
12.0000000000 1.0000000000 384.5467762789 -210.7905681529 400.0155492901
13.0000000000 1.0000000000 423.5789781032 152.7943900372 386.7247730942
14.0000000000 1.0000000000 415.5260652714 53.6706160351 420.4508062747
15.0000000000 1.0000000000 401.7027248938 163.9614239566 405.0591298929
16.0000000000 1.0000000000 386.1598850350 230.7321670209 387.2525490351
17.0000000000 1.0000000000 393.9862720298 127.3002180096 425.3125890322
18.0000000000 1.0000000000 386.8742952939 196.0180251489 405.2487383079
19.0000000000 1.0000000000 340.2643131867 -284.4244011561 394.5177862165
20.0000000000 1.0000000000 369.8440471898 -153.7608940789 438.0574102248
21.0000000000 1.0000000000 342.6349083090 162.9961721470 456.4590824116
22.0000000000 1.0000000000 260.3047291003 -368.1319341419 386.0591321488
23.0000000000 1.0000000000 320.1877702076 296.8050291925 402.1291992608
24.0000000000 1.0000000000 309.5443651969 254.0735751616 438.1212512787
25.0000000000 1.0000000000 265.8203932327 246.5543842159 469.9699784115
26.0000000000 1.0000000000 226.5045320947 358.4133761498 415.3996571737
27.0000000000 1.0000000000 225.4125281759 323.0945512521 443.9824653464
28.0000000000 1.0000000000 213.3169769824 244.1289379798 497.2104739590
29.0000000000 1.0000000000 159.1145769500 281.8535669115 497.5564738438
30.0000000000 1.0000000000 140.0407000390 392.0586731093 423.0838281179
31.0000000000 1.0000000000 131.0522670275 352.1877120740 459.4675670965
32.0000000000 1.0000000000 113.5026900935 270.8795242230 515.8127074247
33.0000000000 1.0000000000 89.8272919464 180.2445238925 558.3585726671
34.0000000000 1.0000000000 77.2754730261 347.8647001176 474.6998821605
35.0000000000 1.0000000000 64.3629320652 294.5524432986 511.2901305183
36.0000000000 1.0000000000 47.7284630157 319.8413361053 497.7397311639
37.0000000000 1.0000000000 22.4796119916 390.2426608546 446.6840708335
38.0000000000 1.0000000000 16.3600400006 411.2976330148 427.6539870154
39.0000000000 1.0000000000 7.2478470015 243.0652080497 541.4684661106
40.0000000000 1.0000000000 -30.0124320124 330.6398861365 492.0343952031
41.0000000000 1.0000000000 -35.5729519888 340.3499778931 484.9925608476
42.0000000000 1.0000000000 -70.0352640011 280.1024920043 518.6125550079
43.0000000000 1.0000000000 -94.6243391146 403.6515224887 424.7740685143
44.0000000000 1.0000000000 -104.5516490913 366.6873023202 454.8963633972
45.0000000000 1.0000000000 -197.7096833057 332.7996975145 449.9739646957
46.0000000000 1.0000000000 -207.4812599882 266.3031919849 488.2166149722
47.0000000000 1.0000000000 -215.5352791297 346.7151422087 430.8764092594
48.0000000000 1.0000000000 -224.9969729956 293.7627539943 464.1132759910
49.0000000000 1.0000000000 -310.9536008476 -280.8492148624 420.4199127939
50.0000000000 1.0000000000 -263.6650120836 295.9296820938 441.8458001400
51.0000000000 1.0000000000 -344.1251861781 -246.7415921277 415.9540472153
52.0000000000 1.0000000000 -302.4431898885 212.0096409218 464.6518648287
53.0000000000 1.0000000000 -313.1126124022 -93.5297571201 495.5138776364
54.0000000000 1.0000000000 -316.6822622906 58.9629170541 498.5549574576
55.0000000000 1.0000000000 360.8858340266 -183.0037400135 434.2722330320
56.0000000000 1.0000000000 358.5986021633 -0.8560930004 472.9985582154
57.0000000000 1.0000000000 340.8439683617 -123.6257601312 469.9610484987
58.0000000000 1.0000000000 343.6200428848 216.5306879274 432.8522308549
59.0000000000 1.0000000000 307.4492279497 -211.1111089655 461.7666059245
60.0000000000 1.0000000000 290.6652732111 -262.3381181906 446.1095573241
61.0000000000 1.0000000000 325.0534419025 55.1951739834 493.5737828520
62.0000000000 1.0000000000 234.9547810316 -356.0601720478 412.7211300554
63.0000000000 1.0000000000 278.7895239626 -139.6268599813 505.0762989322
64.0000000000 1.0000000000 279.0904521000 -65.3667670234 519.7663241862
65.0000000000 1.0000000000 293.1497359206 184.9224999499 481.8591368694
66.0000000000 1.0000000000 271.5600572492 265.0178602432 456.4449534188
67.0000000000 1.0000000000 135.7918741241 -429.3353973923 386.7208423533
68.0000000000 1.0000000000 146.3382860594 -400.9134831626 412.5224981673
69.0000000000 1.0000000000 236.7707012461 163.9021891704 519.0347135396
70.0000000000 1.0000000000 104.0232830030 -389.4705860112 435.6755050125
71.0000000000 1.0000000000 161.3299121596 320.0135783166 473.1651884682
72.0000000000 1.0000000000 32.1273370496 -442.2455346822 394.5985906087
73.0000000000 1.0000000000 -67.4177250651 -439.0241644240 393.7435203802
74.0000000000 1.0000000000 -71.6737270804 -388.5976474357 442.9176804966
75.0000000000 1.0000000000 -211.4823969868 -394.2811279754 390.0498869757
76.0000000000 1.0000000000 -192.7651149653 161.7978599709 537.5726829033
77.0000000000 1.0000000000 -229.4188741818 228.0232521807 497.6883593944
78.0000000000 1.0000000000 -283.4862469895 -185.4479589931 487.4073539819
79.0000000000 1.0000000000 -270.0896343652 -98.7720811336 519.2465617022
80.0000000000 1.0000000000 -268.7263608426 59.1491699653 525.9361606919
81.0000000000 1.0000000000 -372.9050902517 -157.5225831063 434.1080002930
82.0000000000 1.0000000000 -340.1818721463 -59.8445860257 482.7175632075
83.0000000000 1.0000000000 397.8998390970 1.2062340003 440.4493041074
84.0000000000 1.0000000000 333.7000012040 -58.0608540355 487.4367372980
85.0000000000 1.0000000000 251.8651841005 -292.1861381166 451.1236151800
86.0000000000 1.0000000000 263.7395241439 -165.3419450902 505.3957172758
87.0000000000 1.0000000000 278.9204529317 47.3071329884 521.8110218722
88.0000000000 1.0000000000 225.2837260434 -174.9543010337 520.5377621003
89.0000000000 1.0000000000 248.4529381398 -16.9310830095 538.8003363032
90.0000000000 1.0000000000 192.8760770871 -287.6768451299 482.0396022177
91.0000000000 1.0000000000 173.8781860932 -241.9460841297 513.3710112753
92.0000000000 1.0000000000 223.1820742374 130.8821711392 534.2105815683
93.0000000000 1.0000000000 109.8433251061 -349.6678683378 466.8920134510
94.0000000000 1.0000000000 139.6413620124 -129.1053620115 562.2752190500
95.0000000000 1.0000000000 172.6937700272 -4.1974180007 567.8737270895
96.0000000000 1.0000000000 153.6229571494 -15.8697760154 573.1225555572
97.0000000000 1.0000000000 129.5614019519 -97.3681109639 571.0119267880
98.0000000000 1.0000000000 163.6519109410 113.7777759590 559.1010607983
99.0000000000 1.0000000000 36.9653270078 -416.8081460882 420.9820190891
100.0000000000 1.0000000000 59.0499919721 -330.1676308439 489.7180417685
101.0000000000 1.0000000000 73.1433940348 -251.4103501197 532.6952282537
102.0000000000 1.0000000000 47.5376529896 -238.6683499477 541.3861068813
103.0000000000 1.0000000000 65.3468369642 -155.8039419147 569.0133996886
104.0000000000 1.0000000000 37.8367670411 -186.1669102022 562.3447226108
105.0000000000 1.0000000000 56.6877800611 -103.3114831113 581.7512866266
106.0000000000 1.0000000000 95.4841430436 149.2134330682 566.5151862588
107.0000000000 1.0000000000 -30.1853320331 -349.3017513831 478.9555915253
108.0000000000 1.0000000000 -40.5226690207 -380.7155471947 453.5801052320
109.0000000000 1.0000000000 25.7858930268 0.3473910004 593.0061496164
110.0000000000 1.0000000000 -9.9547339976 -45.5350459891 591.7337148586
111.0000000000 1.0000000000 -2.5096510014 28.2936140155 592.8865823244
112.0000000000 1.0000000000 -66.1975160432 -286.7202371873 515.4907573367
113.0000000000 1.0000000000 -63.8632900556 -176.5094131538 563.1049934905
114.0000000000 1.0000000000 -52.6480630233 -67.1823870298 587.3976802605
115.0000000000 1.0000000000 -110.7036939733 -268.0575479352 517.8910788749
116.0000000000 1.0000000000 -80.5456009545 -135.0530909236 572.3586246764
117.0000000000 1.0000000000 -48.4186340250 242.7625581253 539.4842932785
118.0000000000 1.0000000000 -117.3925840254 -221.5861190479 537.9961891163
119.0000000000 1.0000000000 -160.1632110444 -361.8334851004 442.4314651227
120.0000000000 1.0000000000 -70.3348990440 -44.9898220281 587.6650783677
121.0000000000 1.0000000000 -48.6458070437 29.1929760262 590.8491195308
122.0000000000 1.0000000000 -165.6146310721 -295.5039401287 487.4120862123
123.0000000000 1.0000000000 -75.5286550532 -10.1456370071 588.6542404146
124.0000000000 1.0000000000 -134.7314000423 -128.9748420405 563.5017891771
125.0000000000 1.0000000000 -169.1406440466 -179.8588090495 539.7810461487
126.0000000000 1.0000000000 -139.1398671865 -81.1433511088 571.2943027658
127.0000000000 1.0000000000 -112.3959639972 157.6446099961 561.1030659860
128.0000000000 1.0000000000 -218.5076599577 -185.3689119642 519.8212148995
129.0000000000 1.0000000000 -176.2724880463 -47.3673100124 564.8058731482
130.0000000000 1.0000000000 -254.1772223740 -254.8463993750 471.9836636944
131.0000000000 1.0000000000 -256.2075392509 -228.2880352236 484.3176604743
132.0000000000 1.0000000000 -253.4852840759 -158.0289980473 512.9262841536
133.0000000000 1.0000000000 -224.6103582530 -42.3534650477 547.7934806170
