0.0000000000 749.2787338929 234.6639030000 820.3707816433 239.3764415156
1.0000000000 5718.8828213110 297.2270240000 5958.2096456498 346.4469980929
2.0000000000 5838.7033812661 315.4886260000 5483.8064909849 307.4145317384
3.0000000000 14054.1255445699 397.5465540000 13730.2086860895 439.6943886037
4.0000000000 2788.2704744128 200.3585420000 2957.1052631552 233.0161269660
5.0000000000 2074.1633018990 155.3771710000 2024.1347672486 197.3605091727
6.0000000000 7450.9802982335 305.1261410000 7165.3607237481 326.5799308460
7.0000000000 13649.1559818525 390.1086900000 13377.9067268975 445.4520752850
8.0000000000 4536.5453528152 256.4118090000 4260.2626949106 256.0566661357
9.0000000000 5242.7816868752 284.6308000000 5106.4649557878 294.6029590042
10.0000000000 7783.8858263388 274.5877020000 7581.1083545982 350.4007115421
11.0000000000 7325.9965707761 294.1473610000 7133.9238532321 325.0490686353
12.0000000000 10641.7563568106 367.0015520000 10295.6930843036 378.7501199862
13.0000000000 5010.3127179332 223.1692230000 4979.1443367796 282.7058174969
14.0000000000 6622.3044550490 268.6645016290 6723.9693242842 317.9825500046
15.0000000000 13999.4221088617 336.1474770000 14000.9877862338 437.5513852468
16.0000000000 3804.3001549469 240.2420980000 3686.5926074034 314.1336131290
17.0000000000 12324.6664588317 395.0876750000 12204.1836127562 422.3420372440
18.0000000000 6870.1893659388 302.7175060000 6746.0606096891 339.4702940055
19.0000000000 13569.9830657280 354.0647120000 13514.1130620682 452.9533076489
20.0000000000 21055.4264129271 449.4589730000 20888.2883171237 536.4581857904
21.0000000000 4966.7878860652 251.3252060000 4700.2844145018 277.5099133311
22.0000000000 13258.2800971947 474.2707682233 13195.6447082562 447.1879688609
23.0000000000 7746.9852617463 303.9134660000 7551.5701832990 334.1168027181
24.0000000000 16868.8710810331 392.8691610000 16765.6525337678 499.3369270211
25.0000000000 11687.8621386744 342.8877690000 11778.1849525977 420.3859284576
26.0000000000 5569.4901908625 267.7881020000 5395.5741671394 302.5245381871
27.0000000000 6620.8910937912 328.8084040000 6311.4128154632 309.7154112574
28.0000000000 19711.2370672761 456.0673900000 19478.3617375704 515.9045904582
29.0000000000 11120.8795312760 361.1484454076 11311.4302387732 410.3366744185
30.0000000000 19625.9774441849 517.3924919253 19906.2703558356 555.8345129413
31.0000000000 3526.2885862211 237.0329580000 3627.2969019892 251.2407351857
32.0000000000 12238.3137429984 452.1760569708 12333.4425786920 440.2732374281
33.0000000000 7883.1417333508 328.8641137354 8348.4328585300 339.9721744206
34.0000000000 6591.0041279933 338.0550140000 5962.8284262071 329.4699262422
35.0000000000 6938.1261806860 275.6302800000 7026.4571572330 335.9677294855
36.0000000000 11258.1030742479 349.9596260000 11629.5534265885 428.6246102909
37.0000000000 13851.0412959508 409.5403240000 13876.1567754215 462.5647547558
38.0000000000 14734.7223039827 399.5471790000 14564.2638675773 455.8764013673
39.0000000000 6915.5299957567 335.4136850000 6584.4330114247 334.0400846609
40.0000000000 29732.3231872779 568.2146840000 29447.5821537453 650.8175732523
41.0000000000 6158.0095779033 282.3745800000 6888.2626687352 333.3625174844
42.0000000000 13946.5238016271 369.7756230000 14001.6839337959 444.2133389732
43.0000000000 9226.4263016440 313.4552420000 9531.1825130338 373.4894734309
44.0000000000 7928.7355161821 281.0519002469 7111.2262226963 322.1424550295
45.0000000000 8742.0084151431 305.0906300000 8980.0296806624 411.9183605411
46.0000000000 7483.2786972891 336.9673130000 6753.5184899475 337.2546383361
47.0000000000 6246.5215610355 263.2489340000 5983.9331812738 297.6735443870
48.0000000000 5547.3683692857 280.8303680000 5693.6098004660 295.9600884721
49.0000000000 15272.5246213590 436.8779980000 14963.1897422252 485.6536708389
50.0000000000 13574.0251213838 379.4028960000 13813.2159639528 442.8384100001
51.0000000000 18273.1258222484 450.4003210000 17853.4633852551 514.9071814223
52.0000000000 15849.3451540718 406.2310230000 14887.0782190371 476.9618902492
53.0000000000 3895.8457103235 257.1958200000 3837.6550194172 275.7382416737
54.0000000000 33016.5417668510 552.3375620000 33173.6719092086 681.8761166569
55.0000000000 4159.5241617172 285.0614440000 4291.2090823153 312.2712750842
56.0000000000 15740.8142475477 407.5086700000 16144.6615258286 464.0204726528
57.0000000000 2805.0158277170 222.0641250000 2792.4717510798 214.7850746828
58.0000000000 -39268.8469275216 325.1446450000 -39529.6926206651 1945.7147690867
59.0000000000 2462.4210378125 189.6996620000 2722.1761508069 226.1507799483
60.0000000000 -23137.4569601996 442.1747770000 -23929.8836910436 2422.8980670319
61.0000000000 -19410.8256072493 283.7693880000 -16821.4648865491 2380.2718681583
62.0000000000 -10885.5048211365 259.4088370000 -11676.4731070743 1964.1242754434
63.0000000000 -23284.2453246317 375.7825250000 -22884.3868582189 2227.8063616404
64.0000000000 17047.1634589986 188.1723710000 17748.2856602917 1892.6909180980
65.0000000000 47294.0051275537 376.2258290000 46420.0162363072 3859.8014180398
66.0000000000 101.2602045714 320.7944660000 0.0000000000 2132.1116877360
67.0000000000 406.4548750136 348.4334790000 0.0000000000 3920.2452049586
