0.0000000000 1.0000000000 332.3661710133 158.0316640063 465.7038200186
1.0000000000 1.0000000000 388.3923396603 -448.8571230757 0.0000000000
2.0000000000 1.0000000000 388.3923396603 -448.8571230757 0.0000000000
3.0000000000 1.0000000000 388.3923396603 -448.8571230757 0.0000000000
4.0000000000 1.0000000000 388.3923396603 -448.8571230757 0.0000000000
5.0000000000 1.0000000000 388.3923396603 -448.8571230757 0.0000000000
6.0000000000 1.0000000000 388.3923396603 -448.8571230757 0.0000000000
7.0000000000 1.0000000000 450.1018061254 68.1367590190 380.9029701061
8.0000000000 1.0000000000 449.1354780763 46.8066960080 385.2373060654
9.0000000000 1.0000000000 429.7424985143 -85.9892701029 400.3105754791
10.0000000000 1.0000000000 414.6475455882 -128.4477321822 404.8331995742
11.0000000000 1.0000000000 421.9881191199 182.1514260518 375.5904841067
12.0000000000 1.0000000000 385.3933113172 -210.5473501733 399.3283553287
13.0000000000 1.0000000000 421.9178844077 151.6291041465 388.9925963759
14.0000000000 1.0000000000 415.6472238395 54.0939169791 420.2767658377
15.0000000000 1.0000000000 402.9600202142 164.4137070874 403.6244312146
16.0000000000 1.0000000000 385.8455461581 231.5399600949 387.0836961586
17.0000000000 1.0000000000 393.4276870462 127.6084410150 425.7370870500
18.0000000000 1.0000000000 387.8034459878 196.0127749938 404.3622209873
19.0000000000 1.0000000000 340.4302601354 -282.6288721124 395.6633481574
20.0000000000 1.0000000000 370.3718869155 -150.9926709655 438.5740588999
21.0000000000 1.0000000000 344.5802771235 163.3685880586 454.8587291630
22.0000000000 1.0000000000 260.3710200961 -366.7846811354 387.2947921430
23.0000000000 1.0000000000 322.2494374492 296.8922134138 400.4143355581
24.0000000000 1.0000000000 310.6401720615 257.4499230510 435.3659920862
25.0000000000 1.0000000000 267.1253522871 247.3646352659 468.8028475039
26.0000000000 1.0000000000 224.2842150095 362.1088070154 413.3946410175
27.0000000000 1.0000000000 227.1686682349 321.8986043328 443.9560914590
28.0000000000 1.0000000000 216.2469039590 244.6458569536 495.6884179060
29.0000000000 1.0000000000 162.8921730516 282.2658330894 496.0982421572
30.0000000000 1.0000000000 141.0706981300 391.6095633607 423.1575763898
31.0000000000 1.0000000000 130.0105730308 354.0004580838 458.3691231085
32.0000000000 1.0000000000 115.6463970873 272.0204002053 514.7350183885
33.0000000000 1.0000000000 89.2028740252 184.6519970523 557.0168881576
34.0000000000 1.0000000000 80.9054800737 351.3650063199 471.5063754293
35.0000000000 1.0000000000 67.8266359939 290.6570849737 513.0685459536
36.0000000000 1.0000000000 48.3070120170 321.8323981135 496.3986971750
37.0000000000 1.0000000000 20.3373070068 393.6884491319 443.7534511487
38.0000000000 1.0000000000 17.1953650016 409.5065680381 429.3367170400
39.0000000000 1.0000000000 8.3975150021 243.9799630604 541.0402811339
40.0000000000 1.0000000000 -36.2258949955 327.4044809597 493.7765859393
41.0000000000 1.0000000000 -49.8945510025 345.6623080176 479.9473190244
42.0000000000 1.0000000000 -72.3771830247 284.0811660968 516.1208781759
43.0000000000 1.0000000000 -96.0120860805 402.9324943379 425.1451643565
44.0000000000 1.0000000000 -102.6357190499 366.4097311782 455.5558632216
45.0000000000 1.0000000000 -198.8211670356 334.2506630599 448.4060260803
46.0000000000 1.0000000000 -209.9793762073 265.2187532619 487.7386604816
47.0000000000 1.0000000000 -216.0427430935 350.5857851518 427.4768611851
48.0000000000 1.0000000000 -227.2623690444 294.1358830574 462.7712440903
49.0000000000 1.0000000000 -309.6916613146 -281.6500122861 420.8154844275
50.0000000000 1.0000000000 -278.1227760543 292.4142390571 435.2734320850
51.0000000000 1.0000000000 -345.4108320072 -248.7480650052 413.6871810086
52.0000000000 1.0000000000 -303.4189280270 218.4896090194 460.9995350410
53.0000000000 1.0000000000 -315.5028740042 -91.7613710012 494.3269300065
54.0000000000 1.0000000000 -317.1755461880 56.4054210334 498.5372882954
55.0000000000 1.0000000000 359.9526781357 -182.9733570690 435.0587851640
56.0000000000 1.0000000000 357.9088978986 -0.6627909998 473.5209688659
57.0000000000 1.0000000000 341.0439011480 -122.6718340533 470.0659582041
58.0000000000 1.0000000000 345.9912463966 214.8285002462 431.8102584949
59.0000000000 1.0000000000 310.5838870487 -211.7569470332 459.3669240721
60.0000000000 1.0000000000 292.1629460054 -262.1267880048 445.2546310082
61.0000000000 1.0000000000 325.7457501588 53.9096470263 493.2593462404
62.0000000000 1.0000000000 236.2035991385 -357.0546622093 411.1461472411
63.0000000000 1.0000000000 281.2925680820 -139.4312960407 503.7407381469
64.0000000000 1.0000000000 278.4789402115 -64.4277450489 520.2113723951
65.0000000000 1.0000000000 292.4652888439 184.7590799014 482.3374997426
66.0000000000 1.0000000000 271.4082551079 266.9702381061 455.3962861810
67.0000000000 1.0000000000 135.3515280749 -429.9307012379 386.2135192137
68.0000000000 1.0000000000 145.5439039989 -403.8293439969 409.9514109969
69.0000000000 1.0000000000 240.5162151374 165.2708990944 516.8740722952
70.0000000000 1.0000000000 104.2379621282 -391.2017814813 434.0702015340
71.0000000000 1.0000000000 163.6711471034 321.5941352031 471.2857882977
72.0000000000 1.0000000000 32.4560840027 -443.4472190372 393.2206670330
73.0000000000 1.0000000000 -68.4972869882 -442.4072909235 389.7502239326
74.0000000000 1.0000000000 -67.3496259987 -389.0884859925 443.1653239915
75.0000000000 1.0000000000 -217.6018490980 -388.4453411750 392.5315001769
76.0000000000 1.0000000000 -192.0577751613 164.9777611386 536.8588974510
77.0000000000 1.0000000000 -226.4641601974 229.7848172003 498.2311194344
78.0000000000 1.0000000000 -286.8647932765 -185.0955501784 485.5610714680
79.0000000000 1.0000000000 -272.6226611319 -97.4164510471 518.1778132507
80.0000000000 1.0000000000 -269.6041603522 58.6164940766 525.5464106865
81.0000000000 1.0000000000 -374.8036413297 -154.2494821357 433.6480763815
82.0000000000 1.0000000000 -343.8371730403 -57.3490170067 480.4252440563
83.0000000000 1.0000000000 396.4135403252 1.6142690013 441.7861763625
84.0000000000 1.0000000000 334.9596861940 -55.9142080324 486.8233112819
85.0000000000 1.0000000000 254.2840921965 -291.7678102254 450.0360783477
86.0000000000 1.0000000000 267.0780801933 -164.7343901193 503.8384723647
87.0000000000 1.0000000000 280.6998352565 47.0087380430 520.8830074759
88.0000000000 1.0000000000 225.0848421801 -175.7718931407 520.3483274164
89.0000000000 1.0000000000 249.5465039694 -15.7544599981 538.3304429339
90.0000000000 1.0000000000 194.0939290433 -289.4290610646 480.4994191072
91.0000000000 1.0000000000 176.9861599227 -242.1472438943 512.2127857764
92.0000000000 1.0000000000 222.8747431312 132.6288700781 533.9080053142
93.0000000000 1.0000000000 111.0185829901 -351.3149799687 465.3751019586
94.0000000000 1.0000000000 144.9149800097 -132.0365370088 560.2564840375
95.0000000000 1.0000000000 173.4511529996 -4.7677020000 567.6383469986
96.0000000000 1.0000000000 156.5458751147 -17.9707800132 572.2689634192
97.0000000000 1.0000000000 133.0382109053 -96.5592219313 570.3494345940
98.0000000000 1.0000000000 166.0625711227 120.6611510891 556.9429374115
99.0000000000 1.0000000000 36.6687469857 -416.6244178373 421.1897718355
100.0000000000 1.0000000000 60.4530250567 -329.9762203097 489.6758644595
101.0000000000 1.0000000000 74.7473560320 -250.5114521071 532.8960232278
102.0000000000 1.0000000000 46.4807830456 -238.7930532343 541.4228855313
103.0000000000 1.0000000000 66.8406899657 -155.8750349200 568.8203777082
104.0000000000 1.0000000000 39.6694929967 -183.9740549846 562.9397879529
105.0000000000 1.0000000000 56.9397570176 -105.3202500325 581.3663521794
106.0000000000 1.0000000000 98.8154590649 152.6678941002 565.0215443710
107.0000000000 1.0000000000 -31.6550099943 -351.4000969369 477.3230129143
108.0000000000 1.0000000000 -40.8533050410 -381.1424243821 453.1917764544
109.0000000000 1.0000000000 28.0009069898 3.0725029989 592.8978287830
110.0000000000 1.0000000000 -7.6044440026 -46.2974110158 591.7094292025
111.0000000000 1.0000000000 -1.7568869994 32.1203589883 592.6942907850
112.0000000000 1.0000000000 -68.3006390257 -287.9436151081 514.5335981933
113.0000000000 1.0000000000 -65.5056640448 -179.5177341227 561.9641603840
114.0000000000 1.0000000000 -48.0943360406 -73.2877780618 587.0580574953
115.0000000000 1.0000000000 -111.2819469525 -269.8480908848 516.8362047794
116.0000000000 1.0000000000 -82.8559880886 -137.6391351472 571.4120056110
117.0000000000 1.0000000000 -41.6465520087 242.5154210505 540.1603111124
118.0000000000 1.0000000000 -116.6358800193 -221.0115710365 538.3969570890
119.0000000000 1.0000000000 -158.7643540866 -361.3552401970 443.3256102417
120.0000000000 1.0000000000 -69.2613780687 -47.6120210472 587.5859795829
121.0000000000 1.0000000000 -49.8312280516 32.1092310332 590.5989946113
122.0000000000 1.0000000000 -171.0030141524 -296.1018282640 485.1834734325
123.0000000000 1.0000000000 -78.2510859950 -10.9966319993 588.2832379627
124.0000000000 1.0000000000 -133.8757999733 -132.3300589736 562.9274838877
125.0000000000 1.0000000000 -168.5179260077 -180.1176960082 539.8894800247
126.0000000000 1.0000000000 -142.2089671456 -78.6943590806 570.8810155845
127.0000000000 1.0000000000 -113.4708170798 160.6481461129 560.0338143936
128.0000000000 1.0000000000 -218.8658650019 -186.2714500016 519.3476740045
129.0000000000 1.0000000000 -177.6704500702 -45.1363310178 564.5504842232
130.0000000000 1.0000000000 -257.9200332108 -256.1282452094 469.2514303836
131.0000000000 1.0000000000 -258.1317369495 -229.0151919552 482.9506959056
132.0000000000 1.0000000000 -257.3064827986 -159.7822428749 510.4746176004
133.0000000000 1.0000000000 -224.5176682675 -41.1530480490 547.9229596527
