0.0000000000 750.7214563871 234.6639030000 658.6350500386 241.0860885653
1.0000000000 5808.6138025471 297.2270240000 5735.8907242296 344.3587408941
2.0000000000 5708.8016232442 315.4886260000 5463.9363639016 304.8168707023
3.0000000000 14011.9527256512 397.5465540000 13850.3767444350 442.3160385287
4.0000000000 2845.0175550797 200.3585420000 2801.2580480898 230.3781471279
5.0000000000 2037.0197794945 155.3771710000 1925.1263875095 190.2736782568
6.0000000000 7275.4112053881 305.1261410000 6839.3744718239 319.9157843594
7.0000000000 13587.2381132827 390.1086900000 13340.6226988467 445.3137396511
8.0000000000 4440.6955151364 256.4118090000 4276.4081911565 257.6925585676
9.0000000000 5208.5882793918 284.6308000000 5085.6119208555 301.0366557196
10.0000000000 7800.9998937719 274.5877020000 7911.9445069053 356.6743578311
11.0000000000 7296.1174948114 294.1473610000 7196.7082481585 324.4975250029
12.0000000000 10517.4287592218 367.0015520000 10170.0241367232 376.9005755305
13.0000000000 4970.6718105182 223.1692230000 4788.9106083715 277.3180865176
14.0000000000 6740.5810375762 274.7109422745 6796.0811319734 319.7237783030
15.0000000000 14056.4376240454 336.1474770000 13983.6027288198 437.9482718799
16.0000000000 3716.9901804007 240.2420980000 3492.3718884046 315.3082512290
17.0000000000 12273.8168558878 395.0876750000 11908.8659955686 417.1546130033
18.0000000000 6785.1937268829 302.7175060000 6470.2119414989 331.7475304196
19.0000000000 13646.0953861175 354.0647120000 13683.8019050966 454.2877617493
20.0000000000 21246.8122013551 449.4589730000 21519.3784716385 545.5155322913
21.0000000000 4815.6652843482 251.3252060000 4489.5788634107 271.5165525179
22.0000000000 13383.5486775782 475.7085884456 13405.8351151216 449.0128427489
23.0000000000 7674.7649947579 303.9134660000 7440.1158953614 331.4773021726
24.0000000000 16787.2742288768 392.8691610000 16330.2139497333 495.5853753013
25.0000000000 11815.2983924617 342.8877690000 11880.8207758803 421.5203482669
26.0000000000 5555.7209302100 267.7881020000 5547.1133295399 308.2649012229
27.0000000000 6562.9370085377 328.8084040000 6453.3284948449 315.3960985500
28.0000000000 19913.8482258921 456.0673900000 20272.6221369364 525.1093732969
29.0000000000 11327.8897435859 361.4865718944 11519.8604089486 415.5995903973
30.0000000000 19821.8398595596 519.4823055571 19709.1373569654 549.5979412560
31.0000000000 3584.8820017924 237.0329580000 3569.5623578071 249.5365019118
32.0000000000 12428.4202795466 453.9907265994 12573.2739109600 439.7559348166
33.0000000000 8239.6804281995 329.9142332062 8638.7526016952 348.3928967062
34.0000000000 6458.6733180301 338.0550140000 6425.0604949176 339.9460686430
35.0000000000 6872.1955259493 275.6302800000 6473.3913609039 326.4569875335
36.0000000000 11473.3598983346 349.9596260000 11566.1705140908 429.5061186967
37.0000000000 14006.1168919608 409.5403240000 14146.0987726692 468.4299678118
38.0000000000 14821.3236815447 399.5471790000 14893.8407001180 460.0284571880
39.0000000000 6866.2631656917 335.4136850000 6826.3482011461 337.9877349457
40.0000000000 29904.8043667140 568.2146840000 29982.3108816366 652.7874357871
41.0000000000 6389.8811438892 282.3745800000 6277.9917174773 318.9552354244
42.0000000000 13869.9112940219 369.7756230000 13302.5104706746 434.3946876266
43.0000000000 9288.1519985868 313.4552420000 9000.1048135865 361.9182857390
44.0000000000 8073.9677944458 335.7714920563 8886.5662634850 356.0383462068
45.0000000000 8944.6603264367 305.0906300000 9176.9690530362 421.5223367738
46.0000000000 7129.6447223220 336.9673130000 6512.9514849147 333.7080912463
47.0000000000 6178.2876493682 263.2489340000 6070.0651358874 300.0340609320
48.0000000000 5676.7419308585 280.8303680000 5770.2104598023 297.4836195310
49.0000000000 15101.5790138297 436.8779980000 14487.7127707523 484.8385071437
50.0000000000 13724.8668088534 379.4028960000 13656.9863813616 441.9470415168
51.0000000000 18277.5668348829 450.4003210000 18259.7741415069 521.1173710170
52.0000000000 15646.0823275710 406.2310230000 15599.7791265382 485.5973934077
53.0000000000 3987.9101981573 257.1958200000 4189.5265026515 282.6535765510
54.0000000000 33389.2490327681 552.3375620000 33685.2377063006 684.8112635363
55.0000000000 4085.2188153290 285.0614440000 3638.0802955861 297.9363255708
56.0000000000 15934.5335026188 407.5086700000 15788.7568807754 459.3359242688
57.0000000000 2830.9041668890 222.0641250000 2830.1318351234 217.4404412002
58.0000000000 -40224.0119616882 325.1446450000 -43043.0974772808 1938.6937987738
59.0000000000 2607.8112600415 189.6996620000 2743.4347018297 231.2299402616
60.0000000000 -23201.3654110865 442.1747770000 -23087.5199028147 2416.4580431357
61.0000000000 -17745.4289928372 283.7693880000 -15305.8858712495 2380.0335836482
62.0000000000 -11072.3170607735 259.4088370000 -11053.2803940236 1964.8476297703
63.0000000000 -23544.8404841632 375.7825250000 -24971.5109264506 2230.0899791241
64.0000000000 18262.7489124824 188.1723710000 21176.1539579756 1895.9530212514
65.0000000000 47260.7879073527 376.2258290000 47683.7998009659 3861.8047750994
66.0000000000 90.6837389569 320.7944660000 0.0000000000 2132.5858672621
67.0000000000 270.8374156560 348.4334790000 0.0000000000 3922.1214521584
