0.0000000000 1.0000000000 332.2451781150 158.0502200547 465.7838511612
1.0000000000 1.0000000000 387.8877353378 -449.2932574801 0.0000000000
2.0000000000 1.0000000000 387.8877353378 -449.2932574801 0.0000000000
3.0000000000 1.0000000000 387.8877353378 -449.2932574801 0.0000000000
4.0000000000 1.0000000000 387.8877353378 -449.2932574801 0.0000000000
5.0000000000 1.0000000000 387.8877353378 -449.2932574801 0.0000000000
6.0000000000 1.0000000000 387.8877353378 -449.2932574801 0.0000000000
7.0000000000 1.0000000000 450.3002988169 67.1904449727 380.8364628451
8.0000000000 1.0000000000 448.1318260280 48.1176120030 386.2433020241
9.0000000000 1.0000000000 430.2283720189 -85.8007520038 399.8288450176
10.0000000000 1.0000000000 414.3559687225 -127.1256289149 405.5484337284
11.0000000000 1.0000000000 422.4849299714 182.9001059876 374.6670009746
12.0000000000 1.0000000000 384.1408233248 -210.4561201779 400.5812973387
13.0000000000 1.0000000000 424.1140693176 152.8943721145 386.0982952891
14.0000000000 1.0000000000 416.1268148974 55.5256929863 419.6149398965
15.0000000000 1.0000000000 402.2949459898 164.2916069958 404.3369519897
16.0000000000 1.0000000000 388.6621033466 228.1960912035 386.2507473445
17.0000000000 1.0000000000 395.0335262303 127.2256720742 424.3624252474
18.0000000000 1.0000000000 390.7866151451 194.2399970721 402.3406161494
19.0000000000 1.0000000000 342.6982140395 -281.6578940325 394.3958560455
20.0000000000 1.0000000000 369.9479419723 -153.6687339885 438.0020169672
21.0000000000 1.0000000000 344.6077121934 163.2392970916 454.8843622553
22.0000000000 1.0000000000 263.5076622743 -365.9420673810 385.9681874018
23.0000000000 1.0000000000 320.5154842261 299.3694712112 399.9613362821
24.0000000000 1.0000000000 312.5850711070 259.0111790886 433.0416941482
25.0000000000 1.0000000000 266.9282560716 247.3261850663 468.9353801258
26.0000000000 1.0000000000 228.0370980875 362.7870991392 410.7382731576
27.0000000000 1.0000000000 231.7451000035 320.5498390048 442.5644990066
28.0000000000 1.0000000000 219.4161441511 245.3837051690 493.9278483402
29.0000000000 1.0000000000 167.1415041327 284.0263302255 493.6740703920
30.0000000000 1.0000000000 142.3958130364 393.3923081006 421.0549261077
31.0000000000 1.0000000000 132.2473941029 353.5544482751 458.0733623564
32.0000000000 1.0000000000 115.3299290037 272.0835740087 514.7726320165
33.0000000000 1.0000000000 89.1161340308 186.8101720645 556.3107051920
34.0000000000 1.0000000000 79.6100390272 350.9779441200 472.0148841614
35.0000000000 1.0000000000 64.4419219973 296.2030659875 510.3256889785
36.0000000000 1.0000000000 45.6971850308 323.1109872181 495.8148683347
37.0000000000 1.0000000000 21.0988040024 394.3181010443 443.1584390498
38.0000000000 1.0000000000 15.9653879977 411.5569869396 427.4193249373
39.0000000000 1.0000000000 7.7700230082 247.4198692620 539.4852745714
40.0000000000 1.0000000000 -34.1834629925 331.6284889273 491.0960828923
41.0000000000 1.0000000000 -44.4460049730 346.1020487894 480.1658577078
42.0000000000 1.0000000000 -70.1885410285 288.3615011172 514.0452702090
43.0000000000 1.0000000000 -97.2457251025 396.8092974182 430.5891044538
44.0000000000 1.0000000000 -103.5073341462 367.4813635190 454.4942306419
45.0000000000 1.0000000000 -199.3086279412 333.6463219015 448.6396428676
46.0000000000 1.0000000000 -208.4119990496 269.9603610643 485.8056901157
47.0000000000 1.0000000000 -215.6535659874 349.4036189795 428.6396819749
48.0000000000 1.0000000000 -229.3372662387 293.5370573055 462.1274074810
49.0000000000 1.0000000000 -316.2263838908 -290.0573658998 410.1084308584
50.0000000000 1.0000000000 -282.0943431138 289.9059701170 434.3945631753
51.0000000000 1.0000000000 -344.8464290671 -261.0754860508 406.4995170791
52.0000000000 1.0000000000 -303.6567332076 218.9756011497 460.6122023149
53.0000000000 1.0000000000 -318.2161480058 -91.9778510017 492.5442970089
54.0000000000 1.0000000000 -316.6236287796 61.5763829571 498.2761816532
55.0000000000 1.0000000000 360.8002193946 -184.2540102015 433.8144624745
56.0000000000 1.0000000000 358.1380521715 0.0548950000 473.3481372266
57.0000000000 1.0000000000 342.0442471273 -121.8814140454 469.5444391748
58.0000000000 1.0000000000 347.9233190668 215.8853630414 429.7257270825
59.0000000000 1.0000000000 312.1556242426 -212.7590971654 457.8359523559
60.0000000000 1.0000000000 292.6768730763 -260.2780590678 446.0010161162
61.0000000000 1.0000000000 327.6777720721 55.6514480122 491.7840181081
62.0000000000 1.0000000000 237.2447591475 -357.7665732225 409.9260052549
63.0000000000 1.0000000000 284.9174562256 -137.9521401092 502.1081323976
64.0000000000 1.0000000000 280.0472080163 -63.9576920037 519.4268970302
65.0000000000 1.0000000000 296.0061922664 186.2485531676 479.5968484316
66.0000000000 1.0000000000 273.2165741701 267.9231371668 453.7523802825
67.0000000000 1.0000000000 135.1612080376 -429.1736131194 387.1211491077
68.0000000000 1.0000000000 148.2551550918 -404.3069362503 408.5065932529
69.0000000000 1.0000000000 242.5818242334 168.5657111622 514.8407384954
70.0000000000 1.0000000000 106.2900030229 -390.4863210841 434.2167600935
71.0000000000 1.0000000000 166.7947511487 325.1880412899 467.7109954169
72.0000000000 1.0000000000 31.7599210310 -444.7887394340 391.7596343823
73.0000000000 1.0000000000 -67.5025739659 -439.8762847780 392.7767598018
74.0000000000 1.0000000000 -61.0954140093 -387.7422850592 445.2466700680
75.0000000000 1.0000000000 -220.5680739945 -384.2643509905 394.9834929902
76.0000000000 1.0000000000 -195.1793459836 168.6884039858 534.5751319550
77.0000000000 1.0000000000 -232.3302349255 231.2124949259 494.8583338413
78.0000000000 1.0000000000 -287.2673838178 -186.2698348818 484.8735146924
79.0000000000 1.0000000000 -273.0995459254 -98.8889589730 517.6475038587
80.0000000000 1.0000000000 -271.1723243391 61.2422200766 524.4390216557
81.0000000000 1.0000000000 -375.2463959063 -156.1987769610 432.5660768920
82.0000000000 1.0000000000 -342.5263741594 -57.9779050270 481.2853332239
83.0000000000 1.0000000000 398.3069170995 1.8837840005 440.0788311099
84.0000000000 1.0000000000 335.6921689722 -56.0400959954 486.3040219597
85.0000000000 1.0000000000 254.7548990323 -290.4647090369 450.6123840572
86.0000000000 1.0000000000 268.5470930846 -166.0818420523 502.6137751583
87.0000000000 1.0000000000 283.9951611381 47.5525060231 519.0441542524
88.0000000000 1.0000000000 227.3995401575 -175.7516161217 519.3478073597
89.0000000000 1.0000000000 251.9974929826 -14.6324389990 537.2192119629
90.0000000000 1.0000000000 193.9821081398 -289.7715142088 480.3381493462
91.0000000000 1.0000000000 175.6797370316 -239.4904570431 513.9088220924
92.0000000000 1.0000000000 227.8673150339 133.6963420199 531.5290220790
93.0000000000 1.0000000000 110.9741189455 -351.6437838272 465.1373137714
94.0000000000 1.0000000000 147.0256391348 -132.1845701212 559.6713565133
95.0000000000 1.0000000000 173.9523179140 -4.3784479978 567.4881027194
96.0000000000 1.0000000000 153.2506081432 -15.2878140143 573.2380485357
97.0000000000 1.0000000000 133.1239800602 -98.1990680444 570.0493622579
98.0000000000 1.0000000000 169.3698320641 118.5384450449 556.4025732107
99.0000000000 1.0000000000 35.2753750410 -417.2810344850 420.6584274889
100.0000000000 1.0000000000 60.3781580001 -330.6031090007 489.2620860011
101.0000000000 1.0000000000 76.1536079950 -250.9895659835 532.4717759650
102.0000000000 1.0000000000 48.4997750107 -240.2837740532 540.5856141197
103.0000000000 1.0000000000 69.4043510319 -157.9049040725 567.9528182607
104.0000000000 1.0000000000 41.2267220378 -187.7524691720 561.5787515143
105.0000000000 1.0000000000 58.6041970035 -107.2781640063 580.8427240343
106.0000000000 1.0000000000 100.5684540543 151.5715110819 565.0074243052
107.0000000000 1.0000000000 -30.8440970230 -351.6366172627 477.2019043565
108.0000000000 1.0000000000 -44.8857279863 -381.0823258834 452.8607498614
109.0000000000 1.0000000000 29.5482140188 5.4166980034 592.8059453764
110.0000000000 1.0000000000 -4.8630190049 -51.1136650519 591.3417546002
111.0000000000 1.0000000000 -0.0905830000 39.6541640002 592.2405470033
112.0000000000 1.0000000000 -69.6392570181 -289.7675180754 513.3288281335
113.0000000000 1.0000000000 -66.9530409622 -181.1692338977 561.2631516832
114.0000000000 1.0000000000 -49.4562490236 -77.5048300370 586.4029392798
115.0000000000 1.0000000000 -114.6791991292 -269.3220743035 516.3677255818
116.0000000000 1.0000000000 -84.8220480773 -141.3622471288 570.2133475194
117.0000000000 1.0000000000 -43.3510250023 248.5281190131 537.2855750284
118.0000000000 1.0000000000 -120.0689481071 -223.8881481998 536.4502504787
119.0000000000 1.0000000000 -155.9847850054 -359.9119380125 445.4811670155
120.0000000000 1.0000000000 -73.8052490243 -51.0293440168 586.7453601932
121.0000000000 1.0000000000 -55.0277790087 42.5533860067 589.4764450928
122.0000000000 1.0000000000 -169.4776689868 -296.5703409769 485.4324659622
123.0000000000 1.0000000000 -82.5187710111 -8.3715250011 587.7430530789
124.0000000000 1.0000000000 -139.8208410424 -135.1252010409 560.8142641699
125.0000000000 1.0000000000 -171.8469180260 -177.8197660269 539.6017920816
126.0000000000 1.0000000000 -141.5792349937 -81.4687729964 570.6483029745
127.0000000000 1.0000000000 -115.8151939629 164.2241489474 558.5146338212
128.0000000000 1.0000000000 -219.1694689945 -186.1298329953 519.2704069869
129.0000000000 1.0000000000 -181.8299270386 -46.3453190098 563.1263761196
130.0000000000 1.0000000000 -261.1828143068 -255.5394653002 467.7653745495
131.0000000000 1.0000000000 -260.2816651383 -230.7504501226 480.9667462555
132.0000000000 1.0000000000 -259.4416952692 -160.7650271668 509.0834305283
133.0000000000 1.0000000000 -229.1684189819 -41.0450809968 546.0022559568
