0.0000000000 724.0091618371 234.6639030000 694.3735852971 238.6697950534
1.0000000000 5756.8470763527 297.2270240000 5545.2954275647 341.4982858580
2.0000000000 5689.9029739056 315.4886260000 5673.3840507038 307.7725576854
3.0000000000 14153.7859684560 397.5465540000 14393.4795164050 453.2676533841
4.0000000000 2815.3174103968 200.3585420000 2704.9923125936 226.4666863615
5.0000000000 1995.9220990229 155.3771710000 1925.0871642356 182.9885511511
6.0000000000 7150.5811202284 305.1261410000 6998.1023350771 322.7477434606
7.0000000000 13368.3360092908 390.1086900000 12631.2463873525 437.3668982928
8.0000000000 4410.1520572659 256.4118090000 4338.2718537243 257.2673890540
9.0000000000 5113.3747135589 284.6308000000 4804.2056059620 289.9209275368
10.0000000000 7855.7460535193 274.5877020000 7796.4445653159 354.0363952091
11.0000000000 7295.0004078172 294.1473610000 7196.3039751566 327.6131062009
12.0000000000 10368.7216050902 367.0015520000 9951.1782690653 372.9204466624
13.0000000000 5003.5102702712 223.1692230000 5169.9648374069 289.2096609291
14.0000000000 6706.1172845990 281.0056592132 6351.9002469422 311.2140093209
15.0000000000 14081.2431328533 336.1474770000 13980.3417881406 437.6357949926
16.0000000000 3712.0907536092 240.2420980000 3826.4749012165 316.9068135081
17.0000000000 12383.9890940293 395.0876750000 12717.9230515310 430.4054484132
18.0000000000 6713.5236660811 302.7175060000 6607.9783342849 334.0205751853
19.0000000000 13661.5461029568 354.0647120000 13437.4574832183 452.3531853251
20.0000000000 21402.2130821223 449.4589730000 21169.8013011714 538.6293333664
21.0000000000 4693.6653394936 251.3252060000 4505.6783985689 271.4914751985
22.0000000000 13554.6588827336 477.1464086679 13638.5419724335 453.3952020167
23.0000000000 7598.1981262403 303.9134660000 7384.2464917530 331.0535404964
24.0000000000 16662.2548908625 392.8691610000 16393.5909340797 495.2492132050
25.0000000000 11881.1168138110 342.8877690000 11785.9897904527 420.5637284739
26.0000000000 5571.7032864344 267.7881020000 5503.8616806771 305.2199807244
27.0000000000 6535.8001880144 328.8084040000 6339.0643808859 311.4152238540
28.0000000000 20175.7810254231 456.0673900000 20180.1884488065 523.9394739143
29.0000000000 11494.1860198848 361.8246983812 11564.1944237215 416.3569732174
30.0000000000 20063.9786896022 521.5721191890 20426.2808973491 554.8824327651
31.0000000000 3582.7893103393 237.0329580000 3491.2663056200 247.8040703899
32.0000000000 12565.7659684904 455.8053962279 12518.4186501657 438.9483717807
33.0000000000 8570.2475390503 330.9643526770 8954.8105808318 351.1797261757
34.0000000000 6364.1620618533 338.0550140000 5911.9760439039 332.5512269387
35.0000000000 6867.3818528710 275.6302800000 7086.9259495787 337.8631950793
36.0000000000 11589.3443046660 349.9596260000 11637.0882527548 431.0262840921
37.0000000000 14144.4008139770 409.5403240000 14134.4754651852 471.7059323063
38.0000000000 15043.9912269566 399.5471790000 15298.9463748666 464.1108354332
39.0000000000 6990.4271040688 335.4136850000 7206.4284678301 345.5318915963
40.0000000000 30266.7377612948 568.2146840000 30595.9207581466 659.1078019913
41.0000000000 6354.0363878342 282.3745800000 6191.3945847204 317.9909861225
42.0000000000 13774.8460950588 369.7756230000 13705.3788612758 437.6127197257
43.0000000000 9346.0590484918 313.4552420000 9576.2686255456 372.7840880749
44.0000000000 9056.2291066191 382.3964520799 10891.1701575868 390.7228302239
45.0000000000 8942.1367881898 305.0906300000 8571.5727125677 408.1955265335
46.0000000000 7018.4635575600 336.9673130000 7019.4028133670 343.3752999476
47.0000000000 6158.7568575163 263.2489340000 6059.3889004031 298.8099847330
48.0000000000 5720.3943809097 280.8303680000 5603.5675836998 291.6749813671
49.0000000000 15238.8871122801 436.8779980000 15811.1196010975 497.6327166548
50.0000000000 13741.5567457226 379.4028960000 13552.9604480344 439.3098669516
51.0000000000 18092.5797076681 450.4003210000 17158.6885671330 508.7696086247
52.0000000000 15637.9247895623 406.2310230000 15360.9297581434 485.4520453732
53.0000000000 4139.8840317467 257.1958200000 4278.8936063759 276.3076038284
54.0000000000 33809.9949276354 552.3375620000 34130.8323144832 690.0691896795
55.0000000000 4072.2736670675 285.0614440000 4327.4062993111 318.9177390841
56.0000000000 16064.7953742081 407.5086700000 16218.4685564415 465.2406871067
57.0000000000 2870.4585510773 222.0641250000 2899.8731627086 218.0875277487
58.0000000000 -40691.0452060782 325.1446450000 -39777.9945424898 1950.0823437084
59.0000000000 2694.9908917056 189.6996620000 2764.4888949160 223.1618270213
60.0000000000 -23235.1186353493 442.1747770000 -23848.5823026324 2412.4461336820
61.0000000000 -17173.8862688807 283.7693880000 -17831.3564640673 2379.1451633558
62.0000000000 -11179.7558641697 259.4088370000 -11648.6557689520 1966.4827638668
63.0000000000 -24119.0265920577 375.7825250000 -24842.6468127059 2224.3311735578
64.0000000000 19103.0180639193 188.1723710000 18937.7850662125 1895.2565114750
65.0000000000 47171.9027828444 376.2258290000 46273.7963113362 3861.0697333140
66.0000000000 85.1649001691 320.7944660000 0.0000000000 2130.6874623714
67.0000000000 200.0717248981 348.4334790000 0.0000000000 3921.9275819074
