0.0000000000 1.0000000000 337.9454408256 160.5429899172 460.8038127622
1.0000000000 1.0000000000 387.4427780582 -449.6770176172 0.0000000000
2.0000000000 1.0000000000 387.4427780582 -449.6770176172 0.0000000000
3.0000000000 1.0000000000 387.4427780582 -449.6770176172 0.0000000000
4.0000000000 1.0000000000 387.4427780582 -449.6770176172 0.0000000000
5.0000000000 1.0000000000 387.4427780582 -449.6770176172 0.0000000000
6.0000000000 1.0000000000 387.4427780582 -449.6770176172 0.0000000000
7.0000000000 1.0000000000 451.7032047075 67.3315939564 379.1464067545
8.0000000000 1.0000000000 448.5568009424 48.0221749938 385.7615759504
9.0000000000 1.0000000000 431.3544692980 -86.3895120597 398.4865122753
10.0000000000 1.0000000000 415.4359710465 -128.7601180144 403.9246370452
11.0000000000 1.0000000000 424.0912582826 181.5455871210 373.5092112489
12.0000000000 1.0000000000 387.1226760578 -210.4534170314 397.7017970593
13.0000000000 1.0000000000 424.2077373090 155.2165361130 385.0674602805
14.0000000000 1.0000000000 416.8793772341 53.4446460300 419.1379022353
15.0000000000 1.0000000000 404.0380120637 163.4667550258 402.9308020635
16.0000000000 1.0000000000 390.6804787215 224.9451658396 386.1214347247
17.0000000000 1.0000000000 394.8181528280 128.5450239440 424.1652148152
18.0000000000 1.0000000000 387.8079340874 200.2887050452 402.2570910907
19.0000000000 1.0000000000 342.4084862506 -281.6821482062 394.6301082888
20.0000000000 1.0000000000 371.4081731043 -156.2727080439 435.8395761224
21.0000000000 1.0000000000 344.4251230830 165.7752990399 454.1048461094
22.0000000000 1.0000000000 263.1087271843 -366.8245362570 385.4022362700
23.0000000000 1.0000000000 322.4136210168 299.8947010156 398.0376260207
24.0000000000 1.0000000000 314.5789471004 259.5338510829 431.2813381377
25.0000000000 1.0000000000 269.9175411978 249.2666931827 466.1887633417
26.0000000000 1.0000000000 228.9946022124 362.8215473365 410.1747473804
27.0000000000 1.0000000000 229.8841240242 323.8022270341 441.1652000464
28.0000000000 1.0000000000 220.7980942370 247.7933512659 492.1056625282
29.0000000000 1.0000000000 166.0329130278 287.2660920481 492.1713020824
30.0000000000 1.0000000000 143.5787909296 395.5059098060 418.6663737946
31.0000000000 1.0000000000 132.5142770734 358.3077051985 454.2872232516
32.0000000000 1.0000000000 117.9514410674 273.4315371562 513.4627332933
33.0000000000 1.0000000000 90.1619479903 189.6200219796 555.1904149403
34.0000000000 1.0000000000 77.6111220213 357.1710980981 467.6822071285
35.0000000000 1.0000000000 63.3692189621 299.6512168209 508.4435236961
36.0000000000 1.0000000000 49.1624430276 324.8400861826 494.3513922778
37.0000000000 1.0000000000 23.8553830088 399.1910841467 438.6327911612
38.0000000000 1.0000000000 16.2294729962 413.1720629045 425.8483029015
39.0000000000 1.0000000000 5.8291270011 247.5157440487 539.4657581061
40.0000000000 1.0000000000 -36.6119579958 340.3577389605 484.9097859437
41.0000000000 1.0000000000 -43.2702880339 349.0349832733 478.1459913744
42.0000000000 1.0000000000 -70.3699770056 285.4002440229 515.6705280414
43.0000000000 1.0000000000 -96.7672651252 405.9917585251 422.0522655459
44.0000000000 1.0000000000 -105.2779119664 371.6194648816 450.7070678564
45.0000000000 1.0000000000 -202.2366568737 336.1513907900 445.4479807217
46.0000000000 1.0000000000 -208.5257469539 267.0041049410 487.3880868923
47.0000000000 1.0000000000 -221.8011091803 352.4596142866 422.9631363439
48.0000000000 1.0000000000 -230.1289949987 294.4392789984 461.1588479975
49.0000000000 1.0000000000 -318.9335548601 -285.4001908748 411.2778198195
50.0000000000 1.0000000000 -278.1241813478 294.8433353688 433.6308035423
51.0000000000 1.0000000000 -350.2547494129 -250.9526832958 408.2470914812
52.0000000000 1.0000000000 -304.2633591678 216.3167371193 461.4674462544
53.0000000000 1.0000000000 -320.2201051634 -93.5751310477 490.9420592505
54.0000000000 1.0000000000 -318.3932310063 57.7603950011 497.6050780099
55.0000000000 1.0000000000 362.9350781148 -183.4505150580 432.3717891368
56.0000000000 1.0000000000 360.1879350120 6.4137740002 471.7465860157
57.0000000000 1.0000000000 342.1638269801 -122.3517679929 469.3349409727
58.0000000000 1.0000000000 348.9552492221 215.6997821373 428.9815432730
59.0000000000 1.0000000000 312.5136842479 -212.3517831685 457.7807813632
60.0000000000 1.0000000000 295.2781411097 -261.8664840973 443.3487231648
61.0000000000 1.0000000000 330.2480099900 55.5556299983 490.0725969851
62.0000000000 1.0000000000 236.9101659864 -357.4040179795 410.4354609765
63.0000000000 1.0000000000 281.6576701180 -141.9304370595 502.8379802107
64.0000000000 1.0000000000 283.2131079962 -60.7621329992 518.0922939931
65.0000000000 1.0000000000 296.8639332135 190.7459551372 477.2935283433
66.0000000000 1.0000000000 275.1184309731 268.3502709738 452.3486569558
67.0000000000 1.0000000000 137.2549659742 -429.9747589190 385.4920329274
68.0000000000 1.0000000000 146.2716661086 -403.7525482997 409.7679903041
69.0000000000 1.0000000000 242.9810071705 171.2162711201 513.7767463604
70.0000000000 1.0000000000 104.8539330570 -391.0170182124 434.0883212358
71.0000000000 1.0000000000 169.2592332101 325.0268734034 466.9370085796
72.0000000000 1.0000000000 33.1478319853 -444.7034798028 391.7414488263
73.0000000000 1.0000000000 -68.5883930165 -443.3532281064 388.6577850933
74.0000000000 1.0000000000 -69.9232460146 -392.8732510818 439.4117370915
75.0000000000 1.0000000000 -219.5220930074 -385.7569250130 394.1103550133
76.0000000000 1.0000000000 -197.7958270635 169.6406890545 533.3105791712
77.0000000000 1.0000000000 -231.1843511985 230.1236051976 495.9014504258
78.0000000000 1.0000000000 -289.6385441194 -189.8343760782 482.0723491987
79.0000000000 1.0000000000 -274.4696292417 -100.4833890885 516.6147864549
80.0000000000 1.0000000000 -277.8298131781 57.9338930371 521.3210003343
81.0000000000 1.0000000000 -378.2072333178 -154.8626181301 430.4627563617
82.0000000000 1.0000000000 -346.9992291554 -59.2085640265 477.9196662140
83.0000000000 1.0000000000 400.3289323281 2.6602690022 438.2362323592
84.0000000000 1.0000000000 337.8578951381 -53.7723560220 485.0586591983
85.0000000000 1.0000000000 254.8797371515 -291.7198891733 449.7300882672
86.0000000000 1.0000000000 266.9304140452 -165.9417580281 503.5204200852
87.0000000000 1.0000000000 286.6537060799 49.2037430137 517.4262951442
88.0000000000 1.0000000000 228.1718451428 -176.5590051105 518.7348583246
89.0000000000 1.0000000000 254.7774981012 -17.0727520068 535.8341852129
90.0000000000 1.0000000000 197.5974481277 -289.4584921871 479.0515173097
91.0000000000 1.0000000000 176.1696329385 -241.9985269156 512.5644348212
92.0000000000 1.0000000000 227.9309612119 135.1128881256 531.1433994939
93.0000000000 1.0000000000 111.2000900512 -351.6866471619 465.0509312142
94.0000000000 1.0000000000 151.6021151809 -133.6148341595 558.1085926661
95.0000000000 1.0000000000 178.8983350382 -3.8068650008 565.9524891208
96.0000000000 1.0000000000 156.9140430679 -21.0167180091 572.0643382477
97.0000000000 1.0000000000 133.4963970069 -100.0816160052 569.6347150293
98.0000000000 1.0000000000 169.3314301237 119.8352090875 556.1364184063
99.0000000000 1.0000000000 37.2203490065 -417.7588130733 420.0161260737
100.0000000000 1.0000000000 62.2999950296 -330.1534631570 489.3247672327
101.0000000000 1.0000000000 75.9199750063 -252.1326150208 531.9648750438
102.0000000000 1.0000000000 50.1941210015 -240.0161100074 540.5498530167
103.0000000000 1.0000000000 70.6339260363 -159.4289850820 567.3751612919
104.0000000000 1.0000000000 41.3698380347 -190.3266041598 560.7010314709
105.0000000000 1.0000000000 63.8641290475 -109.9653200817 579.7847254308
106.0000000000 1.0000000000 100.5907689795 157.4979219680 563.3801808854
107.0000000000 1.0000000000 -32.5266020202 -352.9217532189 476.1402972953
108.0000000000 1.0000000000 -44.7908899910 -382.0131829231 452.0852029090
109.0000000000 1.0000000000 34.9069100309 5.0239520044 592.5180115245
110.0000000000 1.0000000000 -3.0888379989 -57.5932829794 590.7578177883
111.0000000000 1.0000000000 7.8341220048 43.5749400270 591.9131503664
112.0000000000 1.0000000000 -69.0164070304 -291.5597471286 512.3972832261
113.0000000000 1.0000000000 -68.0079870171 -185.8964830466 559.5880071404
114.0000000000 1.0000000000 -50.5146430366 -81.9849120594 585.7030574242
115.0000000000 1.0000000000 -114.7288281478 -274.0511053529 513.8624466618
116.0000000000 1.0000000000 -86.9418490494 -142.5043680810 569.6094683239
117.0000000000 1.0000000000 -44.6755049874 251.4815209288 535.8007748483
118.0000000000 1.0000000000 -122.5677841293 -223.6334672360 535.9911725656
119.0000000000 1.0000000000 -157.7583030418 -362.5220250962 442.7317761174
120.0000000000 1.0000000000 -79.6202530562 -57.3096860405 585.4037424135
121.0000000000 1.0000000000 -58.6476290640 43.2621670472 589.0756886429
122.0000000000 1.0000000000 -171.5682380206 -299.1710820359 483.0966050580
123.0000000000 1.0000000000 -91.8976439704 -7.3305909976 586.3637198112
124.0000000000 1.0000000000 -141.0982391095 -135.8970511054 560.3075984347
125.0000000000 1.0000000000 -172.0506969345 -182.6799709305 537.9106917953
126.0000000000 1.0000000000 -144.5894629572 -82.5519089755 569.7371288312
127.0000000000 1.0000000000 -117.0182590570 167.9348360817 557.1588142712
128.0000000000 1.0000000000 -221.4820569059 -189.4066549195 517.0997427803
129.0000000000 1.0000000000 -181.7583939126 -44.9229389784 563.2647177291
130.0000000000 1.0000000000 -260.6292410608 -257.6629510601 466.9084801089
131.0000000000 1.0000000000 -259.1062802305 -232.8877032071 480.5710974274
132.0000000000 1.0000000000 -261.2647692138 -161.4973571322 507.9179564157
133.0000000000 1.0000000000 -231.3396702628 -42.2535470480 544.9935056192
