0.0000000000 712.4619016714 234.6639030000 672.0040197221 240.1464417360
1.0000000000 5725.9327403031 297.2270240000 5699.6448345484 346.8524830206
2.0000000000 5684.4249069278 315.4886260000 5504.4340969999 305.3505622751
3.0000000000 14279.6073166891 397.5465540000 14113.3083837206 447.0648074868
4.0000000000 2850.0854778422 200.3585420000 2992.7444061587 235.2918450693
5.0000000000 1964.3412487759 155.3771710000 1883.0075227290 189.0964218745
6.0000000000 7124.5339826711 305.1261410000 7009.9029463027 322.8890090692
7.0000000000 13235.8848119417 390.1086900000 13197.7287266137 444.0088834705
8.0000000000 4378.5759199608 256.4118090000 4220.1629927545 253.5715993060
9.0000000000 5117.4020768390 284.6308000000 5269.6359483669 303.7503889809
10.0000000000 7884.3076649844 274.5877020000 7898.9155143037 355.4492538674
11.0000000000 7215.9019041254 294.1473610000 6887.8038974885 319.5756461843
12.0000000000 10330.4190908892 367.0015520000 10301.2131309230 379.3828013379
13.0000000000 5016.9043462766 223.1692230000 4816.2992878575 278.3640746543
14.0000000000 6603.0242024822 287.3463350634 6410.5809002731 315.1246944150
15.0000000000 14209.2441134773 336.1474770000 14437.5414033139 444.5184320303
16.0000000000 3798.5662463536 240.2420980000 3880.5313690241 323.4813072294
17.0000000000 12656.0780938983 395.0876750000 12837.9013254363 432.2732166922
18.0000000000 6697.5014741746 302.7175060000 6570.5107922662 331.9869428391
19.0000000000 13618.5079424322 354.0647120000 13452.2766307403 454.7680931657
20.0000000000 21317.3615142896 449.4589730000 20822.3807441864 533.8481996396
21.0000000000 4691.1227829188 251.3252060000 4732.6646868986 278.8533714887
22.0000000000 13494.9754938895 478.5842288902 12843.8911000208 442.2960303726
23.0000000000 7411.6463903645 303.9134660000 6857.1577309197 319.4985040436
24.0000000000 16629.5355504384 392.8691610000 16468.8358169578 495.9118225199
25.0000000000 11883.0525972579 342.8877690000 11742.0647884578 420.3877896749
26.0000000000 5507.9161456144 267.7881020000 5256.8716559521 300.8784945248
27.0000000000 6506.0673962881 328.8084040000 6378.3944005936 314.8556004087
28.0000000000 20316.7491861970 456.0673900000 20277.3188752708 525.6026924751
29.0000000000 11723.0129212014 362.1628248679 12086.8287803795 424.2693563533
30.0000000000 20486.1728375903 523.6619328208 20966.5844504723 559.9892310128
31.0000000000 3567.5394698726 237.0329580000 3503.5619873820 247.9879524831
32.0000000000 12755.8175494291 457.6200658565 13031.0409476808 446.1720984648
33.0000000000 8833.7729924868 332.0144721478 9031.6882650724 353.0713505260
34.0000000000 6157.6351853611 338.0550140000 5744.6850429537 327.2468959890
35.0000000000 6872.5276793855 275.6302800000 6568.5849256359 328.4025852730
36.0000000000 11670.2415437624 349.9596260000 11655.6800986407 430.7922354946
37.0000000000 14262.9969165034 409.5403240000 14326.6297895305 476.2226993649
38.0000000000 15229.3441819506 399.5471790000 15214.5226797633 463.1844523438
39.0000000000 7129.8679780205 335.4136850000 7160.3106451050 345.1097862998
40.0000000000 30527.6851486480 568.2146840000 30326.2535569946 654.6008794518
41.0000000000 6279.4654724664 282.3745800000 6053.0887635020 313.3623639878
42.0000000000 13774.8396378795 369.7756230000 13545.5298150953 436.6368290685
43.0000000000 9486.4097947844 313.4552420000 9493.0831525397 370.9797487311
44.0000000000 10470.6804238001 409.3923881214 12664.6424434710 418.8170162439
45.0000000000 8827.6102060079 305.0906300000 8665.1280047927 410.0323232858
46.0000000000 7129.0485538264 336.9673130000 7234.3084164425 346.8858449333
47.0000000000 6214.7268779914 263.2489340000 6331.9516051483 306.5970315697
48.0000000000 5722.0460116204 280.8303680000 5672.1332233778 292.0187136911
49.0000000000 15463.0170905396 436.8779980000 15229.8511554171 495.3252193052
50.0000000000 13716.7716320284 379.4028960000 13512.6289210101 436.6897642890
51.0000000000 18012.4626727653 450.4003210000 18206.8536266120 523.0323015707
52.0000000000 15589.7007651758 406.2310230000 15397.7722559903 485.4522901256
53.0000000000 4286.5779639940 257.1958200000 4475.6398805102 279.5910399319
54.0000000000 34221.7838846263 552.3375620000 34481.0064135118 693.3603941361
55.0000000000 4224.8732510993 285.0614440000 4339.0040756261 319.9433410940
56.0000000000 16385.4892902523 407.5086700000 16836.9983028960 474.4114246449
57.0000000000 2903.5196047974 222.0641250000 2886.1268275695 219.0865281118
58.0000000000 -39793.4968805372 325.1446450000 -38170.3135120022 1944.5018098052
59.0000000000 2720.0779473829 189.6996620000 2671.8226985549 220.2065329523
60.0000000000 -22883.5838800097 442.1747770000 -21701.4168351807 2420.7664577713
61.0000000000 -17731.4243201675 283.7693880000 -18961.2676452818 2381.2228942263
62.0000000000 -11158.8586334086 259.4088370000 -10812.8050100005 1965.1991594637
63.0000000000 -24891.8552487971 375.7825250000 -26829.5518883266 2229.8280943524
64.0000000000 18830.8377322018 188.1723710000 18125.8208108857 1887.9284893609
65.0000000000 46747.0081085057 376.2258290000 46031.9939588336 3859.3205191343
66.0000000000 82.2851497237 320.7944660000 0.0000000000 2134.1100674022
67.0000000000 163.1459263160 348.4334790000 0.0000000000 3923.1179670804
