0.0000000000 1.0000000000 338.3036804104 161.6593021961 460.1502105582
1.0000000000 1.0000000000 386.3411184846 -450.6238637829 0.0000000000
2.0000000000 1.0000000000 386.3411184846 -450.6238637829 0.0000000000
3.0000000000 1.0000000000 386.3411184846 -450.6238637829 0.0000000000
4.0000000000 1.0000000000 386.3411184846 -450.6238637829 0.0000000000
5.0000000000 1.0000000000 386.3411184846 -450.6238637829 0.0000000000
6.0000000000 1.0000000000 386.3411184846 -450.6238637829 0.0000000000
7.0000000000 1.0000000000 452.0774232779 66.7171660410 378.8088562329
8.0000000000 1.0000000000 450.0269351647 48.4654970177 383.9898171405
9.0000000000 1.0000000000 432.3533723934 -87.1604350793 397.2341203615
10.0000000000 1.0000000000 416.7060819711 -127.8339929911 402.9092179720
11.0000000000 1.0000000000 424.9935701602 181.9778560686 372.2712071403
12.0000000000 1.0000000000 387.1993870218 -211.0643470119 397.3031620224
13.0000000000 1.0000000000 425.8673941459 153.5962050526 383.8834391315
14.0000000000 1.0000000000 417.6322442659 56.0682680357 418.0442372662
15.0000000000 1.0000000000 405.4106620107 164.3040510043 401.2078020106
16.0000000000 1.0000000000 392.1746519065 229.2277249453 382.0667729089
17.0000000000 1.0000000000 395.7199361068 131.9817750356 422.2651651139
18.0000000000 1.0000000000 393.2825965465 196.9578412737 398.5696105538
19.0000000000 1.0000000000 344.9332821074 -282.1000330878 392.1248891221
20.0000000000 1.0000000000 372.2379482518 -152.4631261031 436.4805052952
21.0000000000 1.0000000000 346.3381479883 166.3366089944 452.4415389847
22.0000000000 1.0000000000 264.2673983177 -365.2185784391 386.1339904643
23.0000000000 1.0000000000 323.5732001428 302.4849371335 395.1260221743
24.0000000000 1.0000000000 315.8344489387 260.7993289494 429.5970639166
25.0000000000 1.0000000000 269.2556269922 257.3917199926 462.1387629867
26.0000000000 1.0000000000 231.2882710793 363.6338151246 408.1635831399
27.0000000000 1.0000000000 232.0859541430 324.8090552002 439.2681572707
28.0000000000 1.0000000000 222.3490850462 251.7898710523 489.3710981016
29.0000000000 1.0000000000 169.0645390442 290.1900880758 489.4162041278
30.0000000000 1.0000000000 139.8488871293 393.4123083638 421.8890503901
31.0000000000 1.0000000000 131.5355500816 358.2794522224 454.5938402822
32.0000000000 1.0000000000 120.5335389888 275.1114069745 511.9635789525
33.0000000000 1.0000000000 93.4647220136 191.4150230279 554.0270400808
34.0000000000 1.0000000000 77.2978440249 359.8431511160 465.6815181501
35.0000000000 1.0000000000 63.8399670677 300.0630243181 508.1416795387
36.0000000000 1.0000000000 49.1394030030 328.9703940199 491.6148140297
37.0000000000 1.0000000000 20.2847880009 398.2780530168 439.6412700185
38.0000000000 1.0000000000 16.1775810052 415.5535291336 423.5267131362
39.0000000000 1.0000000000 7.8764990027 251.8286390879 537.4398791876
40.0000000000 1.0000000000 -34.8793999982 338.6064379827 486.2616929751
41.0000000000 1.0000000000 -43.8732570050 350.8714270402 476.7449060547
42.0000000000 1.0000000000 -71.8590470301 288.6004411208 513.6802402150
43.0000000000 1.0000000000 -98.9051229825 406.4392869282 421.1249329256
44.0000000000 1.0000000000 -105.6984200050 367.3514200174 454.0948190215
45.0000000000 1.0000000000 -207.9167660839 340.9131001376 439.1699021772
46.0000000000 1.0000000000 -211.7852200869 273.1339981121 482.5620851980
47.0000000000 1.0000000000 -223.3677608688 352.9963907927 421.6891247523
48.0000000000 1.0000000000 -229.5845479619 295.1476439510 460.9773639235
49.0000000000 1.0000000000 -320.9404422207 -289.3350031990 406.9444862799
50.0000000000 1.0000000000 -280.1623101903 298.0310992025 430.1254122922
51.0000000000 1.0000000000 -348.1205598694 -253.4930989049 408.5029388467
52.0000000000 1.0000000000 -308.7653060552 216.7953590388 458.2412950820
53.0000000000 1.0000000000 -324.8241291431 -96.1201450423 487.4130992147
54.0000000000 1.0000000000 -319.2121210810 60.5720360154 496.7453841260
55.0000000000 1.0000000000 361.1462698124 -184.4654339042 433.4365027748
56.0000000000 1.0000000000 361.1283714322 3.1922120038 471.0599065637
57.0000000000 1.0000000000 344.5127138717 -121.7610159547 467.7676468258
58.0000000000 1.0000000000 350.1795150822 216.4456970508 427.6060031004
59.0000000000 1.0000000000 316.3093949950 -209.4187819967 456.5232379928
60.0000000000 1.0000000000 295.3501580386 -261.4045130342 443.5733210580
61.0000000000 1.0000000000 328.7812181520 57.8450160267 490.7934302269
62.0000000000 1.0000000000 237.4086891470 -355.0680872198 412.1711952552
63.0000000000 1.0000000000 285.2839392867 -138.6396481393 501.7105225042
64.0000000000 1.0000000000 284.8445119891 -63.3644099976 516.8847859803
65.0000000000 1.0000000000 298.1345409416 193.0478249622 475.5729799068
66.0000000000 1.0000000000 275.7620223377 271.3809183324 450.1433445513
67.0000000000 1.0000000000 134.8662689129 -429.1513087229 387.2487187500
68.0000000000 1.0000000000 143.5825280530 -404.8886591495 409.5980441513
69.0000000000 1.0000000000 245.6939419462 172.6901279622 511.9901688879
70.0000000000 1.0000000000 104.3539259645 -392.4349218666 432.9277268528
71.0000000000 1.0000000000 170.3124282379 325.7339904550 466.0604796510
72.0000000000 1.0000000000 31.1844380234 -445.6571503341 390.8178112930
73.0000000000 1.0000000000 -70.6305780030 -440.8968680188 391.0787640166
74.0000000000 1.0000000000 -69.5091470038 -392.4810690217 439.8277110243
75.0000000000 1.0000000000 -222.2753802748 -385.6596704768 392.6596494854
76.0000000000 1.0000000000 -199.4929441402 172.3700511212 531.8011443738
77.0000000000 1.0000000000 -234.6863451065 235.3878171068 491.7684632231
78.0000000000 1.0000000000 -291.7674442431 -192.7089091606 479.6419093997
79.0000000000 1.0000000000 -278.8698840087 -102.4404360032 513.8665890161
80.0000000000 1.0000000000 -279.0454363777 59.9528940811 520.4427167044
81.0000000000 1.0000000000 -377.0066410990 -158.8779450417 430.0524591130
82.0000000000 1.0000000000 -347.9345382386 -60.5042930415 477.0766333272
83.0000000000 1.0000000000 401.5952320732 4.2517270008 437.0635180796
84.0000000000 1.0000000000 338.1671693690 -55.7108390608 484.6241785288
85.0000000000 1.0000000000 255.5774999395 -291.2130759310 449.6625538935
86.0000000000 1.0000000000 271.3641311058 -162.7576550635 502.1879931958
87.0000000000 1.0000000000 285.1920281506 47.4011650250 518.4013532738
88.0000000000 1.0000000000 228.2358869873 -173.1479419904 519.8552649711
89.0000000000 1.0000000000 253.8370438152 -15.5071649887 536.3278936096
90.0000000000 1.0000000000 197.4315889738 -288.5752669617 479.6523839363
91.0000000000 1.0000000000 179.0153900069 -242.0507440094 511.5527870198
92.0000000000 1.0000000000 228.4249819986 135.2459859992 530.8972379968
93.0000000000 1.0000000000 111.5435080540 -352.5072561706 464.3468602248
94.0000000000 1.0000000000 151.7914701018 -133.9737770898 557.9710593742
95.0000000000 1.0000000000 181.7743170544 -3.2467080010 565.0388331691
96.0000000000 1.0000000000 161.7217711870 -19.4971710225 570.7777636601
97.0000000000 1.0000000000 137.8109311425 -100.0573391035 568.6105895881
98.0000000000 1.0000000000 174.2759569452 121.3596319618 554.2752538257
99.0000000000 1.0000000000 34.9649929841 -419.1780838097 418.7941138099
100.0000000000 1.0000000000 60.8777250068 -330.2937730367 489.4090850544
101.0000000000 1.0000000000 77.4868670939 -254.2606023080 530.7246536430
102.0000000000 1.0000000000 49.4122730544 -240.4514722649 540.4283885954
103.0000000000 1.0000000000 72.7511120286 -161.6667070635 566.4737222223
104.0000000000 1.0000000000 42.9891929951 -191.1975309782 560.2827499362
105.0000000000 1.0000000000 64.9775270516 -112.9665760897 579.0835864600
106.0000000000 1.0000000000 103.0303759897 159.8910319840 562.2641069436
107.0000000000 1.0000000000 -33.7670990105 -352.1083511091 476.6558701477
108.0000000000 1.0000000000 -46.7348150184 -385.3386231516 449.0560421767
109.0000000000 1.0000000000 39.2677439948 5.3385369993 592.2422399212
110.0000000000 1.0000000000 0.4408670003 -61.4679430367 590.3751553527
111.0000000000 1.0000000000 10.1908139953 50.1681149771 591.3549137297
112.0000000000 1.0000000000 -69.7216210242 -290.8228061012 512.7205061783
113.0000000000 1.0000000000 -70.0571599987 -183.5544709966 560.1080939896
114.0000000000 1.0000000000 -53.2580329818 -82.6501029718 585.3664398001
115.0000000000 1.0000000000 -118.9508020659 -275.1774111524 512.2981802836
116.0000000000 1.0000000000 -86.3638610951 -143.5701911581 569.4297236272
117.0000000000 1.0000000000 -42.4577160314 251.8201061864 535.8220813966
118.0000000000 1.0000000000 -122.5537841268 -228.4508902364 533.9588815526
119.0000000000 1.0000000000 -155.5740529639 -361.0029149163 444.7414258969
120.0000000000 1.0000000000 -82.0720350732 -57.2812770511 585.0678275217
121.0000000000 1.0000000000 -56.4497760516 50.5482030462 588.7101395382
122.0000000000 1.0000000000 -176.0014391576 -301.3575512698 480.1337794299
123.0000000000 1.0000000000 -98.4674159972 -1.8469439999 585.3392889831
124.0000000000 1.0000000000 -140.3606051515 -136.5703271474 560.3291646050
125.0000000000 1.0000000000 -175.6942841045 -184.8419781100 535.9909403189
126.0000000000 1.0000000000 -147.9948571395 -83.1596240784 568.7735275362
127.0000000000 1.0000000000 -117.5836400800 169.2742511152 556.6342083788
128.0000000000 1.0000000000 -224.0616521406 -190.2463251194 515.6782313237
129.0000000000 1.0000000000 -182.9731919944 -47.0569849985 562.6968789826
130.0000000000 1.0000000000 -260.5380689222 -258.1568829229 466.6864738606
131.0000000000 1.0000000000 -264.2246920742 -235.0778440660 476.7022611339
132.0000000000 1.0000000000 -265.6237130400 -163.8947140247 504.8800770759
133.0000000000 1.0000000000 -234.0246439454 -39.3683369908 544.0624288731
