0.0000000000 685.5136719394 234.6639030000 609.5119464446 240.3690137071
1.0000000000 5779.5147435132 297.2270240000 5837.6237246501 346.9429782407
2.0000000000 5640.3199833926 315.4886260000 5492.3218100054 308.4498740962
3.0000000000 14320.2930301435 397.5465540000 14264.2901100394 450.3155733876
4.0000000000 2949.5769956597 200.3585420000 3054.9149658796 239.6144807681
5.0000000000 2002.8943500534 155.3771710000 2140.9265746047 203.2856475940
6.0000000000 7115.7157536489 305.1261410000 7020.1268317249 322.8233901679
7.0000000000 13221.2966553398 390.1086900000 12907.0646267884 439.9917477939
8.0000000000 4325.9000705205 256.4118090000 4181.4350774345 252.2512346963
9.0000000000 5107.9814010964 284.6308000000 4806.7456653175 286.7130957246
10.0000000000 7901.8014773092 274.5877020000 7818.0292454974 355.5483563082
11.0000000000 7193.4522060644 294.1473610000 7238.2333896502 326.6289423081
12.0000000000 10322.4991005154 367.0015520000 10036.9710381937 374.3513232756
13.0000000000 4924.3190191398 223.1692230000 4736.0147808737 276.6732086913
14.0000000000 6644.3350115387 293.5291752861 6733.9199551995 319.2870726653
15.0000000000 14250.4016974720 336.1474770000 13929.6037811395 437.2868513798
16.0000000000 3852.9503269520 240.2420980000 3869.6130401208 325.7884738489
17.0000000000 12842.1727548061 395.0876750000 12905.5237222181 433.0656929016
18.0000000000 6602.1271297807 302.7175060000 6260.8499253695 324.2589649524
19.0000000000 13687.7250811227 354.0647120000 13803.7816082562 462.3532771763
20.0000000000 21347.5946392330 449.4589730000 21434.7161418401 541.5965438525
21.0000000000 4686.2700823462 251.3252060000 4518.2487101342 271.7435764462
22.0000000000 13431.6010268801 480.0220491125 13425.4289205379 453.7857063587
23.0000000000 7319.3950556506 303.9134660000 7346.3404819456 328.5109722554
24.0000000000 16694.6989248727 392.8691610000 16723.0666537503 496.8049067869
25.0000000000 11794.2588368144 342.8877690000 11426.7548449840 416.6785946934
26.0000000000 5449.7622338973 267.7881020000 5378.3013270594 305.0893781484
27.0000000000 6499.4347847351 328.8084040000 6380.3005931229 315.5520507397
28.0000000000 20366.6479231991 456.0673900000 20098.2147818113 522.8005150980
29.0000000000 12055.5003893523 362.5009513547 12462.8934820183 431.7263560102
30.0000000000 20982.1863993111 525.7517464527 21577.5705535930 567.5824000119
31.0000000000 3623.9427013618 237.0329580000 3748.4712959620 254.5057453815
32.0000000000 12919.9888928327 459.4347354850 12834.2738913567 443.5096934753
33.0000000000 8933.4315256271 333.0645916186 8810.7842184136 352.4385738903
34.0000000000 6147.8154126238 338.0550140000 6286.0090260613 340.7500292674
35.0000000000 6730.6283824139 275.6302800000 6455.3845457091 326.6892122857
36.0000000000 11768.0137924555 349.9596260000 11859.4333127120 434.4384859809
37.0000000000 14469.9360132236 409.5403240000 14731.2933303305 483.9829586773
38.0000000000 15354.5754210171 399.5471790000 15399.4370132597 465.0667434182
39.0000000000 7204.2328063258 335.4136850000 7208.9566936654 345.8892088421
40.0000000000 30811.0238660652 568.2146840000 31151.0251313495 662.3505493028
41.0000000000 6215.4200524608 282.3745800000 6076.2745964279 315.9791349977
42.0000000000 13821.6807203148 369.7756230000 13871.8763695100 441.0467762938
43.0000000000 9642.8931946298 313.4552420000 9893.2387803592 379.3006795568
44.0000000000 11972.1299723088 413.8927776827 14094.3579543609 440.9470575055
45.0000000000 8719.3725374500 305.0906300000 8388.6229043534 411.1694976614
46.0000000000 7154.5119011527 336.9673130000 6910.9229639296 343.5443355350
47.0000000000 6288.2817044101 263.2489340000 6263.8060020762 304.5795668019
48.0000000000 5727.2441254265 280.8303680000 5626.9562646794 289.8696378497
49.0000000000 15193.8135087007 436.8779980000 14229.3403856172 482.4846137398
50.0000000000 13694.5904124993 379.4028960000 13513.0672846255 436.2262557292
51.0000000000 18435.1402185386 450.4003210000 19104.1031302520 532.1442048501
52.0000000000 15427.1556187620 406.2310230000 14831.8941049478 474.4832448387
53.0000000000 4468.1146955489 257.1958200000 4716.0921818448 288.6226838016
54.0000000000 34336.4221309441 552.3375620000 33779.8585294792 686.7411186736
55.0000000000 4168.5268785779 285.0614440000 3792.5770668690 304.8674174553
56.0000000000 16670.2936017675 407.5086700000 16746.9324539438 472.5160063566
57.0000000000 2902.8807881317 222.0641250000 2827.9829737019 216.9109157693
58.0000000000 -39534.5742741344 325.1446450000 -40429.6566764559 1936.7308706225
59.0000000000 2591.5515151468 189.6996620000 2195.9778266842 203.7500688528
60.0000000000 -22637.4506772206 442.1747770000 -23367.8686636990 2429.8066633791
61.0000000000 -18502.7692309072 283.7693880000 -19854.7821201699 2377.4375428083
62.0000000000 -10885.8548432243 259.4088370000 -10521.4602141668 1961.6633905870
63.0000000000 -25138.3013682535 375.7825250000 -24436.9413129381 2233.2568230464
64.0000000000 18249.3562178612 188.1723710000 17110.3787052659 1886.1955484649
65.0000000000 46233.7476008328 376.2258290000 45098.9478695290 3851.9396629229
66.0000000000 80.7824853142 320.7944660000 0.0000000000 2139.0971047159
67.0000000000 143.8779083498 348.4334790000 0.0000000000 3919.0814213604
