0.0000000000 1.0000000000 341.1041792454 162.4202721168 457.8088253293
1.0000000000 1.0000000000 385.1325111415 -451.6572542365 0.0000000000
2.0000000000 1.0000000000 385.1325111415 -451.6572542365 0.0000000000
3.0000000000 1.0000000000 385.1325111415 -451.6572542365 0.0000000000
4.0000000000 1.0000000000 385.1325111415 -451.6572542365 0.0000000000
5.0000000000 1.0000000000 385.1325111415 -451.6572542365 0.0000000000
6.0000000000 1.0000000000 385.1325111415 -451.6572542365 0.0000000000
7.0000000000 1.0000000000 452.6665661012 64.2902180144 378.5248660846
8.0000000000 1.0000000000 450.0876461557 47.3463270164 384.0582801329
9.0000000000 1.0000000000 433.7692748070 -86.0273549617 395.9353948238
10.0000000000 1.0000000000 418.7366051390 -127.1927580422 401.0024741331
11.0000000000 1.0000000000 426.8043713368 180.1636751422 371.0800522928
12.0000000000 1.0000000000 389.3924225912 -213.8904163248 393.6314995977
13.0000000000 1.0000000000 428.1505915328 151.6326141887 382.1203314755
14.0000000000 1.0000000000 418.9005390086 57.4877170012 416.5799170086
15.0000000000 1.0000000000 404.7924978333 167.6911289309 400.4298258351
16.0000000000 1.0000000000 390.2442148032 233.3518728823 381.5464358076
17.0000000000 1.0000000000 396.9416382022 133.3293470679 420.6922242143
18.0000000000 1.0000000000 389.2976741705 204.5701110896 398.6473591745
19.0000000000 1.0000000000 344.4608772432 -281.4976131988 392.9721672775
20.0000000000 1.0000000000 375.4842361544 -153.1338410630 433.4546591783
21.0000000000 1.0000000000 348.1940578995 167.3906469517 450.6246728699
22.0000000000 1.0000000000 264.4417482382 -365.0199883288 386.2024033479
23.0000000000 1.0000000000 324.7287779599 302.8264759626 393.9145499513
24.0000000000 1.0000000000 317.0051953300 264.9698712758 426.1689804437
25.0000000000 1.0000000000 270.5570610208 256.3245300198 461.9717940356
26.0000000000 1.0000000000 234.0005870155 363.6635220241 406.5881140269
27.0000000000 1.0000000000 233.2135671035 329.4441971462 435.2002751931
28.0000000000 1.0000000000 223.7960910606 251.7836570682 488.7142581324
29.0000000000 1.0000000000 169.8162380156 291.6242160268 488.3022510449
30.0000000000 1.0000000000 142.7019319471 397.3991598527 417.1706998454
31.0000000000 1.0000000000 133.8325920697 354.5820541846 456.8169552378
32.0000000000 1.0000000000 120.6315181341 277.7575193087 510.5096705673
33.0000000000 1.0000000000 93.4703460009 194.7248220019 552.8714720054
34.0000000000 1.0000000000 77.3265340209 361.5089830975 464.3847421252
35.0000000000 1.0000000000 64.9038099748 303.4341838820 506.0005118033
36.0000000000 1.0000000000 48.0130260401 329.2866792748 491.5143524102
37.0000000000 1.0000000000 20.3214420146 398.7755992868 439.1883273158
38.0000000000 1.0000000000 16.1834569990 415.8147979747 423.2699799742
39.0000000000 1.0000000000 7.5988019956 253.4964188541 536.6592496910
40.0000000000 1.0000000000 -39.9881749904 342.7979999180 482.9200798845
41.0000000000 1.0000000000 -46.1191030059 353.0680720449 474.9076660604
42.0000000000 1.0000000000 -75.0317139727 295.4434928926 509.3178878149
43.0000000000 1.0000000000 -100.1499730778 404.6022343141 422.5971383281
44.0000000000 1.0000000000 -109.1819370146 370.6080200495 450.6110590602
45.0000000000 1.0000000000 -205.1036009522 340.1822859207 441.0553838972
46.0000000000 1.0000000000 -212.5423998518 276.5472148071 480.2798066651
47.0000000000 1.0000000000 -221.1106051917 352.8450383059 423.0033163667
48.0000000000 1.0000000000 -233.1975569695 298.8790169609 456.7401439402
49.0000000000 1.0000000000 -318.4346271530 -291.3575271400 407.4696381958
50.0000000000 1.0000000000 -274.0802970715 297.3426890775 434.4981501133
51.0000000000 1.0000000000 -349.4498321856 -258.6141661374 404.1346982147
52.0000000000 1.0000000000 -310.7898351076 221.2971360766 454.7071391574
53.0000000000 1.0000000000 -325.5571371517 -96.6056600450 486.8277142269
54.0000000000 1.0000000000 -324.7341983866 57.6917300687 493.4984205876
55.0000000000 1.0000000000 363.7547454627 -185.1075342354 430.9744915482
56.0000000000 1.0000000000 361.3516890697 5.2744190010 470.8699010908
57.0000000000 1.0000000000 345.2126724216 -121.9382501489 467.2050945706
58.0000000000 1.0000000000 351.5147348518 218.0826429080 425.6743808205
59.0000000000 1.0000000000 316.7268401788 -210.6982971189 455.6442282572
60.0000000000 1.0000000000 295.8579430716 -261.5728070633 443.1354991072
61.0000000000 1.0000000000 331.8714951312 57.6337040228 488.7340721932
62.0000000000 1.0000000000 236.5993720104 -357.7856150157 410.2822410180
63.0000000000 1.0000000000 287.2616791927 -139.0789710933 500.4588833357
64.0000000000 1.0000000000 288.0514781842 -61.4971830393 515.3307373296
65.0000000000 1.0000000000 299.3316119339 191.4054549577 475.4848728950
66.0000000000 1.0000000000 278.4556779576 271.8169289586 448.2179369317
67.0000000000 1.0000000000 134.1611080534 -432.1687131719 384.1254051528
68.0000000000 1.0000000000 144.0509710454 -405.6310511279 408.6980481288
69.0000000000 1.0000000000 246.3260930611 177.4178590440 510.0663541266
70.0000000000 1.0000000000 104.6480610358 -393.8219621346 431.5951481475
71.0000000000 1.0000000000 173.2107091457 328.2747462762 463.2008933898
72.0000000000 1.0000000000 29.0784769832 -447.2368537417 389.1721537753
73.0000000000 1.0000000000 -72.1149990218 -442.9385211338 388.4922391174
74.0000000000 1.0000000000 -71.9700659688 -394.3719478288 437.7355398100
75.0000000000 1.0000000000 -226.3827009903 -383.5447159835 392.3845689831
76.0000000000 1.0000000000 -200.6723902706 166.9694442251 533.0789087188
77.0000000000 1.0000000000 -235.6716559116 234.0403729123 491.9403428156
78.0000000000 1.0000000000 -291.8074893892 -193.1157052576 479.4538976396
79.0000000000 1.0000000000 -281.5251422486 -103.1659920911 512.2711184523
80.0000000000 1.0000000000 -277.9395801845 61.1806720406 520.8913913457
81.0000000000 1.0000000000 -381.5925298851 -162.8146359510 424.4995428721
82.0000000000 1.0000000000 -352.5467593768 -68.7077430734 472.5583085051
83.0000000000 1.0000000000 400.0805608200 4.5883749979 438.4470528027
84.0000000000 1.0000000000 338.7865631600 -55.5023150262 484.2153282286
85.0000000000 1.0000000000 258.3174690589 -288.2563980657 450.0018451026
86.0000000000 1.0000000000 271.5388492365 -168.1499601464 500.3134724357
87.0000000000 1.0000000000 287.2580311800 51.5247510323 516.8649243238
88.0000000000 1.0000000000 227.2803810754 -174.5068330579 519.8195071724
89.0000000000 1.0000000000 258.7711092552 -17.0038850168 533.9191955266
90.0000000000 1.0000000000 200.3056990620 -288.9416940895 478.2380691481
91.0000000000 1.0000000000 178.7539011002 -245.2729971374 510.1073672858
92.0000000000 1.0000000000 229.6009061838 138.9201771112 529.4392644237
93.0000000000 1.0000000000 112.1310630542 -351.0651111697 465.2969362249
94.0000000000 1.0000000000 154.2337350987 -134.3138620860 557.2190483567
95.0000000000 1.0000000000 184.3731561810 -3.3214550033 564.1957405538
96.0000000000 1.0000000000 163.4665762193 -18.9661850254 570.2984207652
97.0000000000 1.0000000000 137.7191850035 -96.2199030024 569.2947240145
98.0000000000 1.0000000000 175.4514870102 126.2570530073 552.8085190320
99.0000000000 1.0000000000 34.1761790325 -422.5192224013 415.4886543946
100.0000000000 1.0000000000 62.1470430475 -333.4678592548 487.0916323722
101.0000000000 1.0000000000 76.9192690892 -257.4199352986 529.2822776139
102.0000000000 1.0000000000 51.5781489802 -242.3312599071 539.3853737933
103.0000000000 1.0000000000 73.2949990099 -163.1317410219 565.9833960761
104.0000000000 1.0000000000 42.4198040335 -194.1723101535 559.3022444421
105.0000000000 1.0000000000 67.4540999962 -113.0374249937 578.7864989675
106.0000000000 1.0000000000 104.3071001375 161.7156032131 561.5063837401
107.0000000000 1.0000000000 -36.4236250273 -354.2260732660 474.8879183565
108.0000000000 1.0000000000 -47.7578140376 -388.8761113060 445.8877523508
109.0000000000 1.0000000000 40.0235620089 5.3942590012 592.1911371310
110.0000000000 1.0000000000 2.6995150006 -66.3133730144 589.8445351283
111.0000000000 1.0000000000 10.4464790122 53.0206540619 591.1015206897
112.0000000000 1.0000000000 -69.9486270165 -292.6646450690 511.6404221206
113.0000000000 1.0000000000 -70.5117030807 -185.1753022120 559.5172326407
114.0000000000 1.0000000000 -55.3031040543 -87.7157640862 584.4389085741
115.0000000000 1.0000000000 -122.4948360263 -277.0273800595 510.4627041096
116.0000000000 1.0000000000 -88.1943370862 -144.2998161410 568.9645405560
117.0000000000 1.0000000000 -44.3863800004 254.2491190023 534.5171290048
118.0000000000 1.0000000000 -126.0479341353 -229.5820072465 532.6587525719
119.0000000000 1.0000000000 -160.0773061949 -364.8764214443 439.9565655357
120.0000000000 1.0000000000 -86.7701950853 -59.4573730585 584.1721325743
121.0000000000 1.0000000000 -63.3241049704 54.2180129746 587.6834107250
122.0000000000 1.0000000000 -175.2988312281 -303.1570993944 479.2571536236
123.0000000000 1.0000000000 -99.8877791152 -4.0534860047 585.0874526746
124.0000000000 1.0000000000 -142.5076261109 -138.4697481078 559.3201514354
125.0000000000 1.0000000000 -174.5950790177 -187.4314210190 535.4506020542
126.0000000000 1.0000000000 -150.3427160084 -85.4742570048 567.8138300317
127.0000000000 1.0000000000 -120.3605450494 172.0857100706 555.1767052277
128.0000000000 1.0000000000 -225.6896681345 -190.6838471137 514.8059543069
129.0000000000 1.0000000000 -191.4145980046 -46.8289270011 559.9007320135
130.0000000000 1.0000000000 -263.0796063056 -259.3968083013 464.5683405396
131.0000000000 1.0000000000 -265.6943531651 -234.8259461459 476.0090462958
132.0000000000 1.0000000000 -265.7325154063 -163.4094812499 504.9800967722
133.0000000000 1.0000000000 -238.9334759302 -42.5656879876 541.6828248418
