0.0000000000 661.5706669492 234.6639030000 626.5829852481 239.9701050590
1.0000000000 5882.8504274662 297.2270240000 6013.0804976539 354.4260139061
2.0000000000 5643.1548527289 315.4886260000 5604.6019866885 308.1137298628
3.0000000000 14478.1982637862 397.5465540000 14671.1287655255 457.6695083531
4.0000000000 2949.2875773205 200.3585420000 2792.2814855463 230.5846860556
5.0000000000 2083.2404901281 155.3771710000 2150.8502977997 201.1288868800
6.0000000000 7053.1772316086 305.1261410000 6778.9269251260 317.2575144259
7.0000000000 13178.3190479842 390.1086900000 13025.3455905508 443.3247763031
8.0000000000 4282.8834974941 256.4118090000 4154.8068046975 251.4643027566
9.0000000000 5017.5276095535 284.6308000000 4877.9516380167 292.1045428298
10.0000000000 7851.8037563176 274.5877020000 7657.5174027263 352.2111114939
11.0000000000 7238.5706127463 294.1473610000 7151.3339810176 325.3728592983
12.0000000000 10182.3402132444 367.0015520000 9736.7780938033 369.8412210140
13.0000000000 4803.8306096837 223.1692230000 4523.4712454139 270.2204877377
14.0000000000 6755.8548845346 299.3554583093 6803.5593013549 320.8702971478
15.0000000000 14328.7774148011 336.1474770000 14608.5228764638 448.1223160446
16.0000000000 3816.3218015400 240.2420980000 3622.3177044473 324.2053480334
17.0000000000 12912.2630575929 395.0876750000 12740.8788576552 432.6254314146
18.0000000000 6430.9813199255 302.7175060000 6053.7123319616 316.9153403292
19.0000000000 13797.7469353583 354.0647120000 13783.2319510521 462.5452075219
20.0000000000 21503.5524105447 449.4589730000 21440.6924494858 539.4659882762
21.0000000000 4561.1298683440 251.3252060000 4225.5561659384 264.0411325318
22.0000000000 13650.0268484742 481.4598693348 13901.8460279356 460.1057894566
23.0000000000 7279.8420433757 303.9134660000 6942.1521756529 320.3316821127
24.0000000000 16835.4368425445 392.8691610000 16916.4871147685 505.2124470704
25.0000000000 11795.2289334142 342.8877690000 11895.8128943824 423.3296180783
26.0000000000 5371.1193325371 267.7881020000 5078.8447828026 298.9040420161
27.0000000000 6487.4697088599 328.8084040000 6335.7550160967 318.0362893344
28.0000000000 20448.7705811287 456.0673900000 20479.8849615658 528.4787777750
29.0000000000 12349.4017614436 362.8390778415 12603.9374874691 435.3365364686
30.0000000000 21412.3756732088 527.8415600845 21705.6248974507 570.4301186617
31.0000000000 3746.1546859857 237.0329580000 3899.9040606796 259.6006500793
32.0000000000 13017.2642978601 461.2494051136 13055.1483150280 446.5798796781
33.0000000000 9057.7508752625 334.1147110894 9297.9753062590 360.7243879532
34.0000000000 6181.7500192475 338.0550140000 5950.7750955802 332.8802084360
35.0000000000 6670.6359173604 275.6302800000 6613.7677421788 332.5567095623
36.0000000000 11877.5327682747 349.9596260000 11908.7641984730 435.9675134888
37.0000000000 14649.9295978560 409.5403240000 14653.2821473372 479.3047840822
38.0000000000 15494.7895732503 399.5471790000 15532.5217671256 466.0026089888
39.0000000000 7280.8425926477 335.4136850000 7315.2390884827 348.8623993981
40.0000000000 31238.2016489132 568.2146840000 31523.1427938002 665.7217643071
41.0000000000 6043.6533839432 282.3745800000 5508.6983186094 304.2271759544
42.0000000000 13927.8534745093 369.7756230000 13904.5719334589 440.7623986957
43.0000000000 9802.1001099194 313.4552420000 9844.6402858421 378.6559718108
44.0000000000 13280.6928078571 415.2841910481 14888.2325647706 451.6414920335
45.0000000000 8542.0139079869 305.0906300000 8161.5748585754 406.6151856061
46.0000000000 7273.8479483897 336.9673130000 7620.7659421623 353.6680125174
47.0000000000 6300.8655583249 263.2489340000 6221.3223081017 304.7141155435
48.0000000000 5867.5223482523 280.8303680000 6217.0709977308 305.1571806278
49.0000000000 15078.4867993895 436.8779980000 15225.3542253882 491.0396246307
50.0000000000 13861.6253638425 379.4028960000 14220.9857784673 448.4507923689
51.0000000000 18819.8114941692 450.4003210000 18953.9785369423 532.6485738170
52.0000000000 15207.2015412689 406.2310230000 14796.2227804122 473.5821114838
53.0000000000 4656.2547405590 257.1958200000 4870.9804989763 290.4758206049
54.0000000000 34387.1000289398 552.3375620000 34368.8599112255 692.5528816252
55.0000000000 4033.8659399086 285.0614440000 3856.8720031688 312.4360011586
56.0000000000 16967.2755193704 407.5086700000 17415.6407651840 482.5067896576
57.0000000000 2899.7521130840 222.0641250000 2868.2234148198 218.5326091581
58.0000000000 -40475.3878089574 325.1446450000 -42666.2455047522 1914.7965719158
59.0000000000 2548.0249101649 189.6996620000 2718.9473027173 229.6529231703
60.0000000000 -23521.7306974668 442.1747770000 -25884.1352155223 2435.9540684511
61.0000000000 -17608.0106197208 283.7693880000 -13944.3346454447 2389.2451098861
62.0000000000 -10977.9718605579 259.4088370000 -11708.2156165926 1968.0446815817
63.0000000000 -24547.7371746784 375.7825250000 -23730.1268222998 2235.1103973958
64.0000000000 18672.5203388554 188.1723710000 20878.3780652581 1897.4511185901
65.0000000000 45669.6936378836 376.2258290000 44757.5781563672 3851.3157682292
66.0000000000 79.9983894801 320.7944660000 0.0000000000 2146.1893475990
67.0000000000 133.8237854708 348.4334790000 0.0000000000 3916.7339803818
