0.0000000000 1.0000000000 342.0954930831 165.0746880401 456.1165941108
1.0000000000 1.0000000000 384.6861487549 -452.0374911428 0.0000000000
2.0000000000 1.0000000000 384.6861487549 -452.0374911428 0.0000000000
3.0000000000 1.0000000000 384.6861487549 -452.0374911428 0.0000000000
4.0000000000 1.0000000000 384.6861487549 -452.0374911428 0.0000000000
5.0000000000 1.0000000000 384.6861487549 -452.0374911428 0.0000000000
6.0000000000 1.0000000000 384.6861487549 -452.0374911428 0.0000000000
7.0000000000 1.0000000000 455.4651112062 66.9572750303 374.6859781697
8.0000000000 1.0000000000 452.1837562108 48.0551690224 381.4995121778
9.0000000000 1.0000000000 434.4404630586 -88.6126850120 394.6271690532
10.0000000000 1.0000000000 420.3909638916 -129.0722879667 398.6641548972
11.0000000000 1.0000000000 428.1700501879 182.3203110800 368.4440781616
12.0000000000 1.0000000000 387.7877185215 -210.9404782837 396.7948165336
13.0000000000 1.0000000000 430.0367512695 152.7340040957 379.5550592378
14.0000000000 1.0000000000 419.9133950556 58.6490210078 415.3966290550
15.0000000000 1.0000000000 406.9454302633 166.5706981078 398.7116072580
16.0000000000 1.0000000000 392.6686342227 232.6620861319 379.4746682152
17.0000000000 1.0000000000 399.0041191011 135.5320870343 418.0288181059
18.0000000000 1.0000000000 391.5670430910 204.7653880476 396.3176920921
19.0000000000 1.0000000000 346.2346173871 -282.9059013163 390.3936054365
20.0000000000 1.0000000000 374.9323012565 -156.1399611068 432.8595712961
21.0000000000 1.0000000000 350.0752591273 168.9860280614 448.5670091631
22.0000000000 1.0000000000 265.6170000453 -365.4919880624 384.9474540657
23.0000000000 1.0000000000 323.5308578403 305.5426558492 392.8012168061
24.0000000000 1.0000000000 321.3846721628 263.3333221334 423.8971342148
25.0000000000 1.0000000000 271.7285210090 253.3187080084 462.9412160153
26.0000000000 1.0000000000 238.0960581962 360.8284582973 406.7362993351
27.0000000000 1.0000000000 236.6056970357 325.4039440491 436.4073140658
28.0000000000 1.0000000000 226.2037132296 253.0512692568 486.9479044942
29.0000000000 1.0000000000 173.3000271403 294.4105522384 485.3976243930
30.0000000000 1.0000000000 140.8462880204 395.2661170573 419.8194210609
31.0000000000 1.0000000000 134.1256380768 361.2963742068 451.4383342584
32.0000000000 1.0000000000 122.3275420047 281.1666190108 508.2348190194
33.0000000000 1.0000000000 95.5163820739 196.6847001521 551.8270344267
34.0000000000 1.0000000000 75.8664639899 364.9892919514 461.8965499385
35.0000000000 1.0000000000 63.7541039748 305.4584648794 504.9275858006
36.0000000000 1.0000000000 47.8975750452 332.5545593140 489.3205634620
37.0000000000 1.0000000000 24.6454660280 393.1996904469 443.9683895046
38.0000000000 1.0000000000 15.1118390102 419.7627142836 419.3950672833
39.0000000000 1.0000000000 8.4872070007 257.2348300213 534.8640350442
40.0000000000 1.0000000000 -39.1076160166 342.8777451454 482.9355782048
41.0000000000 1.0000000000 -47.0358800236 356.4257931792 472.3024522375
42.0000000000 1.0000000000 -76.7416339685 295.2952298789 509.1490697911
43.0000000000 1.0000000000 -100.3456551070 410.1315544374 417.1860304450
44.0000000000 1.0000000000 -108.5208370389 376.2876521350 446.0405331600
45.0000000000 1.0000000000 -212.3187030903 343.3747951460 435.1273891851
46.0000000000 1.0000000000 -212.6842970393 279.1550400516 478.7057340885
47.0000000000 1.0000000000 -223.4965630047 355.9594330076 419.1222910089
48.0000000000 1.0000000000 -230.2711679334 299.8486329133 457.5885848677
49.0000000000 1.0000000000 -319.8046423854 -295.8113833565 403.1649074858
50.0000000000 1.0000000000 -288.0145821379 295.7611981416 426.4906102042
51.0000000000 1.0000000000 -342.4937519010 -277.5158529197 397.4975568851
52.0000000000 1.0000000000 -309.3495678488 231.0478028870 450.8226747796
53.0000000000 1.0000000000 -327.4211094374 -95.4853661276 485.7975796490
54.0000000000 1.0000000000 -327.0774100297 56.5853220051 492.0770220447
55.0000000000 1.0000000000 364.3750231024 -185.5595230522 430.2555431210
56.0000000000 1.0000000000 361.9444512640 4.9070020036 470.4183903432
57.0000000000 1.0000000000 345.8983161306 -121.8100630460 466.7311751762
58.0000000000 1.0000000000 351.2979810551 218.3922020342 425.6946100667
59.0000000000 1.0000000000 318.7030400428 -209.4468010281 454.8425400610
60.0000000000 1.0000000000 300.6247600337 -264.1421190296 438.3777150492
61.0000000000 1.0000000000 334.9371670358 58.1534320062 486.5764060520
62.0000000000 1.0000000000 239.2752750843 -359.0836991266 407.5874951436
63.0000000000 1.0000000000 289.2617931521 -136.2930990716 500.0731272629
64.0000000000 1.0000000000 290.7739871270 -63.7239040278 513.5280702243
65.0000000000 1.0000000000 298.7152551258 194.0865910818 474.7851282000
66.0000000000 1.0000000000 278.0658930696 275.8853110690 445.9685871116
67.0000000000 1.0000000000 133.8620390410 -432.1252311324 384.2786301177
68.0000000000 1.0000000000 145.9070330999 -406.3797982783 407.2934122789
69.0000000000 1.0000000000 247.9955749037 176.7036459314 509.5049978021
70.0000000000 1.0000000000 106.1838729951 -395.5246309818 429.6586759802
71.0000000000 1.0000000000 175.1443601802 327.9811793375 462.6814514761
72.0000000000 1.0000000000 31.5386690071 -445.9395801007 390.4670660881
73.0000000000 1.0000000000 -72.8411019865 -444.2718499178 386.8307429284
74.0000000000 1.0000000000 -75.9644370592 -394.6587883077 436.8010663406
75.0000000000 1.0000000000 -226.4300050432 -385.6345440736 390.3034430745
76.0000000000 1.0000000000 -203.2960570729 174.5428730626 529.6478311900
77.0000000000 1.0000000000 -243.1175150964 241.9152170959 484.4504391920
78.0000000000 1.0000000000 -297.6718998261 -191.8276668879 476.3558677216
79.0000000000 1.0000000000 -284.3115518067 -101.9586169307 510.9723166527
80.0000000000 1.0000000000 -276.1515198226 61.7332049604 521.7764616649
81.0000000000 1.0000000000 -383.0043609817 -160.7340619923 424.0206919798
82.0000000000 1.0000000000 -351.9439591886 -70.8554740380 472.6904672533
83.0000000000 1.0000000000 402.0311454344 5.9342840064 436.6429534718
84.0000000000 1.0000000000 339.8305009644 -53.3750409944 483.7227119494
85.0000000000 1.0000000000 259.8883210699 -289.0682060777 448.5743631206
86.0000000000 1.0000000000 271.7265979684 -165.4994139808 501.0947279418
87.0000000000 1.0000000000 293.3397530769 50.1329240131 513.5755111347
88.0000000000 1.0000000000 231.1760112059 -174.2292751552 518.1921824616
89.0000000000 1.0000000000 260.8236471537 -13.1424980077 533.0287293140
90.0000000000 1.0000000000 200.5735640504 -291.9372750734 476.3026341197
91.0000000000 1.0000000000 179.5897820478 -243.1809520648 510.8148991361
92.0000000000 1.0000000000 233.6617331865 142.1480181135 526.7992614205
93.0000000000 1.0000000000 113.4712271017 -353.3505083165 463.2375474150
94.0000000000 1.0000000000 155.7963130813 -137.4585160717 556.0161792900
95.0000000000 1.0000000000 187.8968459747 -3.2233149996 563.0326029243
96.0000000000 1.0000000000 167.6636741099 -20.3363540133 569.0313273731
97.0000000000 1.0000000000 140.8256309828 -98.6803139880 568.1123689307
98.0000000000 1.0000000000 175.6101641371 126.8322060990 552.6264454316
99.0000000000 1.0000000000 33.7021739785 -423.6045417297 414.4208997356
100.0000000000 1.0000000000 61.1686019741 -333.8124588586 486.9794357937
101.0000000000 1.0000000000 77.0127989918 -259.3212839723 528.3396889436
102.0000000000 1.0000000000 49.1383809861 -244.4049239307 538.6770638472
103.0000000000 1.0000000000 72.4559259896 -164.1893779764 565.7855719186
104.0000000000 1.0000000000 39.1816270012 -195.3441040060 559.1304030172
105.0000000000 1.0000000000 68.6641340592 -111.8271610964 578.8793044993
106.0000000000 1.0000000000 105.3658890048 162.4527400075 561.0957700258
107.0000000000 1.0000000000 -37.1958360280 -357.1448382691 472.6366053561
108.0000000000 1.0000000000 -50.0033140563 -388.0848914370 446.3307205025
109.0000000000 1.0000000000 44.0135370175 8.7088580035 591.8684742357
110.0000000000 1.0000000000 7.5895579973 -66.9964619763 589.7246807915
111.0000000000 1.0000000000 10.2652449991 56.4168319949 590.7902269464
112.0000000000 1.0000000000 -71.7719200623 -296.0795722569 509.4183004421
113.0000000000 1.0000000000 -70.6732890522 -187.2762451383 558.7971194128
114.0000000000 1.0000000000 -52.3859310281 -86.0136870461 584.9604143133
115.0000000000 1.0000000000 -120.5737911546 -277.9337993563 510.4273606543
116.0000000000 1.0000000000 -86.4711760488 -148.3794140837 568.1792073206
117.0000000000 1.0000000000 -46.6654780217 255.8829801190 533.5424632482
118.0000000000 1.0000000000 -126.7547889133 -230.2019088425 532.2232906359
119.0000000000 1.0000000000 -162.1761920194 -367.6672810441 436.8534990524
120.0000000000 1.0000000000 -85.2203210815 -59.2388890567 584.4224305591
121.0000000000 1.0000000000 -62.3994080529 56.2296810477 587.5932804981
122.0000000000 1.0000000000 -178.3316759570 -305.1209079265 476.8861198851
123.0000000000 1.0000000000 -103.0208760916 -2.4225800022 584.5529545200
124.0000000000 1.0000000000 -142.0820380804 -141.6055110801 558.6429093161
125.0000000000 1.0000000000 -177.6832761694 -187.3854821786 534.4498675095
126.0000000000 1.0000000000 -153.6449631377 -85.9947100771 566.8504755081
127.0000000000 1.0000000000 -120.8968670581 174.2242390837 554.3926302665
128.0000000000 1.0000000000 -229.6954791024 -190.8653940851 512.9636582286
129.0000000000 1.0000000000 -190.4714691116 -46.1535930270 560.2783163283
130.0000000000 1.0000000000 -267.7612662462 -261.1541132402 460.8945214238
131.0000000000 1.0000000000 -268.6529709555 -236.0185769609 473.7532469215
132.0000000000 1.0000000000 -269.0290591593 -166.0174150983 502.3772582975
133.0000000000 1.0000000000 -242.4132351337 -39.1184210216 540.3951322980
