0.0000000000 1209.4920106127 234.6639030000 2930.9782149675 391.6899708805
1.0000000000 5965.1536485336 297.2270240000 5968.1903823100 351.5630236455
2.0000000000 6705.3451062896 315.4886260000 9689.1376113423 453.4913112440
3.0000000000 14646.8176266101 397.5465540000 14647.5233083190 457.3044589011
4.0000000000 2914.0426554463 200.3585420000 2886.9724284314 233.2574053999
5.0000000000 2163.2519086368 155.3771710000 2283.9518006279 203.5149296321
6.0000000000 6939.7539708964 305.1261410000 6673.4657756267 315.3334043969
7.0000000000 13342.2184093209 390.1086900000 13659.5367159112 452.0032732673
8.0000000000 4223.7849311009 256.4118090000 4034.2795777257 250.0466692183
9.0000000000 5062.2441226620 284.6308000000 5177.8946400363 298.6654969940
10.0000000000 7744.6820725644 274.5877020000 7479.9387486485 350.3823931168
11.0000000000 7309.1386800512 294.1473610000 7415.9977234205 330.0106261443
12.0000000000 10075.7473061954 367.0015520000 9870.1019159897 372.4342204668
13.0000000000 4678.9286177136 223.1692230000 4466.7188037924 269.1887479260
14.0000000000 6798.1328275829 304.6379226028 6676.5436382073 318.5886256800
15.0000000000 14519.6232237678 336.1474770000 14595.1719138431 446.9880133635
16.0000000000 3756.5193974239 240.2420980000 3682.3937157490 330.6038753103
17.0000000000 12805.8030086130 395.0876750000 12323.0303713546 426.3523852875
18.0000000000 6300.1147908047 302.7175060000 6071.3365323493 320.4185672596
19.0000000000 13771.4319013503 354.0647120000 13469.1883784018 459.8482478492
20.0000000000 21712.3868942610 449.4589730000 21938.8192650062 546.2892710384
21.0000000000 4501.0789740640 251.3252060000 4506.4354758705 273.0424954460
22.0000000000 13959.4058465392 482.8976895571 14249.2698545379 466.2327973999
23.0000000000 7184.5889389233 303.9134660000 7006.1327039309 321.1305904083
24.0000000000 16966.8275395201 392.8691610000 16975.1497031223 503.4180887606
25.0000000000 11937.3381991970 342.8877690000 12036.8421103057 425.6095915032
26.0000000000 5326.1905571174 267.7881020000 5326.0186301187 301.6832373456
27.0000000000 6334.4324153936 328.8084040000 5808.7849652508 302.8762412576
28.0000000000 20594.9070492662 456.0673900000 20545.3474819400 528.5335168923
29.0000000000 12437.2552600431 363.1772043283 12220.1886982573 431.2731319016
30.0000000000 21762.2138363896 529.9313737163 22089.3915249984 573.4065072699
31.0000000000 3893.7590104447 237.0329580000 4094.3254100201 265.5261988115
32.0000000000 13079.8185581188 463.0640747421 12905.1556610143 445.0458350761
33.0000000000 9193.4094926886 335.1648305602 9141.5539809305 359.6975509999
34.0000000000 6199.4928134732 338.0550140000 6253.6770044203 342.1835121438
35.0000000000 6687.0407286356 275.6302800000 6659.7295136338 333.3502616437
36.0000000000 12072.1532255465 349.9596260000 12409.1191791948 443.9118395512
37.0000000000 14661.2339194917 409.5403240000 14396.7291172223 477.2629329186
38.0000000000 15766.6435517998 399.5471790000 16204.0748690789 475.8365303582
39.0000000000 7347.2701572115 335.4136850000 7325.6351645834 348.6612850295
40.0000000000 31494.8615708528 568.2146840000 31317.6168397065 663.6913213142
41.0000000000 5932.4035006248 282.3745800000 5927.6439081797 312.5940038262
42.0000000000 14137.5445767336 369.7756230000 14489.3051832019 450.3127007058
43.0000000000 9787.5524562240 313.4552420000 9502.0001269569 373.4311334124
44.0000000000 14484.1504533141 416.6756044134 16244.3077795226 470.6647491187
45.0000000000 8418.6466008321 305.0906300000 8239.7307847238 409.6967733807
46.0000000000 7322.8652419282 336.9673130000 6936.3375781785 343.5614158842
47.0000000000 6422.0914649126 263.2489340000 6716.1524554781 316.5212715349
48.0000000000 6055.0532725452 280.8303680000 6139.4516064287 303.9436131631
49.0000000000 14905.3822299982 436.8779980000 13877.7227057888 481.2555715749
50.0000000000 13991.4689109541 379.4028960000 13755.5036864513 442.7753309818
51.0000000000 19214.5772029154 450.4003210000 19864.7272055278 542.0507131719
52.0000000000 14976.4326972706 406.2310230000 14366.8278329424 464.8638719706
53.0000000000 4849.3169258364 257.1958200000 5109.5620613741 297.3687613265
54.0000000000 34462.3558863762 552.3375620000 34038.4204121500 689.7078268212
55.0000000000 4214.8831557202 285.0614440000 4788.6453473999 326.5075145180
56.0000000000 17257.8113100239 407.5086700000 17352.2131339442 481.7127612681
57.0000000000 2938.1818140133 222.0641250000 2991.1811057268 221.5317261118
58.0000000000 -40683.1196329662 325.1446450000 -39572.5733246964 1945.4189677315
59.0000000000 2738.9487254347 189.6996620000 3084.2967433839 229.7848245811
60.0000000000 -24286.0242434348 442.1747770000 -24847.2283429089 2441.4584053763
61.0000000000 -16789.6716554384 283.7693880000 -17800.8782168288 2395.9924173172
62.0000000000 -11205.4339521955 259.4088370000 -11361.7995086694 1965.8031273081
63.0000000000 -24185.2998619473 375.7825250000 -24141.4710132150 2225.2301975213
64.0000000000 18967.3400121489 188.1723710000 17814.3841598984 1885.1381127772
65.0000000000 46087.0112299002 376.2258290000 47874.9757956542 3856.8344079293
66.0000000000 79.5892453804 320.7944660000 0.0000000000 2147.4996335858
67.0000000000 128.5775070501 348.4334790000 0.0000000000 3918.9986124155
