0.0000000000 1.0000000000 343.1889830751 167.7398420367 454.3192640995
1.0000000000 1.0000000000 384.8662510261 -451.8841613330 0.0000000000
2.0000000000 1.0000000000 384.8662510261 -451.8841613330 0.0000000000
3.0000000000 1.0000000000 384.8662510261 -451.8841613330 0.0000000000
4.0000000000 1.0000000000 384.8662510261 -451.8841613330 0.0000000000
5.0000000000 1.0000000000 384.8662510261 -451.8841613330 0.0000000000
6.0000000000 1.0000000000 384.8662510261 -451.8841613330 0.0000000000
7.0000000000 1.0000000000 510.4232278818 32.6589329924 301.2023389303
8.0000000000 1.0000000000 454.0270491664 49.0346560180 379.1785431390
9.0000000000 1.0000000000 437.4424212093 -86.9464930416 391.6704761874
10.0000000000 1.0000000000 422.9419264395 -129.5169631346 395.8115834113
11.0000000000 1.0000000000 430.3549258805 188.7634319476 362.6076818993
12.0000000000 1.0000000000 391.7829920988 -213.3352310538 391.5552230987
13.0000000000 1.0000000000 428.1326053756 155.2752881362 380.6749053340
14.0000000000 1.0000000000 423.3883244074 58.6766730565 411.8503383963
15.0000000000 1.0000000000 408.9379532394 165.1277530967 397.2705652326
16.0000000000 1.0000000000 393.9384023382 235.6934442023 376.2744503230
17.0000000000 1.0000000000 401.9878419219 135.1904649737 415.2717659193
18.0000000000 1.0000000000 395.3008329800 204.3714799897 392.7987729801
19.0000000000 1.0000000000 346.3159559676 -279.5501229738 392.7318599632
20.0000000000 1.0000000000 378.9952878565 -154.5130449415 429.8948908373
21.0000000000 1.0000000000 353.9929778934 172.5780369480 444.1025998662
22.0000000000 1.0000000000 266.0197141097 -366.1930381509 384.0019491583
23.0000000000 1.0000000000 325.8488549157 306.0896929208 390.4522378990
24.0000000000 1.0000000000 317.9248791445 268.3796801220 423.3408141924
25.0000000000 1.0000000000 273.7374823987 259.0032313773 458.5918046680
26.0000000000 1.0000000000 235.3517231786 365.7354272775 403.9411963065
27.0000000000 1.0000000000 234.6156889586 335.0488369408 430.1384449240
28.0000000000 1.0000000000 227.6356290558 257.9338050632 483.7080721185
29.0000000000 1.0000000000 176.8800980219 296.1990990366 483.0122680597
30.0000000000 1.0000000000 143.3531920930 396.5632702572 417.7424582709
31.0000000000 1.0000000000 138.7610231540 357.9169653972 452.7274575025
32.0000000000 1.0000000000 123.9119049035 281.7846167806 507.5082226049
33.0000000000 1.0000000000 95.0204120353 199.1509640740 551.0275322047
34.0000000000 1.0000000000 77.2082270251 364.8582001186 461.7777711501
35.0000000000 1.0000000000 64.6132090332 307.4077641580 503.6337222589
36.0000000000 1.0000000000 49.9206230473 335.1806623177 487.3224614620
37.0000000000 1.0000000000 21.8530400188 396.5629503406 441.1140413789
38.0000000000 1.0000000000 15.8725140049 418.6333071288 420.4944041294
39.0000000000 1.0000000000 8.7228600066 259.9652521978 533.5384764060
40.0000000000 1.0000000000 -38.1182120073 341.7223640652 483.8327750924
41.0000000000 1.0000000000 -48.3701810268 359.8991111997 469.5255922606
42.0000000000 1.0000000000 -75.7071280272 301.2624131083 505.7971091818
43.0000000000 1.0000000000 -101.2186020107 408.5333170433 418.5410970444
44.0000000000 1.0000000000 -108.5432619725 374.4288459051 447.5966108865
45.0000000000 1.0000000000 -206.2426550610 339.7958141005 440.8220711304
46.0000000000 1.0000000000 -214.9189348647 281.6022758227 476.2681347001
47.0000000000 1.0000000000 -228.5387711219 359.7564661920 413.1181932204
48.0000000000 1.0000000000 -233.1773560645 299.4452340828 456.3794461262
49.0000000000 1.0000000000 -314.9633671010 -295.2684060947 407.3523931306
50.0000000000 1.0000000000 -282.9957808309 304.6266938179 423.6003917468
51.0000000000 1.0000000000 -352.9006848451 -258.9376998864 400.9160768240
52.0000000000 1.0000000000 -313.1334780091 229.3364300067 449.0807870131
53.0000000000 1.0000000000 -326.7321788865 -99.8403049653 485.3857468314
54.0000000000 1.0000000000 -327.0597293852 53.0295830625 492.4846425801
55.0000000000 1.0000000000 368.9441912564 -184.7969701284 426.6750402965
56.0000000000 1.0000000000 365.0783871263 7.7363450027 467.9521841618
57.0000000000 1.0000000000 348.8588493321 -120.1957421144 464.9428064427
58.0000000000 1.0000000000 354.0387170704 220.0075410437 422.5808740840
59.0000000000 1.0000000000 320.8100790935 -212.4041810619 451.9808441317
60.0000000000 1.0000000000 300.8105733442 -264.1435593023 438.2493645015
61.0000000000 1.0000000000 334.5167037922 60.4564569624 486.5849546977
62.0000000000 1.0000000000 240.6362341777 -359.2213912652 406.6638923003
63.0000000000 1.0000000000 293.3739542227 -137.2029761041 497.4217453776
64.0000000000 1.0000000000 295.1213710477 -63.4869990103 511.0715250825
65.0000000000 1.0000000000 302.9070642707 195.2822681745 471.6285324215
66.0000000000 1.0000000000 279.5481581411 276.1872111394 444.8536592246
67.0000000000 1.0000000000 130.2095250876 -432.4329712911 385.1863592593
68.0000000000 1.0000000000 143.8363930693 -406.5558111959 407.8538841965
69.0000000000 1.0000000000 251.8780989111 179.3854669367 506.6553108212
70.0000000000 1.0000000000 105.4065270930 -393.9273433474 431.3143153804
71.0000000000 1.0000000000 176.9979000066 331.0439060123 459.7858220171
72.0000000000 1.0000000000 31.3545090023 -449.4515680330 386.4343530284
73.0000000000 1.0000000000 -72.8843650142 -443.2335700866 388.0118530758
74.0000000000 1.0000000000 -76.5849830248 -396.4015671285 435.1113241410
75.0000000000 1.0000000000 -229.6837280523 -387.9359690884 386.0989450879
76.0000000000 1.0000000000 -204.0872649497 174.8971189569 529.2265228695
77.0000000000 1.0000000000 -238.2157389761 238.5969399760 488.5141639510
78.0000000000 1.0000000000 -297.6216780298 -193.4934750194 475.7130840477
79.0000000000 1.0000000000 -283.4339210810 -102.5539970293 511.3406071461
80.0000000000 1.0000000000 -278.0877122864 55.7285740574 521.4238935371
81.0000000000 1.0000000000 -382.6418048179 -164.5386629217 422.8872237987
82.0000000000 1.0000000000 -351.4514878536 -64.9071239730 473.9095308026
83.0000000000 1.0000000000 404.2136622793 4.3812990030 434.6417443003
84.0000000000 1.0000000000 342.6905931756 -51.8522580266 481.8670222469
85.0000000000 1.0000000000 260.9698081733 -290.2266141927 447.1963752970
86.0000000000 1.0000000000 276.2157591190 -165.2123250712 498.7294542149
87.0000000000 1.0000000000 295.8717259138 54.4549329841 511.6794978510
88.0000000000 1.0000000000 230.4012781646 -175.5462081254 518.0927583701
89.0000000000 1.0000000000 263.9445800438 -14.6241890024 531.4515200882
90.0000000000 1.0000000000 203.4080911922 -291.7582492756 475.2090054489
91.0000000000 1.0000000000 182.3580630033 -243.6665540044 509.6012890092
92.0000000000 1.0000000000 235.7631841492 144.1248420912 525.3237833323
93.0000000000 1.0000000000 114.9488879482 -356.9779128391 460.0813507926
94.0000000000 1.0000000000 160.3484080684 -136.2569200582 555.0169062369
95.0000000000 1.0000000000 189.4767389431 0.0116260000 562.5121258310
96.0000000000 1.0000000000 168.8928321003 -14.0072070083 568.8588013378
97.0000000000 1.0000000000 145.3405530660 -98.0287490445 567.0871312574
98.0000000000 1.0000000000 178.1703639395 131.6348639553 550.6804068130
99.0000000000 1.0000000000 34.2676830446 -422.9964825505 414.9952145401
100.0000000000 1.0000000000 65.7208811019 -334.5991765186 485.8451227530
101.0000000000 1.0000000000 79.7872330030 -260.0341620099 527.5770640201
102.0000000000 1.0000000000 50.0941980459 -246.2835322255 537.7325724923
103.0000000000 1.0000000000 76.0668239739 -164.3640709436 565.2606628060
104.0000000000 1.0000000000 41.6718419923 -196.6219599638 558.5020938972
105.0000000000 1.0000000000 72.1688550932 -107.7064181391 579.2342447480
106.0000000000 1.0000000000 107.2023490559 168.0640270877 559.0916432916
107.0000000000 1.0000000000 -36.2162040209 -359.7281702079 470.7497812721
108.0000000000 1.0000000000 -50.7984990245 -390.6869911885 443.9645412142
109.0000000000 1.0000000000 47.0392990320 7.1203380048 591.6569374019
110.0000000000 1.0000000000 10.8965040019 -68.2340250119 589.5309241030
111.0000000000 1.0000000000 13.5140250152 60.8102850685 590.2887486649
112.0000000000 1.0000000000 -71.1090070344 -294.9046201425 510.1922192466
113.0000000000 1.0000000000 -68.2002300531 -188.7401831469 558.6118494348
114.0000000000 1.0000000000 -50.5498030534 -86.2444130912 585.0879806186
115.0000000000 1.0000000000 -119.9374961028 -276.8437482373 511.1691134381
116.0000000000 1.0000000000 -89.3284539598 -147.5071839336 567.9642457441
117.0000000000 1.0000000000 -42.7813700054 259.2766770329 532.2280390676
118.0000000000 1.0000000000 -127.1731250628 -233.8382681155 530.5355662621
119.0000000000 1.0000000000 -163.1471879840 -367.8666779640 436.3237659573
120.0000000000 1.0000000000 -86.5508200989 -58.6902580670 584.2822396674
121.0000000000 1.0000000000 -63.4176510706 63.1774850703 586.7777546529
122.0000000000 1.0000000000 -181.2496149827 -305.6868249709 475.4213589547
123.0000000000 1.0000000000 -104.8003780487 1.2000760006 584.2403332713
124.0000000000 1.0000000000 -141.6572471716 -140.7848361705 558.9581206770
125.0000000000 1.0000000000 -180.1239540888 -189.1776070933 532.9995502629
126.0000000000 1.0000000000 -153.4366590604 -86.5568520341 566.8213382230
127.0000000000 1.0000000000 -122.1966959446 172.5510619218 554.6308907485
128.0000000000 1.0000000000 -228.5056349817 -194.8440009844 511.9983559589
129.0000000000 1.0000000000 -193.1600202103 -47.1755960514 559.2718446088
130.0000000000 1.0000000000 -268.2276069984 -262.6310069985 459.7828089973
131.0000000000 1.0000000000 -267.0849641583 -237.7285391409 473.7848562808
132.0000000000 1.0000000000 -268.9065090272 -165.9269820168 502.4727380507
133.0000000000 1.0000000000 -241.6137630663 -40.2572940110 540.6694611483
