0.0000000000 1251.4510078907 234.6639030000 1290.3834658215 239.5986385855
1.0000000000 3950.7410726605 297.2270240000 4029.8127839337 294.5326335380
2.0000000000 6009.6486405898 315.4886260000 6104.6875987357 317.4430229676
3.0000000000 11674.3611229593 397.5465540000 12112.2667156821 417.4583679551
4.0000000000 2265.1945077906 200.3585420000 2283.2342750434 208.0016931710
5.0000000000 1845.8339721663 155.3771710000 1890.0473879186 178.9545630122
6.0000000000 6273.7783249948 305.1261410000 6648.7066349297 328.3008414174
7.0000000000 10995.6663666260 390.1086900000 11364.8005618103 414.5271699897
8.0000000000 4385.3426219189 256.4118090000 4013.0280243289 250.8075807667
9.0000000000 5298.8313581048 284.6308000000 5373.7327711626 304.0067706003
10.0000000000 4476.5364602577 274.5877020000 4849.3759936368 288.0856133386
11.0000000000 6097.9605613934 294.1473610000 6024.4902182149 297.6257116149
12.0000000000 9862.6997644605 355.7269688512 9588.9014547491 367.2237969712
13.0000000000 3401.9306107437 223.1692230000 3836.3377304053 249.8494572086
14.0000000000 7123.0998054299 317.8460880000 7119.6566960647 321.1785733596
15.0000000000 8557.2280698820 336.1474770000 8473.6418482142 349.5963373091
16.0000000000 2659.4829377796 240.2420980000 2984.3230088771 253.9717058930
17.0000000000 10815.8980785053 395.0876750000 10744.1114088332 399.4001909786
18.0000000000 6652.1905439649 302.7175060000 6335.8109447759 318.8617790651
19.0000000000 7554.6253290734 295.1085048841 6709.2993802738 323.4863546013
20.0000000000 15445.1528627012 449.4589730000 15509.9914733739 461.6190103101
21.0000000000 4063.7448552881 251.3252060000 3839.6741309575 249.1698541736
22.0000000000 13348.3435971774 453.4223750000 13132.6696524819 455.0895722990
23.0000000000 6467.8421422531 303.9134660000 6131.0557590808 295.4016807645
24.0000000000 11635.6331400852 392.8691610000 12024.0897053079 423.2845714893
25.0000000000 7755.0028721428 342.8877690000 7595.4044771553 341.5261349466
26.0000000000 4239.4288560970 267.7881020000 4575.0625539633 284.1002575370
27.0000000000 7570.3617860160 328.8084040000 7374.3246588880 331.2772947467
28.0000000000 13636.7772883327 368.9688007741 12408.3369261339 415.4270492011
29.0000000000 8672.0165821120 358.7815600000 8660.8944650522 368.5176262169
30.0000000000 15410.7768217127 482.9105670000 15174.7945869974 490.4763949025
31.0000000000 3241.6630830035 237.0329580000 3125.0547350438 233.0901488555
32.0000000000 11108.5329362206 403.1799770000 11400.1943161822 413.2053393169
33.0000000000 8130.9549658308 328.3390540000 7783.5587103253 325.4607995422
34.0000000000 6632.3882611303 338.0550140000 6187.2689884180 328.0713001556
35.0000000000 4463.9136818219 275.6302800000 4221.3020768472 276.7630111200
36.0000000000 7112.2000549854 349.9596260000 7062.9026790055 347.2025940489
37.0000000000 10083.3494728714 409.5403240000 10369.9097932507 416.0235525894
38.0000000000 11676.1799312154 399.5471790000 11614.9190777028 405.6825867242
39.0000000000 5932.7154442367 335.4136850000 5791.4281881140 322.9343788837
40.0000000000 23279.5168834572 568.2146840000 22977.6646585852 575.2079058986
41.0000000000 5513.6355501531 282.3745800000 5528.7996238155 293.5712814705
42.0000000000 10517.8342860729 369.7756230000 11366.8964964742 398.6933777202
43.0000000000 6496.8945020854 313.4552420000 6473.2058542840 309.0884335092
44.0000000000 12548.5947900313 413.1970710000 12588.6167233464 417.2517533604
45.0000000000 5103.3633826980 305.0906300000 4846.7638185873 298.1709276595
46.0000000000 7226.8498455927 336.9673130000 7041.5873366290 334.9922320485
47.0000000000 4724.8243486412 263.2489340000 4592.0053679391 263.0352753043
48.0000000000 5258.5018860958 280.8303680000 5314.3048941523 282.5579534070
49.0000000000 12795.9398792386 436.8779980000 13163.4646277169 447.6275872747
50.0000000000 9751.6743577252 379.4028960000 9571.7359545523 374.4865656974
51.0000000000 13409.9585117944 450.4003210000 13570.1290454843 454.3057911508
52.0000000000 10027.6535444307 406.2310230000 10304.1639672432 416.0535040076
53.0000000000 4310.7541371886 257.1958200000 4237.0906929542 266.0260409741
54.0000000000 22440.2596360129 552.3375620000 22723.0374626888 562.6231832519
55.0000000000 3613.1740701783 285.0614440000 3477.0558284764 285.2149255013
56.0000000000 12694.6685001165 407.5086700000 12586.6006883391 415.7336313129
57.0000000000 3129.3755420358 222.0641250000 3242.7908616287 233.5434261949
58.0000000000 5381.3630383611 325.1446450000 1030.8892001133 2050.0528782634
59.0000000000 1932.4884746996 189.6996620000 1895.0143594202 184.1882430789
60.0000000000 13639.0078942307 442.1747770000 13314.4736445268 440.3534909854
61.0000000000 5595.3968374691 283.7693880000 5895.0588315630 292.1126600552
62.0000000000 -629.1855724121 259.4088370000 -12354.6884609019 1938.0177169003
63.0000000000 10096.3115908119 375.7825250000 10329.3407230685 382.5325112743
64.0000000000 1848.7413864009 188.1723710000 1809.4227477333 195.9934993173
65.0000000000 14526.9741422650 376.2258290000 26392.0512114116 2116.8353322622
66.0000000000 5009.7699561732 320.7944660000 4935.8156550195 317.3260385239
67.0000000000 7939.8589822271 348.4334790000 7964.3764207965 352.4836016445
