0.0000000000 1.0000000000 320.2575611335 142.2395690593 479.0869711996
1.0000000000 1.0000000000 426.7304368829 -412.5802475644 0.0000000000
2.0000000000 1.0000000000 -256.8722421610 -154.8483390971 512.2108643211
3.0000000000 1.0000000000 -253.3461000839 195.8164420649 499.7929581656
4.0000000000 1.0000000000 -272.8454450419 80.9374150124 520.8894550800
5.0000000000 1.0000000000 -283.5188188291 -32.8060619802 520.4442026862
6.0000000000 1.0000000000 -317.7526961569 84.3364940416 494.2083632440
7.0000000000 1.0000000000 443.1875634326 79.2576780774 386.8130433776
8.0000000000 1.0000000000 430.3792933083 53.0009630380 405.3219562904
9.0000000000 1.0000000000 423.0156279614 -68.1028229938 410.7810979625
10.0000000000 1.0000000000 403.0531430431 -116.5217240124 419.8716210449
11.0000000000 1.0000000000 411.8944814345 187.1538541974 384.2365124053
12.0000000000 1.0000000000 382.6776899074 -187.6615959546 413.1128629000
13.0000000000 1.0000000000 402.3475451063 168.4921810445 402.5520641064
14.0000000000 1.0000000000 404.4119971269 47.2137610148 431.9063831355
15.0000000000 1.0000000000 386.1969894441 160.3579471844 421.2582824844
16.0000000000 1.0000000000 378.2970439615 225.1833019771 398.1270569595
17.0000000000 1.0000000000 382.1823582280 124.4439740742 436.7741622606
18.0000000000 1.0000000000 375.7158782639 188.0500291321 419.2804452945
19.0000000000 1.0000000000 330.9090767900 -264.9063198319 415.5058977363
20.0000000000 1.0000000000 357.5206120470 -150.9986700199 449.1099420591
21.0000000000 1.0000000000 329.9393593904 153.9893861822 468.7735215547
22.0000000000 1.0000000000 257.0729729612 -337.9108579490 414.7903869374
23.0000000000 1.0000000000 305.2110500586 293.0242170563 416.2983900800
24.0000000000 1.0000000000 300.9623674265 248.3123183519 447.3074696339
25.0000000000 1.0000000000 253.7778723272 223.6185482883 487.7631216288
26.0000000000 1.0000000000 224.9451891475 344.9253592261 427.4897482802
27.0000000000 1.0000000000 229.8109280699 285.8426430869 466.6928831419
28.0000000000 1.0000000000 208.4693762263 214.3387482326 512.7579805566
29.0000000000 1.0000000000 167.3102900591 241.2460600852 515.8768571823
30.0000000000 1.0000000000 148.2460550812 367.9761982015 441.5177812417
31.0000000000 1.0000000000 136.9709301312 313.1000022999 485.3129704648
32.0000000000 1.0000000000 123.2975490270 227.9632990500 533.9960441171
33.0000000000 1.0000000000 115.3619430965 138.0841121155 565.6374514730
34.0000000000 1.0000000000 92.8714571052 313.3287253548 495.5010885611
35.0000000000 1.0000000000 82.9276770673 239.0129261939 536.9517184357
36.0000000000 1.0000000000 67.6778210008 274.3220390031 522.0042700059
37.0000000000 1.0000000000 38.7561290502 349.1498624523 478.4492266198
38.0000000000 1.0000000000 31.0495190234 368.5237952772 464.2708973492
39.0000000000 1.0000000000 23.4000850117 203.1477671016 557.2295282786
40.0000000000 1.0000000000 -1.6413480003 277.6914580507 524.6008830959
41.0000000000 1.0000000000 -10.6308450017 294.3646480477 515.3229720834
42.0000000000 1.0000000000 -27.9860229878 233.7466438982 544.8858737628
43.0000000000 1.0000000000 -73.9985510455 363.3279232235 463.5065922852
44.0000000000 1.0000000000 -72.7889559704 322.5414908688 492.9402407995
45.0000000000 1.0000000000 -144.8042790201 277.2610380385 504.4594770701
46.0000000000 1.0000000000 -150.8963830738 206.3729991010 535.6881492621
47.0000000000 1.0000000000 -165.9352349327 287.9529478833 491.8027288006
48.0000000000 1.0000000000 -167.7655440966 233.5181211344 519.2738542989
49.0000000000 1.0000000000 -239.8270010874 -271.2479950989 470.3497221715
50.0000000000 1.0000000000 -205.2005641841 237.4853172131 503.8003364521
51.0000000000 1.0000000000 -276.4971643888 -214.5497893017 479.4153026741
52.0000000000 1.0000000000 -232.2660410592 161.6443940412 521.7709291330
53.0000000000 1.0000000000 -248.2407521071 -91.5155700395 531.3405272292
54.0000000000 1.0000000000 -247.9773931645 26.2316980174 538.6468573574
55.0000000000 1.0000000000 352.1077790302 -172.3900110148 445.6715410382
56.0000000000 1.0000000000 357.8918720473 -2.8250590004 473.5258740625
57.0000000000 1.0000000000 336.8695632819 -119.8538131003 473.7882303964
58.0000000000 1.0000000000 332.5360781861 208.4844591167 445.2811622492
59.0000000000 1.0000000000 301.3865300376 -210.2461460262 466.1373660581
60.0000000000 1.0000000000 278.4676151750 -259.5954731632 455.3979622863
61.0000000000 1.0000000000 325.5093194231 49.7339580647 493.8537666420
62.0000000000 1.0000000000 237.2564189653 -325.7195739524 435.8181699363
63.0000000000 1.0000000000 282.9152378801 -140.2769079406 502.5959447871
64.0000000000 1.0000000000 285.3219590163 -73.7448580042 515.2420810295
65.0000000000 1.0000000000 279.3356212154 166.0853411281 496.6976913830
66.0000000000 1.0000000000 259.0883403158 248.3445673027 472.7785255764
67.0000000000 1.0000000000 168.3561720646 -395.2751951518 409.5546921573
68.0000000000 1.0000000000 172.8480250784 -362.9737781646 436.6862981981
69.0000000000 1.0000000000 228.0622230981 148.2103450638 527.5818822270
70.0000000000 1.0000000000 141.9161250755 -354.1280181883 454.7246272418
71.0000000000 1.0000000000 169.7821660047 286.2537680080 491.4815590137
72.0000000000 1.0000000000 68.2499829983 -406.3710919899 427.2303849894
73.0000000000 1.0000000000 -33.8574550145 -406.4433561746 431.2525911853
74.0000000000 1.0000000000 -18.5837449998 -373.7491389952 460.7467329941
75.0000000000 1.0000000000 -135.4526540029 -375.2698640081 439.4842820095
76.0000000000 1.0000000000 -145.2599959854 118.7452689880 563.1344609433
77.0000000000 1.0000000000 -170.2274020299 172.1111930302 541.9609720952
78.0000000000 1.0000000000 -220.7868871170 -173.6182420920 522.9064762772
79.0000000000 1.0000000000 -203.2725041676 -95.0187250783 549.5207524530
80.0000000000 1.0000000000 -202.8104371651 25.4081290207 557.2644614536
81.0000000000 1.0000000000 -307.0902061963 -154.6202980988 483.8486283092
82.0000000000 1.0000000000 -328.4742810661 -28.8216180058 493.5537330993
83.0000000000 1.0000000000 389.9235051122 5.7121380016 447.4911821288
84.0000000000 1.0000000000 334.2735692816 -61.6876510520 486.5975144100
85.0000000000 1.0000000000 251.3208600093 -280.9788990104 458.4866520169
86.0000000000 1.0000000000 265.6206499733 -165.0740189834 504.4973389493
87.0000000000 1.0000000000 280.1753332484 32.3065850286 522.2828674631
88.0000000000 1.0000000000 243.5405372256 -175.6851101627 512.0000734742
89.0000000000 1.0000000000 257.4071590987 -35.3327730135 533.6801252047
90.0000000000 1.0000000000 211.3613509895 -278.4587989861 479.6961569761
91.0000000000 1.0000000000 206.1712430701 -243.5372120828 500.5041171703
92.0000000000 1.0000000000 221.4530699551 124.9767639747 536.3400718914
93.0000000000 1.0000000000 146.8763260261 -325.7857330579 473.9328300842
94.0000000000 1.0000000000 170.4648060155 -145.7983970132 549.5506380499
95.0000000000 1.0000000000 187.6354389868 -32.1974029977 562.2077869605
96.0000000000 1.0000000000 181.4845341826 -35.8059020360 564.0058755673
97.0000000000 1.0000000000 159.2812130188 -115.7601150136 559.9557280659
98.0000000000 1.0000000000 170.9431510141 104.6514910086 558.7019160461
99.0000000000 1.0000000000 74.0603130399 -386.8055732086 444.0921582395
100.0000000000 1.0000000000 100.5089750721 -312.5691312242 494.4894443547
101.0000000000 1.0000000000 113.8481310741 -249.5643241624 526.3815893426
102.0000000000 1.0000000000 103.3771200252 -245.4564570599 530.4579391294
103.0000000000 1.0000000000 102.7212150519 -183.8398640928 554.9527752802
104.0000000000 1.0000000000 91.1957509722 -200.2108419390 551.2896518322
105.0000000000 1.0000000000 95.2346451101 -132.2185061528 570.7626086597
106.0000000000 1.0000000000 118.9795669848 132.7139459830 566.1732929274
107.0000000000 1.0000000000 22.3935629966 -330.7929499494 492.3371599246
108.0000000000 1.0000000000 2.7841119999 -365.9476069925 467.3284969905
109.0000000000 1.0000000000 75.5920330002 -12.8339740000 588.5936290012
110.0000000000 1.0000000000 44.9031520161 -95.5107710342 584.1084882092
111.0000000000 1.0000000000 51.3174170474 25.8449950239 590.7790495459
112.0000000000 1.0000000000 -9.9151249949 -285.0417128541 520.5518597336
113.0000000000 1.0000000000 -13.8139620115 -203.9628461692 557.2518804622
114.0000000000 1.0000000000 -5.2635060055 -107.7275601135 583.6851846150
115.0000000000 1.0000000000 -57.1384659861 -268.0693899348 526.4934228719
116.0000000000 1.0000000000 -32.8387810000 -169.1937559998 567.9933219992
117.0000000000 1.0000000000 -6.6590449986 201.6688159582 558.2174058844
118.0000000000 1.0000000000 -57.4919079904 -245.4086659589 537.3924019099
119.0000000000 1.0000000000 -102.1363480020 -344.7756040069 472.2491670094
120.0000000000 1.0000000000 -37.1223290171 -85.8077770396 586.1572182703
121.0000000000 1.0000000000 -26.4744449886 19.7881269915 592.6456447450
122.0000000000 1.0000000000 -111.4735080725 -293.2356511908 503.8926833278
123.0000000000 1.0000000000 -52.4275659974 -23.8185619988 590.7667499703
124.0000000000 1.0000000000 -83.5476519923 -170.6436329842 562.3360799478
125.0000000000 1.0000000000 -106.7590120651 -197.4363131204 549.4931683350
126.0000000000 1.0000000000 -90.6014630631 -107.5447660749 576.6687304018
127.0000000000 1.0000000000 -73.8629460402 114.4249480623 577.7304933148
128.0000000000 1.0000000000 -138.2033960150 -198.2813290215 542.1306690587
129.0000000000 1.0000000000 -127.8676660658 -66.0703100340 575.8523252965
130.0000000000 1.0000000000 -192.0884910738 -254.4640380978 500.6709411924
131.0000000000 1.0000000000 -188.1189770748 -229.8241640914 513.9196732044
132.0000000000 1.0000000000 -188.1659749772 -159.6875249807 539.8284789347
133.0000000000 1.0000000000 -168.4873881730 -59.6254260612 566.0195535812
