0.0000000000 1524.2069159489 234.6639030000 893.8354912949 261.6941518633
1.0000000000 6043.1660376896 297.2270240000 6147.6159996237 357.0348154510
2.0000000000 7070.2222411598 315.4886260000 5307.3955149479 304.4393377392
3.0000000000 14731.7602251414 397.5465540000 14656.4653874116 456.5824677323
4.0000000000 2854.1831603941 200.3585420000 2640.9188643636 226.6402153460
5.0000000000 2186.3403744123 155.3771710000 2102.4383998939 196.2851591623
6.0000000000 6864.4856057916 305.1261410000 6708.5497223829 315.2857930684
7.0000000000 13538.4926003236 390.1086900000 13529.8092827506 451.5609391877
8.0000000000 4200.7580747439 256.4118090000 4173.1230012233 253.3102538259
9.0000000000 5130.1822513999 284.6308000000 5087.8422941045 299.3999413228
10.0000000000 7700.2702521584 274.5877020000 7681.9793900568 355.0759209295
11.0000000000 7442.4996952336 294.1473610000 7557.9789955308 333.8690880717
12.0000000000 10121.2668472270 367.0015520000 10155.1078428587 377.3883726441
13.0000000000 4585.0581643173 223.1692230000 4404.4385984031 266.8366426578
14.0000000000 6780.3985013069 309.2067854177 6633.1591278168 319.3624273967
15.0000000000 14669.7491725875 336.1474770000 14808.1138030675 449.6050741525
16.0000000000 3722.6772712122 240.2420980000 3618.8334529035 331.6329920051
17.0000000000 12718.9592883831 395.0876750000 12571.4562431441 428.7256159828
18.0000000000 6347.4898695404 302.7175060000 6519.1923208385 330.7144841608
19.0000000000 13811.1617052894 354.0647120000 13962.1986749082 464.1186031786
20.0000000000 21888.2057334077 449.4589730000 21757.9955123155 544.6192150313
21.0000000000 4531.0799722609 251.3252060000 4496.5443603934 271.6791222602
22.0000000000 14185.5212737042 484.3355097793 14194.6057323467 464.9694551749
23.0000000000 7223.5002495660 303.9134660000 7301.9129834477 329.0675746778
24.0000000000 17082.9378450323 392.8691610000 17112.2853146272 508.3678271579
25.0000000000 12031.2263259719 342.8877690000 11986.3416225105 426.4538320631
26.0000000000 5345.8128775409 267.7881020000 5278.2400621391 304.1755453155
27.0000000000 6199.0280763273 328.8084040000 6058.5108742291 309.2396360693
28.0000000000 20758.0197621011 456.0673900000 20832.8459858829 531.9769620033
29.0000000000 12425.2925179529 363.5153308151 12335.0096842903 434.2991561824
30.0000000000 22040.2419286091 532.0211873482 22126.4250641399 575.3419223911
31.0000000000 3949.8997887040 237.0329580000 3840.9427088174 257.3432640247
32.0000000000 13279.3310696793 464.8787443707 13700.9951516789 457.4127745677
33.0000000000 9353.4093465272 336.2149500310 9636.2512864900 367.9658054719
34.0000000000 6320.8997416294 338.0550140000 6422.6038265608 341.7298091065
35.0000000000 6625.0821787870 275.6302800000 6342.9887535040 325.6672641516
36.0000000000 12409.1985150142 349.9596260000 12895.9053478373 452.0978312859
37.0000000000 14762.8786050155 409.5403240000 15006.8230967800 488.1521016598
38.0000000000 15976.6897402322 399.5471790000 15872.7184962513 471.9742890234
39.0000000000 7339.1285386316 335.4136850000 7147.5394017940 344.0414795040
40.0000000000 31819.1326413041 568.2146840000 32257.6079784922 672.3047257268
41.0000000000 5788.5590880324 282.3745800000 5215.6482115771 299.2567970734
42.0000000000 14459.2558510696 369.7756230000 14803.4689537638 453.1916579298
43.0000000000 9917.1525304353 313.4552420000 10355.1874535302 386.6851353130
44.0000000000 15603.6729436691 418.0670177788 16972.8935311596 481.1133723463
45.0000000000 8235.4495334726 305.0906300000 7698.4749958829 407.7128105484
46.0000000000 7312.2255416601 336.9673130000 7398.9071442533 347.9914255644
47.0000000000 6561.1653962255 263.2489340000 6568.6458050996 313.5307850490
48.0000000000 6223.9581088972 280.8303680000 6490.0920161646 310.8860328313
49.0000000000 14649.1724788993 436.8779980000 14430.3226748346 486.4199914566
50.0000000000 14050.6446255269 379.4028960000 14140.0629594642 446.6103252179
51.0000000000 19504.8269858858 450.4003210000 19375.7454335562 537.2456027598
52.0000000000 14868.0174863336 406.2310230000 14779.2768340547 476.5554984445
53.0000000000 4965.0926462814 257.1958200000 4953.7185593785 290.6169765550
54.0000000000 34857.7441389576 552.3375620000 35748.4762736584 705.7867357971
55.0000000000 4449.7794821536 285.0614440000 4508.6843419303 329.9318547128
56.0000000000 17621.7399953150 407.5086700000 18253.6673345837 493.3648556511
57.0000000000 3019.4522175151 222.0641250000 3122.6320469913 227.2017307770
58.0000000000 -41126.2606571903 325.1446450000 -43647.9839314470 1906.7234044647
59.0000000000 2991.5023146783 189.6996620000 3365.4172506061 249.7658210037
60.0000000000 -24130.3686485970 442.1747770000 -23587.6039427150 2428.0096350988
61.0000000000 -16439.4366329823 283.7693880000 -14658.4773439455 2403.7129270596
62.0000000000 -11325.9472329079 259.4088370000 -11671.6560432081 1974.0397811759
63.0000000000 -24641.0819644089 375.7825250000 -26324.9511240167 2225.1481153425
64.0000000000 19754.8252866291 188.1723710000 23030.5864122238 1897.1061176308
65.0000000000 46420.8184883108 376.2258290000 45562.6705515249 3853.6308153022
66.0000000000 79.3757524792 320.7944660000 0.0000000000 2142.9915876146
67.0000000000 125.8399796100 348.4334790000 0.0000000000 3914.2522522023
