0.0000000000 1.0000000000 344.9463280348 166.1916140167 453.5567270457
1.0000000000 1.0000000000 382.9373734448 -453.5198942293 0.0000000000
2.0000000000 1.0000000000 382.9373734448 -453.5198942293 0.0000000000
3.0000000000 1.0000000000 382.9373734448 -453.5198942293 0.0000000000
4.0000000000 1.0000000000 382.9373734448 -453.5198942293 0.0000000000
5.0000000000 1.0000000000 382.9373734448 -453.5198942293 0.0000000000
6.0000000000 1.0000000000 382.9373734448 -453.5198942293 0.0000000000
7.0000000000 1.0000000000 457.0981001216 63.4224890169 373.3098460993
8.0000000000 1.0000000000 456.0012490330 49.2624640036 376.7723410273
9.0000000000 1.0000000000 437.0231645584 -89.0196771137 391.6727935005
10.0000000000 1.0000000000 422.7570531329 -130.3691040410 395.7293231244
11.0000000000 1.0000000000 429.9349363632 189.0351751597 362.9641573066
12.0000000000 1.0000000000 390.6368763964 -213.5325492167 392.5914003984
13.0000000000 1.0000000000 430.4756439466 154.9727329808 378.1474559531
14.0000000000 1.0000000000 423.1900209829 58.0877339976 412.1375349833
15.0000000000 1.0000000000 409.7231511756 164.9162960707 396.5487121699
16.0000000000 1.0000000000 395.8665133856 232.1259682261 376.4685443667
17.0000000000 1.0000000000 402.1099752950 135.7594430996 414.9677913044
18.0000000000 1.0000000000 397.3336679686 204.8135589838 390.5108049691
19.0000000000 1.0000000000 348.4068668836 -280.1208549064 390.4693178695
20.0000000000 1.0000000000 379.3636783927 -158.2353021638 428.2126984433
21.0000000000 1.0000000000 353.7318254113 172.6678252008 444.2757525166
22.0000000000 1.0000000000 268.0359850974 -366.5870741332 382.2197721389
23.0000000000 1.0000000000 328.2742580711 308.0209040668 386.8855910838
24.0000000000 1.0000000000 320.8584132448 267.3653402040 421.7664993218
25.0000000000 1.0000000000 276.0523960342 259.5738990321 456.8783120565
26.0000000000 1.0000000000 236.8035990440 369.4604450686 399.6803240742
27.0000000000 1.0000000000 235.0885982121 334.4642673017 430.3351383882
28.0000000000 1.0000000000 228.8966020923 258.5432541042 482.7867621946
29.0000000000 1.0000000000 177.2971888870 297.4390648104 482.0965006926
30.0000000000 1.0000000000 144.2008010954 403.8521372671 410.4033462714
31.0000000000 1.0000000000 138.4597441215 368.0698753231 444.6063343903
32.0000000000 1.0000000000 125.2680029467 287.9585448775 503.6954737858
33.0000000000 1.0000000000 95.7332070113 204.7705710242 548.8401340648
34.0000000000 1.0000000000 75.6726640753 367.8898893659 459.6215874572
35.0000000000 1.0000000000 65.1020399595 309.8561728074 502.0679266880
36.0000000000 1.0000000000 49.3039920075 339.2237500513 484.5799110733
37.0000000000 1.0000000000 25.7585170084 396.8574951287 440.6381211428
38.0000000000 1.0000000000 15.0117580124 421.9362763478 417.2118793439
39.0000000000 1.0000000000 11.8797839971 260.6568269373 533.1399588717
40.0000000000 1.0000000000 -39.9056150198 348.1950311727 479.0501942376
41.0000000000 1.0000000000 -46.2312049837 360.2767928729 469.4514188343
42.0000000000 1.0000000000 -77.3276730570 302.8814402234 504.5835813722
43.0000000000 1.0000000000 -98.2041150632 413.9324472664 413.9289882664
44.0000000000 1.0000000000 -104.6539570002 379.5700380009 444.1795380010
45.0000000000 1.0000000000 -210.6667538937 341.4355738277 437.4501047793
46.0000000000 1.0000000000 -218.9908642283 280.4452422923 475.0945104952
47.0000000000 1.0000000000 -226.5334350699 356.9154011102 416.6717241286
48.0000000000 1.0000000000 -231.5007171505 297.6741271935 458.3872362980
49.0000000000 1.0000000000 -326.6762999745 -296.1487749769 397.3661089690
50.0000000000 1.0000000000 -296.1885452910 298.9892412937 418.5679224112
51.0000000000 1.0000000000 -345.2459868978 -285.8145249154 389.1485478848
52.0000000000 1.0000000000 -314.5696773337 223.2973832369 451.1158644786
53.0000000000 1.0000000000 -334.2227834359 -96.5699411259 480.9269216272
54.0000000000 1.0000000000 -327.8963271004 56.6614030174 491.5229501506
55.0000000000 1.0000000000 370.4973672315 -187.8367691174 423.9933672649
56.0000000000 1.0000000000 367.9277790543 4.2366420006 465.7601600688
57.0000000000 1.0000000000 348.0769242045 -120.1270080706 465.5462202735
58.0000000000 1.0000000000 354.9905431044 220.9272450650 421.3005971239
59.0000000000 1.0000000000 320.4893302746 -209.6605621797 453.4868953886
60.0000000000 1.0000000000 301.4259542210 -265.7207761948 436.8709073204
61.0000000000 1.0000000000 335.7455963262 61.8274280601 485.5652274717
62.0000000000 1.0000000000 238.5786002905 -361.3599014401 405.9810334944
63.0000000000 1.0000000000 292.7546169884 -134.7038879947 498.4685779803
64.0000000000 1.0000000000 294.4864850075 -61.0840360016 511.7301800131
65.0000000000 1.0000000000 303.0780848941 198.1881929307 470.3046258356
66.0000000000 1.0000000000 281.7489710831 278.5779870822 441.9650991304
67.0000000000 1.0000000000 130.8863290660 -433.7538362189 383.4679971935
68.0000000000 1.0000000000 144.9815881231 -409.0287203473 404.9656423438
69.0000000000 1.0000000000 250.5132952326 181.5192381685 506.5719904703
70.0000000000 1.0000000000 104.8454200865 -395.4147703261 430.0882743547
71.0000000000 1.0000000000 176.5678960070 337.6762500134 455.1042240181
72.0000000000 1.0000000000 28.1181120352 -448.8599765622 387.3698744852
73.0000000000 1.0000000000 -72.5949539551 -444.7297097252 386.3505977613
74.0000000000 1.0000000000 -79.4315780209 -399.9959371055 431.2947961137
75.0000000000 1.0000000000 -232.7692592159 -385.4115303574 386.7786843587
76.0000000000 1.0000000000 -212.0401111634 179.9852871387 524.3716374042
77.0000000000 1.0000000000 -240.2475242815 238.7958492798 487.4207585710
78.0000000000 1.0000000000 -302.2542040462 -197.0407500301 471.3158870721
79.0000000000 1.0000000000 -292.5506190930 -102.2431150325 506.2428341609
80.0000000000 1.0000000000 -285.5046899543 56.1323049910 517.3563209173
81.0000000000 1.0000000000 -385.5115091182 -164.0259510503 420.4731741289
82.0000000000 1.0000000000 -353.7124979515 -73.0770939900 471.0292279354
83.0000000000 1.0000000000 405.4131258765 3.4720609989 433.5313928679
84.0000000000 1.0000000000 342.3298969685 -53.2356639951 481.9725429556
85.0000000000 1.0000000000 260.9714279468 -293.8562459401 444.8187799093
86.0000000000 1.0000000000 275.7493789759 -166.1805389855 498.6658549564
87.0000000000 1.0000000000 296.1612722094 57.1571820404 511.2170613615
88.0000000000 1.0000000000 233.5170109994 -174.0196949995 517.2120239986
89.0000000000 1.0000000000 264.6921422750 -13.3845020139 531.1122775518
90.0000000000 1.0000000000 201.6217808798 -290.5273528268 476.7219747158
91.0000000000 1.0000000000 182.6370692475 -243.3477253298 509.6537176908
92.0000000000 1.0000000000 236.3688372599 144.1463321585 525.0456495774
93.0000000000 1.0000000000 112.6879909653 -358.0648448898 459.7959438585
94.0000000000 1.0000000000 159.5525331323 -136.0745031128 555.2909554605
95.0000000000 1.0000000000 191.2688210150 -0.2874340000 561.9052250440
96.0000000000 1.0000000000 171.2963141254 -15.2596880112 568.1074204157
97.0000000000 1.0000000000 144.1893621052 -99.5814730727 567.1104694140
98.0000000000 1.0000000000 177.7384531511 131.2538651115 550.9108744682
99.0000000000 1.0000000000 31.8264360007 -425.7270070099 412.3892820096
100.0000000000 1.0000000000 63.3635119600 -338.3607747866 483.5476996951
101.0000000000 1.0000000000 81.1600500676 -261.1397082176 526.8210564391
102.0000000000 1.0000000000 49.9188529683 -246.3105328438 537.7365116589
103.0000000000 1.0000000000 79.0986880031 -165.5513930066 564.4975290223
104.0000000000 1.0000000000 41.3683330355 -196.7788651690 558.4693954795
105.0000000000 1.0000000000 72.0632400612 -111.9924870951 578.4340054913
106.0000000000 1.0000000000 108.6824450376 169.1713200585 558.4715901932
107.0000000000 1.0000000000 -37.6311330244 -360.4185272339 470.1103163050
108.0000000000 1.0000000000 -54.7015710013 -391.2214530093 443.0291630105
109.0000000000 1.0000000000 45.9051860030 10.2421570007 591.7002100393
110.0000000000 1.0000000000 8.8600899981 -68.7863549855 589.5008588760
111.0000000000 1.0000000000 13.7200179960 62.4857869817 590.1089848274
112.0000000000 1.0000000000 -74.4645660564 -295.0869962236 509.6077113862
113.0000000000 1.0000000000 -68.7246150536 -185.7308911448 559.5554394364
114.0000000000 1.0000000000 -52.6114020468 -86.6937220771 584.8397775200
115.0000000000 1.0000000000 -126.1510030389 -277.8596360856 509.1181331569
116.0000000000 1.0000000000 -86.5746200016 -148.8871300028 568.0306190107
117.0000000000 1.0000000000 -46.0779380206 261.3628611169 530.9308852375
118.0000000000 1.0000000000 -129.6974909733 -233.3766589520 530.1275528910
119.0000000000 1.0000000000 -164.6164120466 -371.5467151052 432.6381881225
120.0000000000 1.0000000000 -91.9151901085 -58.6352080692 583.4679396887
121.0000000000 1.0000000000 -66.5401060687 65.4346420676 586.1843126052
122.0000000000 1.0000000000 -182.1042351967 -306.7551143313 474.4056005124
123.0000000000 1.0000000000 -109.1594661432 1.9583150026 583.4395447656
124.0000000000 1.0000000000 -146.2524470773 -141.9263960750 557.4840322947
125.0000000000 1.0000000000 -178.4814401360 -189.2491011442 533.5264564065
126.0000000000 1.0000000000 -155.6941270576 -86.2569380319 566.2511862095
127.0000000000 1.0000000000 -123.7355759914 177.3918279877 552.7594169617
128.0000000000 1.0000000000 -230.9179181558 -194.1840231310 511.1661243449
129.0000000000 1.0000000000 -193.5831229351 -45.0198499849 559.3032398124
130.0000000000 1.0000000000 -269.3908220604 -267.7224390600 456.1519561023
131.0000000000 1.0000000000 -271.4286581094 -239.1208530964 470.6049591897
132.0000000000 1.0000000000 -271.5616561236 -166.8731390759 500.7284182278
133.0000000000 1.0000000000 -247.4583358917 -38.8774869830 538.1210267646
