0.0000000000 1182.8714420349 234.6639030000 703.9609854440 259.3256392784
1.0000000000 6083.6818179407 297.2270240000 5983.6288132361 361.4521809125
2.0000000000 6289.9466324329 315.4886260000 5376.3389684844 301.7397083365
3.0000000000 15008.7997033902 397.5465540000 15574.4928304915 471.9410540602
4.0000000000 2781.2948766371 200.3585420000 2695.1503730817 229.3867932261
5.0000000000 2205.0412218278 155.3771710000 2290.7805637521 203.4251344164
6.0000000000 6844.0516808877 305.1261410000 6751.9965730829 316.8125253029
7.0000000000 13523.3627775965 390.1086900000 13178.9835059220 446.9061687364
8.0000000000 4231.7728026133 256.4118090000 4218.5680080200 252.9998546031
9.0000000000 5115.9043527204 284.6308000000 4968.3348650895 293.6059265771
10.0000000000 7782.1909616000 274.5877020000 7919.2177469953 357.7118870199
11.0000000000 7562.1517970316 294.1473610000 7628.7822340445 334.7240763538
12.0000000000 10378.2794285161 367.0015520000 10821.8834431103 389.7894608559
13.0000000000 4482.1067326369 223.1692230000 4245.1922702034 262.1981419756
14.0000000000 6837.6603402055 312.9151997439 6936.2286555559 324.9593629251
15.0000000000 14639.3145498136 336.1474770000 14184.1100314171 440.7591824331
16.0000000000 3734.9015834138 240.2420980000 3792.4854398105 332.3948612427
17.0000000000 12745.5730217298 395.0876750000 12633.6042150747 429.2469377827
18.0000000000 6329.3835376186 302.7175060000 5953.4699473221 317.8739968104
19.0000000000 13803.7117070556 354.0647120000 13411.0852579321 459.2780158802
20.0000000000 22350.8645746474 449.4589730000 23395.0252003955 565.0702955978
21.0000000000 4522.3688764345 251.3252060000 4410.7443983518 268.7447938634
22.0000000000 14251.9835825177 485.7733300016 14037.2919346097 461.7642510199
23.0000000000 7320.4456048731 303.9134660000 7337.9078518564 327.5346590840
24.0000000000 17203.5813501773 392.8691610000 17226.9750853190 510.2106122609
25.0000000000 12192.3403818307 342.8877690000 12477.1169780124 434.2612497548
26.0000000000 5359.0150803367 267.7881020000 5335.9277531582 308.1005346401
27.0000000000 6325.4996363677 328.8084040000 6612.7017841785 323.0638104983
28.0000000000 20836.5592445278 456.0673900000 20551.9433117328 528.2704841459
29.0000000000 12565.4959564690 363.8534573019 12812.2211223133 441.4565755768
30.0000000000 22272.7174903674 534.1110009800 22437.4944241987 576.2432220827
31.0000000000 4014.2967638921 237.0329580000 4205.0584554801 270.2572830008
32.0000000000 13694.7121336842 466.6934139992 14219.4599403095 462.6819785049
33.0000000000 9655.5287907426 337.2650695018 10058.1334852775 374.8868727570
34.0000000000 6374.5648592669 338.0550140000 6232.3539081436 341.0641054271
35.0000000000 6513.7799321471 275.6302800000 6309.9159102812 325.6896971341
36.0000000000 12506.3905870222 349.9596260000 12147.9295782896 442.0523935580
37.0000000000 15057.4863851782 409.5403240000 15414.2612064435 490.8422004121
38.0000000000 16020.4096635104 399.5471790000 15907.8730808597 471.8240596811
39.0000000000 7356.8419991771 335.4136850000 7390.2197996699 351.2168485340
40.0000000000 32222.0200962119 568.2146840000 32342.0734784433 673.4195688539
41.0000000000 5827.4240885867 282.3745800000 6308.1437537050 320.3212187003
42.0000000000 14605.6798968493 369.7756230000 14441.4364008589 449.0342988415
43.0000000000 9985.8855410135 313.4552420000 9597.6908592030 375.9589842424
44.0000000000 16444.6555191859 419.4584311442 17338.9674348976 486.7509170019
45.0000000000 8167.0908186286 305.0906300000 8291.0613058802 414.6901883748
46.0000000000 7269.2735238647 336.9673130000 6839.4501684776 340.9688660472
47.0000000000 6704.2798660104 263.2489340000 6984.4386615299 322.7973461513
48.0000000000 6454.8957518967 280.8303680000 6741.1879018816 317.7471347787
49.0000000000 14612.5207682226 436.8779980000 14324.9106168741 491.4836810954
50.0000000000 14132.8752349163 379.4028960000 13995.5636768847 445.7289701602
51.0000000000 19700.3560023092 450.4003210000 19994.3866628649 546.3258001880
52.0000000000 14975.7485814848 406.2310230000 15080.3183674017 479.8480396413
53.0000000000 5018.1387598972 257.1958200000 5062.9310681649 296.6615499666
54.0000000000 35574.4317337437 552.3375620000 36232.6361454777 711.0035050018
55.0000000000 4507.5656464321 285.0614440000 4516.0579950473 326.0083330223
56.0000000000 17934.2026978619 407.5086700000 17936.1334210914 489.0006302251
57.0000000000 3116.0875138103 222.0641250000 3221.7439933430 230.8380966877
58.0000000000 -41682.8913000763 325.1446450000 -41294.7845729019 1877.2152467033
59.0000000000 3038.5730448005 189.6996620000 2794.6451848254 228.4402050933
60.0000000000 -24044.9890136700 442.1747770000 -24682.4991706068 2432.1999082554
61.0000000000 -16070.3254320424 283.7693880000 -16741.6193875153 2389.9960940102
62.0000000000 -10984.3419253469 259.4088370000 -9801.5476385305 1983.5677154330
63.0000000000 -25602.8115925878 375.7825250000 -27241.6255852968 2239.7909213476
64.0000000000 20464.5218451616 188.1723710000 19594.9958973848 1896.8866916182
65.0000000000 46118.8734977128 376.2258290000 45732.8399988882 3859.8549515781
66.0000000000 79.2643510956 320.7944660000 0.0000000000 2143.3346134722
67.0000000000 124.4115276895 348.4334790000 0.0000000000 3920.2327850570
