0.0000000000 1.0000000000 347.0392701634 168.2339100792 451.2010892124
1.0000000000 1.0000000000 382.4663025774 -453.9172323621 0.0000000000
2.0000000000 1.0000000000 382.4663025774 -453.9172323621 0.0000000000
3.0000000000 1.0000000000 382.4663025774 -453.9172323621 0.0000000000
4.0000000000 1.0000000000 382.4663025774 -453.9172323621 0.0000000000
5.0000000000 1.0000000000 382.4663025774 -453.9172323621 0.0000000000
6.0000000000 1.0000000000 382.4663025774 -453.9172323621 0.0000000000
7.0000000000 1.0000000000 459.5234600192 63.9603320027 370.2277570154
8.0000000000 1.0000000000 456.3224039220 53.5736819908 375.7938939357
9.0000000000 1.0000000000 439.5945864404 -90.6768000908 388.4013953891
10.0000000000 1.0000000000 423.7808362494 -132.7204540781 393.8482072317
11.0000000000 1.0000000000 431.0362350194 188.8906680085 361.7311240163
12.0000000000 1.0000000000 391.6910171087 -215.4468350598 390.4896091084
13.0000000000 1.0000000000 433.8254922136 155.1987970764 374.2059621842
14.0000000000 1.0000000000 425.6706435243 60.5096570745 409.2241575040
15.0000000000 1.0000000000 411.1322143944 166.5979491598 394.3814803784
16.0000000000 1.0000000000 398.2865563698 235.1048042183 372.0414983454
17.0000000000 1.0000000000 402.7839333608 138.3051821239 413.4708043703
18.0000000000 1.0000000000 394.9379740415 212.2005740223 388.9938810408
19.0000000000 1.0000000000 348.5473900581 -282.7747280471 388.4256640647
20.0000000000 1.0000000000 381.5423042902 -160.5875171222 425.3921083236
21.0000000000 1.0000000000 353.9652885392 175.0617302667 443.1515446751
22.0000000000 1.0000000000 267.9314920142 -366.6080120195 382.2729490203
23.0000000000 1.0000000000 326.2969663764 310.1477453577 386.8591374462
24.0000000000 1.0000000000 322.5278622603 270.8737062186 418.2398113376
25.0000000000 1.0000000000 276.5600062226 260.4198282096 456.0892483671
26.0000000000 1.0000000000 238.2691909837 369.2073209748 399.0426959727
27.0000000000 1.0000000000 240.1139910631 332.6241190874 428.9846071127
28.0000000000 1.0000000000 229.1171331434 258.3706981618 482.7745313022
29.0000000000 1.0000000000 177.6632160582 297.5912360975 481.8677871578
30.0000000000 1.0000000000 145.3473360023 408.1328220065 405.7376960064
31.0000000000 1.0000000000 137.6375000222 369.8351860596 443.3950610714
32.0000000000 1.0000000000 126.3544230443 287.8317481010 503.4965451767
33.0000000000 1.0000000000 97.0143860726 206.1149861543 548.1114374104
34.0000000000 1.0000000000 77.2892820230 372.5914981110 455.5472191357
35.0000000000 1.0000000000 64.6215149833 310.7075889196 501.6036088702
36.0000000000 1.0000000000 49.5147299911 339.6456239386 484.2628089125
37.0000000000 1.0000000000 22.1785610156 404.0347052850 434.2641993063
38.0000000000 1.0000000000 14.7176200004 422.3573210117 416.7961270116
39.0000000000 1.0000000000 7.2253450036 265.3622911304 530.8973302609
40.0000000000 1.0000000000 -39.2045800084 346.7240490741 480.1736781026
41.0000000000 1.0000000000 -49.2633020267 364.5682781979 465.8158692529
42.0000000000 1.0000000000 -78.1761620438 301.8707231691 505.0582942830
43.0000000000 1.0000000000 -100.8801790227 415.3965440934 411.8133400926
44.0000000000 1.0000000000 -108.5701940086 382.7120930304 440.5284250350
45.0000000000 1.0000000000 -205.3494961910 338.8896603152 441.9351864110
46.0000000000 1.0000000000 -223.3317539481 285.4957199336 470.0387728907
47.0000000000 1.0000000000 -226.3058053132 356.4742464933 417.1727705773
48.0000000000 1.0000000000 -237.6416371756 304.3405042249 450.8044323331
49.0000000000 1.0000000000 -328.2394283003 -297.8021392725 394.8342563613
50.0000000000 1.0000000000 -289.8993340346 304.1430330363 419.2573410500
51.0000000000 1.0000000000 -333.1113652098 -295.3522761861 392.5877962473
52.0000000000 1.0000000000 -313.5748370636 224.6715170456 451.1262100915
53.0000000000 1.0000000000 -341.1745741908 -97.6224680546 475.8057272661
54.0000000000 1.0000000000 -331.8834300778 58.1104650136 488.6695091145
55.0000000000 1.0000000000 368.2713720064 -187.3858350033 426.1268260074
56.0000000000 1.0000000000 371.9422654785 11.2697310145 462.4427215949
57.0000000000 1.0000000000 348.5570640485 -122.1019880170 464.6723620647
58.0000000000 1.0000000000 357.4438691377 221.3741100853 418.9853341614
59.0000000000 1.0000000000 320.9516759303 -214.6040699534 450.8397069021
60.0000000000 1.0000000000 301.1707191309 -263.9339021147 438.1283141904
61.0000000000 1.0000000000 338.4463139861 67.1315259972 482.9790649801
62.0000000000 1.0000000000 239.3007119829 -360.8393319742 406.0190539710
63.0000000000 1.0000000000 297.9131340872 -134.5377670394 495.4479591450
64.0000000000 1.0000000000 296.0289722863 -61.3850670594 510.8033354940
65.0000000000 1.0000000000 303.1872228606 199.9340189081 469.4946457841
66.0000000000 1.0000000000 282.2399990862 282.1326120862 439.3894611342
67.0000000000 1.0000000000 132.2532929852 -434.5464289514 382.0991939572
68.0000000000 1.0000000000 144.8968240674 -408.4811981901 405.5482061887
69.0000000000 1.0000000000 252.1117842407 182.8003901745 505.3167244824
70.0000000000 1.0000000000 104.1400459682 -397.5767598784 428.2626498691
71.0000000000 1.0000000000 179.3541129847 336.7627669713 454.6913979612
72.0000000000 1.0000000000 26.0185440121 -450.6163692091 385.4727611789
73.0000000000 1.0000000000 -73.8140650632 -445.4460093811 385.2929573297
74.0000000000 1.0000000000 -79.7887210437 -399.4042362186 431.7769592363
75.0000000000 1.0000000000 -234.2919031242 -387.2025362052 384.0609672035
76.0000000000 1.0000000000 -211.3404202305 179.4174531956 524.8484835723
77.0000000000 1.0000000000 -243.6696340243 241.0673950240 484.5956530483
78.0000000000 1.0000000000 -305.5939558835 -197.1272169249 469.1210088212
79.0000000000 1.0000000000 -292.2566268526 -103.0440839480 506.2502417447
80.0000000000 1.0000000000 -288.0333680220 58.1694710044 515.7270770393
81.0000000000 1.0000000000 -387.4290428659 -165.4902369427 418.1304158552
82.0000000000 1.0000000000 -356.4530692256 -72.9608420462 468.9768132969
83.0000000000 1.0000000000 409.4495941484 5.9939840022 429.6934121557
84.0000000000 1.0000000000 343.8527259483 -54.1924969919 480.7804099277
85.0000000000 1.0000000000 259.7620772208 -293.3172452493 445.8811313790
86.0000000000 1.0000000000 275.9989782773 -169.6701601705 497.3509094997
87.0000000000 1.0000000000 296.8947023767 57.7711070733 510.7223916481
88.0000000000 1.0000000000 233.5161051136 -178.4911240868 515.6864102508
89.0000000000 1.0000000000 265.6811830647 -10.7277820026 530.6785751292
90.0000000000 1.0000000000 204.3298841412 -294.2377782034 473.2808413271
91.0000000000 1.0000000000 184.1509649988 -244.0967589984 508.7499589966
92.0000000000 1.0000000000 237.7753151994 148.3887391244 523.2255804387
93.0000000000 1.0000000000 113.7125191280 -358.4900284035 459.2120305168
94.0000000000 1.0000000000 161.0905060301 -139.7525330261 553.9317691036
95.0000000000 1.0000000000 190.5784052227 3.2116790038 562.1306636569
96.0000000000 1.0000000000 161.9827111274 -12.3337770097 570.9034994489
97.0000000000 1.0000000000 147.9365709968 -100.1786289978 566.0391679878
98.0000000000 1.0000000000 182.1316871506 130.5644231079 549.6383414544
99.0000000000 1.0000000000 31.1790769850 -427.4114557946 410.6928768027
100.0000000000 1.0000000000 60.2221620813 -337.5697354558 484.5010746542
101.0000000000 1.0000000000 79.9812570163 -263.0279770535 526.0614111069
102.0000000000 1.0000000000 49.1467440147 -249.6304560748 536.2747051607
103.0000000000 1.0000000000 76.0982560735 -166.1240441604 564.7416965453
104.0000000000 1.0000000000 39.9732400326 -198.8725851623 557.8289714552
105.0000000000 1.0000000000 67.9704670007 -113.3660230011 578.6618070058
106.0000000000 1.0000000000 108.6295060063 172.4276370101 557.4851270326
107.0000000000 1.0000000000 -39.5511790120 -361.9546831099 468.7705601423
108.0000000000 1.0000000000 -56.2059199904 -392.6781049333 441.5496879249
109.0000000000 1.0000000000 45.7114100193 12.4914520053 591.6720012502
110.0000000000 1.0000000000 3.8644090012 -70.6339980226 589.3362631885
111.0000000000 1.0000000000 13.5010970007 64.2276490033 589.9269920302
112.0000000000 1.0000000000 -72.9766240555 -299.9912922281 506.9526243855
113.0000000000 1.0000000000 -70.1669039981 -187.9513949949 558.6342319849
114.0000000000 1.0000000000 -53.5272600211 -84.3727950332 585.0960522303
115.0000000000 1.0000000000 -126.8214710129 -277.3528640281 509.2278760517
116.0000000000 1.0000000000 -88.8268590907 -149.7771151530 567.4486155795
117.0000000000 1.0000000000 -47.3130769929 266.8446779602 528.0877929212
118.0000000000 1.0000000000 -133.0185500429 -236.5429140763 527.8966201704
119.0000000000 1.0000000000 -164.5385590170 -369.0028820381 434.8393520448
120.0000000000 1.0000000000 -93.9714010177 -58.3897610110 583.1649321096
121.0000000000 1.0000000000 -68.9967000774 69.5838160781 585.4219626568
122.0000000000 1.0000000000 -184.9948071588 -308.3927332646 472.2204674052
123.0000000000 1.0000000000 -111.3103511094 2.1406490021 583.0323745731
124.0000000000 1.0000000000 -149.0473990968 -140.5834090913 557.0839293619
125.0000000000 1.0000000000 -181.9626930671 -191.5880150706 531.5119351959
126.0000000000 1.0000000000 -160.7988919937 -85.1577419967 564.9895589780
127.0000000000 1.0000000000 -120.8906540898 178.2100751324 553.1256144110
128.0000000000 1.0000000000 -233.3023509045 -196.2227319197 509.3014617915
129.0000000000 1.0000000000 -199.6446710174 -46.8207040041 557.0198860485
130.0000000000 1.0000000000 -272.8663901204 -265.4582911171 455.4087782009
131.0000000000 1.0000000000 -276.5185818678 -239.7611138854 467.3044067766
132.0000000000 1.0000000000 -275.9127910443 -166.4872360267 498.4731270800
133.0000000000 1.0000000000 -250.9512559535 -41.4774449923 536.3062699007
