0.0000000000 1030.8800706725 234.6639030000 976.9919287031 255.3677692015
1.0000000000 6097.0622740140 297.2270240000 6102.2263208396 361.5194331878
2.0000000000 5764.7963682561 315.4886260000 4847.4592608645 293.3418585544
3.0000000000 15285.9883536853 397.5465540000 15274.5021535758 465.5104450145
4.0000000000 2796.2516788458 200.3585420000 2853.3009522566 236.4135348529
5.0000000000 2226.7579550032 155.3771710000 2165.6225730518 205.3983057362
6.0000000000 6781.1398803308 305.1261410000 6505.0151934679 311.8622835925
7.0000000000 13530.0786905598 390.1086900000 13547.9077128697 452.2755730363
8.0000000000 4223.5027604662 256.4118090000 4084.6042326894 248.8186509049
9.0000000000 5119.6293136436 284.6308000000 5118.0881975953 304.1459850134
10.0000000000 7828.9707442125 274.5877020000 7724.5125084436 353.9394334380
11.0000000000 7747.3431263477 294.1473610000 8057.4690764474 342.4009514551
12.0000000000 10502.3997687516 367.0015520000 10193.0948394481 378.0446783549
13.0000000000 4411.1732260172 223.1692230000 4319.1367091927 266.1806594745
14.0000000000 7027.6207965000 315.6439740937 7298.9456108039 330.9320811449
15.0000000000 14586.6290921079 336.1474770000 14596.3749456283 447.0957928479
16.0000000000 3701.2827638705 240.2420980000 3476.3453204375 335.1019806512
17.0000000000 12863.1266366266 395.0876750000 12989.4604631486 435.5577097076
18.0000000000 6124.6139353897 302.7175060000 5681.8369644875 310.4988048087
19.0000000000 13682.5807330457 354.0647120000 13438.1565343720 457.6080277700
20.0000000000 22984.1023349449 449.4589730000 23477.7015300179 565.4684459723
21.0000000000 4504.2407647313 251.3252060000 4432.1390124404 270.2630781278
22.0000000000 14262.7010597736 487.2111502239 14084.1531869498 461.9242056058
23.0000000000 7381.1509504229 303.9134660000 7349.9986475875 328.5544785636
24.0000000000 17323.5143142279 392.8691610000 17348.9167938251 510.0684867747
25.0000000000 12331.7224070009 342.8877690000 12258.4525821656 430.8032278240
26.0000000000 5281.6986658819 267.7881020000 4951.0127268169 301.8864900345
27.0000000000 6430.9938818201 328.8084040000 6274.2482756118 315.8823173438
28.0000000000 20998.4796994424 456.0673900000 21281.2704992499 537.8989293187
29.0000000000 12755.4376153237 364.1915837887 12846.7199799401 441.6635717009
30.0000000000 22507.5456913750 536.2008146118 22608.9541489282 578.3959030956
31.0000000000 4089.5751900349 237.0329580000 4041.7178989092 262.5931911306
32.0000000000 14040.5424990857 468.5080836278 14268.0002994569 465.0308020745
33.0000000000 10053.7098140915 338.3151889726 10635.7985916631 387.5512857218
34.0000000000 6265.2713553362 338.0550140000 5860.3333261897 337.8807425084
35.0000000000 6497.3936814880 275.6302800000 6503.5475791288 330.4592950983
36.0000000000 12542.8418859870 349.9596260000 12760.4606791636 452.2710762765
37.0000000000 15290.6511457586 409.5403240000 15365.5157992284 492.6387481480
38.0000000000 16261.9751077798 399.5471790000 16744.7032075359 483.9035814469
39.0000000000 7494.8493862799 335.4136850000 7686.0884918984 358.0409804890
40.0000000000 32364.9106489381 568.2146840000 32000.8311806591 669.8017751180
41.0000000000 6140.6176050585 282.3745800000 6491.1563435695 324.9131494592
42.0000000000 14747.6328918885 369.7756230000 15022.9590761211 459.6871706268
43.0000000000 10061.7163460744 313.4552420000 10429.3732280383 387.8967427360
44.0000000000 17093.0081357828 420.8498445095 17840.8282858546 493.8446020230
45.0000000000 8372.7398839531 305.0906300000 8717.9953529406 423.1333321538
46.0000000000 6992.4138469230 336.9673130000 6337.6386858256 335.2483466737
47.0000000000 6989.8404125405 263.2489340000 7448.6419374647 333.8526467465
48.0000000000 6691.8593394506 280.8303680000 6978.5255747997 324.2278337379
49.0000000000 14822.6887227277 436.8779980000 15318.9880854208 506.1053652602
50.0000000000 14195.6325300888 379.4028960000 14197.0725755397 451.0003612508
51.0000000000 19972.6604645785 450.4003210000 20115.8399792216 548.3724297507
52.0000000000 15013.2993760610 406.2310230000 14742.4236175605 476.1073743656
53.0000000000 5203.7494002363 257.1958200000 5594.6422505992 312.5717652911
54.0000000000 36210.3049269364 552.3375620000 36842.6261819998 716.6646343486
55.0000000000 4444.0090702382 285.0614440000 4137.7422700584 316.4197956121
56.0000000000 18086.4385363339 407.5086700000 18172.1476249566 493.3655372502
57.0000000000 3209.3862392869 222.0641250000 3303.0787963417 233.3497775393
58.0000000000 -41101.6121510743 325.1446450000 -39944.4036184185 1881.7876437618
59.0000000000 2916.0780390416 189.6996620000 2705.3397390453 228.2843124277
60.0000000000 -23948.2334257230 442.1747770000 -23501.2342673599 2436.8821512489
61.0000000000 -15955.5494947032 283.7693880000 -15194.7812111331 2403.9384977469
62.0000000000 -10819.1550650696 259.4088370000 -11520.5029345724 1981.6729841885
63.0000000000 -26760.8875441120 375.7825250000 -29025.5428380355 2231.4491789104
64.0000000000 20210.2250698422 188.1723710000 20185.4784572810 1895.8241555112
65.0000000000 46813.2822934546 376.2258290000 48950.6451284177 3862.3630501145
66.0000000000 79.2062214425 320.7944660000 0.0000000000 2152.6020211303
67.0000000000 123.6661562060 348.4334790000 0.0000000000 3914.0694188458
