0.0000000000 1.0000000000 350.2070540650 171.5590360318 447.4861370830
1.0000000000 1.0000000000 382.3490676659 -454.0159874911 0.0000000000
2.0000000000 1.0000000000 382.3490676659 -454.0159874911 0.0000000000
3.0000000000 1.0000000000 382.3490676659 -454.0159874911 0.0000000000
4.0000000000 1.0000000000 382.3490676659 -454.0159874911 0.0000000000
5.0000000000 1.0000000000 382.3490676659 -454.0159874911 0.0000000000
6.0000000000 1.0000000000 382.3490676659 -454.0159874911 0.0000000000
7.0000000000 1.0000000000 459.1573460828 64.3129720116 370.6206950668
8.0000000000 1.0000000000 457.6731281388 53.2327440161 374.1963511135
9.0000000000 1.0000000000 440.4697631763 -90.1060650361 387.5417541552
10.0000000000 1.0000000000 425.0683291703 -128.7731710516 393.7711421578
11.0000000000 1.0000000000 434.9404247286 186.4201288837 358.3234417764
12.0000000000 1.0000000000 392.1652163151 -216.6096641741 389.3687493129
13.0000000000 1.0000000000 432.7205482840 156.6620151028 374.8750012461
14.0000000000 1.0000000000 429.3816921080 61.2539600154 405.2167831019
15.0000000000 1.0000000000 413.3244443208 165.3290811283 392.6200773047
16.0000000000 1.0000000000 397.7105524513 238.2717252704 370.6402944206
17.0000000000 1.0000000000 404.8647300390 139.5476630135 411.0137790396
18.0000000000 1.0000000000 401.0677302499 209.4537341305 384.1811232394
19.0000000000 1.0000000000 349.7300671363 -282.3021921101 387.7056601511
20.0000000000 1.0000000000 383.1697910078 -156.6040610032 425.4143930086
21.0000000000 1.0000000000 357.5766941635 175.3666480802 440.1213162013
22.0000000000 1.0000000000 269.3679960623 -364.9267210844 382.8716460885
23.0000000000 1.0000000000 326.0464939074 313.4596729109 384.3930848908
24.0000000000 1.0000000000 322.0790411197 276.5476861027 414.8587651541
25.0000000000 1.0000000000 277.4635639767 264.7005749777 453.0661129619
26.0000000000 1.0000000000 238.1554429792 370.0571489677 398.3227559653
27.0000000000 1.0000000000 240.0171700987 336.2608191382 426.1944931752
28.0000000000 1.0000000000 231.7408692316 263.0471322629 478.9819434787
29.0000000000 1.0000000000 180.2221421337 296.0622372196 481.8593753574
30.0000000000 1.0000000000 147.5611011441 410.5759104010 402.4605193930
31.0000000000 1.0000000000 137.7177120091 374.8871410249 439.1068090291
32.0000000000 1.0000000000 126.9469830453 292.0041661041 500.9384761786
33.0000000000 1.0000000000 97.4099050458 205.2689850964 548.3587152576
34.0000000000 1.0000000000 77.7487549676 376.0714298432 452.5999748113
35.0000000000 1.0000000000 63.1651020344 313.2640151707 500.1971142726
36.0000000000 1.0000000000 47.8056730025 342.3004170182 482.5622950257
37.0000000000 1.0000000000 17.3147260209 414.8050215001 424.2149465114
38.0000000000 1.0000000000 14.7268249956 423.8740668743 415.2532028769
39.0000000000 1.0000000000 8.4211210027 266.0107320837 530.5550881670
40.0000000000 1.0000000000 -36.9103160171 355.6353541648 473.7957892195
41.0000000000 1.0000000000 -47.0731860151 364.4429631166 466.1402881491
42.0000000000 1.0000000000 -79.1910960945 306.6880363661 501.9885905992
43.0000000000 1.0000000000 -104.3629851100 414.0834014364 412.2676684345
44.0000000000 1.0000000000 -108.6795711293 383.7786094567 439.5725835231
45.0000000000 1.0000000000 -212.8111239003 345.9944958380 432.8054537973
46.0000000000 1.0000000000 -220.8690370517 283.2014220663 472.5834841106
47.0000000000 1.0000000000 -227.7539059535 361.9941269262 411.5941409161
48.0000000000 1.0000000000 -242.7109450213 307.9895890270 445.5952610390
49.0000000000 1.0000000000 -330.4911732515 -297.4717252264 393.2015812992
50.0000000000 1.0000000000 -294.5704392895 305.6462783004 414.8854484077
51.0000000000 1.0000000000 -336.7275161176 -293.6000091026 390.8131791365
52.0000000000 1.0000000000 -317.5054470687 232.3545810503 444.4355590962
53.0000000000 1.0000000000 -341.2556998904 -98.7069779683 475.5237178472
54.0000000000 1.0000000000 -328.2837341201 57.6754850211 491.1462661797
55.0000000000 1.0000000000 371.0208683414 -189.1883531741 422.9333383892
56.0000000000 1.0000000000 370.6548623795 9.2036750094 463.5208644746
57.0000000000 1.0000000000 350.1055119823 -121.4796149939 463.6703139766
58.0000000000 1.0000000000 362.2252313470 221.1711362119 414.9669103976
59.0000000000 1.0000000000 323.5808001081 -216.1963530722 448.1918441497
60.0000000000 1.0000000000 301.9229742843 -264.7485732493 437.1178754116
61.0000000000 1.0000000000 341.1342788507 64.3050869719 481.4702337893
62.0000000000 1.0000000000 241.1215688895 -361.1918898345 404.6259188146
63.0000000000 1.0000000000 294.8306521256 -134.8670920575 497.1992362119
64.0000000000 1.0000000000 300.9739711338 -58.1761470259 508.2829242260
65.0000000000 1.0000000000 304.8666410001 201.0826040000 467.9139280001
66.0000000000 1.0000000000 284.8852829991 284.1330109991 436.3830129986
67.0000000000 1.0000000000 130.1832849281 -434.7814277599 382.5424797888
68.0000000000 1.0000000000 144.8023029385 -410.4533348256 403.5860248285
69.0000000000 1.0000000000 254.4202369910 186.1723249934 502.9229909822
70.0000000000 1.0000000000 104.3222960511 -400.7057431963 425.2917732083
71.0000000000 1.0000000000 180.9536381826 340.7532203438 451.0702274551
72.0000000000 1.0000000000 25.3847460188 -451.6962093343 384.2492362844
73.0000000000 1.0000000000 -75.7453029655 -449.6568307952 379.9904078269
74.0000000000 1.0000000000 -81.5177910326 -401.3364311606 429.6571251719
75.0000000000 1.0000000000 -238.1687159560 -390.6227299278 378.1677829301
76.0000000000 1.0000000000 -211.3565392155 181.1501731847 524.2464635346
77.0000000000 1.0000000000 -245.6510050616 247.5597710621 480.3031021204
78.0000000000 1.0000000000 -309.0270332371 -199.7114721532 465.7670523573
79.0000000000 1.0000000000 -294.8424739903 -104.2710159966 504.4965779833
80.0000000000 1.0000000000 -290.9841500326 61.1661510069 513.7200140576
81.0000000000 1.0000000000 -387.7682103423 -166.2532191468 417.5128843686
82.0000000000 1.0000000000 -351.4470251166 -71.7511730238 472.9250301569
83.0000000000 1.0000000000 408.9073740969 5.8766300014 430.2110541020
84.0000000000 1.0000000000 342.7718862866 -51.6393000432 481.8320694029
85.0000000000 1.0000000000 257.8141641223 -298.2052251415 443.7643822106
86.0000000000 1.0000000000 277.9598063116 -170.7001251914 495.9043655559
87.0000000000 1.0000000000 297.8314282913 58.8392990575 510.0546084989
88.0000000000 1.0000000000 233.6917552162 -179.0413571656 515.4160284768
89.0000000000 1.0000000000 266.5018440730 -10.6422020029 530.2686461453
90.0000000000 1.0000000000 204.9046930649 -295.0086800934 472.5518721496
91.0000000000 1.0000000000 183.9822671894 -247.2111512544 507.3051335221
92.0000000000 1.0000000000 242.4411180137 148.2788440084 521.1113270294
93.0000000000 1.0000000000 112.3108280316 -361.6123551018 457.1040461286
94.0000000000 1.0000000000 162.7058761098 -140.8852130951 553.1721983732
95.0000000000 1.0000000000 191.4012521453 3.8285360029 561.8471584264
96.0000000000 1.0000000000 169.4551471007 -12.6935300075 568.7223873381
97.0000000000 1.0000000000 146.4385670061 -99.2569000041 566.5908050236
98.0000000000 1.0000000000 184.4422499973 130.9639379981 548.7721109919
99.0000000000 1.0000000000 31.8387690260 -429.2997783507 408.6677373338
100.0000000000 1.0000000000 63.9587569927 -339.9547639611 482.3498339449
101.0000000000 1.0000000000 81.1236129714 -264.4244419068 525.1856818148
102.0000000000 1.0000000000 50.1679840344 -250.7027391718 535.6796023671
103.0000000000 1.0000000000 80.6659800389 -165.2607690797 564.3608812720
104.0000000000 1.0000000000 40.5755029752 -202.2179888763 556.5813866594
105.0000000000 1.0000000000 73.0844319909 -113.5484999858 578.0023619278
106.0000000000 1.0000000000 108.3835670520 172.5310250828 557.5010082677
107.0000000000 1.0000000000 -40.0982120166 -364.2572451505 466.9369541929
108.0000000000 1.0000000000 -56.1286530197 -396.1920281388 438.4093721535
109.0000000000 1.0000000000 49.0408499991 13.2050709998 591.3898439894
110.0000000000 1.0000000000 6.0831479973 -70.6478449686 589.3158777382
111.0000000000 1.0000000000 13.7248629987 67.0063289935 589.6126749427
112.0000000000 1.0000000000 -75.2858690143 -301.5231880574 505.7045890963
113.0000000000 1.0000000000 -71.1748700199 -190.0003570531 557.8129871560
114.0000000000 1.0000000000 -52.9909480351 -85.9616730569 584.9135633871
115.0000000000 1.0000000000 -127.9899320765 -281.7516511684 506.5134853027
116.0000000000 1.0000000000 -89.5744130736 -150.6817361238 567.0914964658
117.0000000000 1.0000000000 -45.0368619952 263.3556449718 530.0347269431
118.0000000000 1.0000000000 -132.3693000934 -239.6338831691 526.6643113717
119.0000000000 1.0000000000 -167.0090860872 -372.3687141944 431.0114062250
120.0000000000 1.0000000000 -92.6139970335 -58.4540210212 583.3756092112
121.0000000000 1.0000000000 -68.1268469772 71.2520719761 585.3231598037
122.0000000000 1.0000000000 -192.8629660855 -308.3212371368 469.1089612081
123.0000000000 1.0000000000 -109.3932150146 4.9413020007 583.3781230779
124.0000000000 1.0000000000 -150.0138031876 -141.9724271775 556.4719356958
125.0000000000 1.0000000000 -188.1004161343 -195.6133371396 527.8967533768
126.0000000000 1.0000000000 -165.4709499390 -88.3057629674 563.1543157924
127.0000000000 1.0000000000 -124.3834810283 179.1627070408 552.0423901257
128.0000000000 1.0000000000 -236.4180420857 -198.0483600718 507.1535101838
129.0000000000 1.0000000000 -202.4652509435 -48.1404439866 555.8881598449
130.0000000000 1.0000000000 -276.8267823821 -272.5071873761 448.8074106194
131.0000000000 1.0000000000 -277.2493810832 -243.4654130731 464.9502121396
132.0000000000 1.0000000000 -279.4859112087 -169.1711401263 495.5704563700
133.0000000000 1.0000000000 -253.2122060773 -40.7137240124 535.3011281634
