0.0000000000 985.9360513042 234.6639030000 866.1832137130 249.7554129745
1.0000000000 6140.6638506427 297.2270240000 6140.9873386522 358.8535136551
2.0000000000 5476.9917789880 315.4886260000 5267.6112884085 305.5110563342
3.0000000000 15416.6426514325 397.5465540000 15491.3949615594 469.1244986365
4.0000000000 2830.8845199443 200.3585420000 2819.9505591000 234.6933017659
5.0000000000 2085.7781419755 155.3771710000 1681.8123691214 193.4588699821
6.0000000000 6634.0219520380 305.1261410000 6271.3201228012 305.7244876720
7.0000000000 13674.3105711001 390.1086900000 13777.3447666868 459.1509591748
8.0000000000 4241.9856562718 256.4118090000 4291.4504209836 257.5632668634
9.0000000000 5167.4629594756 284.6308000000 5163.9310884632 309.8953867242
10.0000000000 7783.7394850041 274.5877020000 7619.4158121393 353.5275729491
11.0000000000 7881.7587990823 294.1473610000 7822.8427304569 339.5540682866
12.0000000000 10623.0033508830 367.0015520000 10972.0576362771 392.1801741340
13.0000000000 4456.0160502887 223.1692230000 4576.4472574944 271.8309930650
14.0000000000 7078.7188684928 317.3054034142 6788.4734723570 323.4230860771
15.0000000000 14877.1238642787 336.1474770000 15490.3716455667 459.8399360084
16.0000000000 3589.6318137599 240.2420980000 3389.0098984844 328.0331835519
17.0000000000 13125.4824640658 395.0876750000 13469.4127828154 443.7971437148
18.0000000000 5883.1112237802 302.7175060000 5388.5383970549 310.2597728333
19.0000000000 13742.8630748217 354.0647120000 13903.8209537355 464.4429907900
20.0000000000 23271.5368278142 449.4589730000 23233.3096942584 561.6037801902
21.0000000000 4513.5741832197 251.3252060000 4488.4237183188 272.0444057868
22.0000000000 14311.4008337151 488.6489704462 14211.0581817043 466.0805311026
23.0000000000 7534.3879301405 303.9134660000 7818.5920177325 337.2172235998
24.0000000000 17454.9928322235 392.8691610000 17514.7167521601 511.8384390553
25.0000000000 12377.9692788804 342.8877690000 12349.9580002627 432.4664070371
26.0000000000 5208.1846635784 267.7881020000 5162.8965988294 304.4599214500
27.0000000000 6241.6248055373 328.8084040000 5607.2572490409 299.7982507296
28.0000000000 21371.9289462995 456.0673900000 21775.3557765872 543.3400844687
29.0000000000 12909.5095229758 364.5297102755 13033.6259907511 444.7156244510
30.0000000000 22926.8951014946 538.2906282437 23633.3151322027 589.5760890564
31.0000000000 4096.6018156776 237.0329580000 4060.1749175307 264.7945610861
32.0000000000 14238.3133425744 470.3227532563 14293.6911621571 464.8676089345
33.0000000000 10401.1540068576 339.3653084434 10669.9333456386 385.1699493838
34.0000000000 6432.1615639499 338.0550140000 7067.1021211055 359.3925249104
35.0000000000 6485.3466543733 275.6302800000 6313.4582450462 329.5579365840
36.0000000000 12624.9103342172 349.9596260000 12464.0250740116 448.0922227186
37.0000000000 15561.3212309361 409.5403240000 15999.9027958629 499.9392322564
38.0000000000 16638.6468515275 399.5471790000 16986.6385220428 488.2452604814
39.0000000000 7633.8123331558 335.4136850000 7685.5848603152 357.1270523744
40.0000000000 32587.0849602354 568.2146840000 32892.7994761006 679.9327316111
41.0000000000 6334.2289921557 282.3745800000 6455.9180858810 328.4827679612
42.0000000000 14890.4284179286 369.7756230000 14772.5020932365 455.2317905657
43.0000000000 10339.6897310433 313.4552420000 10636.8149591201 392.4600436673
44.0000000000 17601.3678667222 422.2412578749 18067.7122737068 497.5915697176
45.0000000000 8420.9870221310 305.0906300000 8101.8982312368 413.5107753487
46.0000000000 6965.0854275639 336.9673130000 7257.5970562018 355.4938918655
47.0000000000 7209.1404371613 263.2489340000 7308.0651540695 333.0573623716
48.0000000000 6888.7717943539 280.8303680000 7053.9837565928 326.6781612676
49.0000000000 14881.3059223022 436.8779980000 14222.0241170205 488.7702704962
50.0000000000 14383.5510614892 379.4028960000 14638.6768088526 455.4655555202
51.0000000000 20162.9282081552 450.4003210000 20205.0120273688 549.6706443057
52.0000000000 14866.0978538522 406.2310230000 14386.6023605766 469.2774006679
53.0000000000 5495.0499882579 257.1958200000 5885.0190783349 318.6801033167
54.0000000000 36558.5065776931 552.3375620000 36359.6948868670 711.8359281456
55.0000000000 4386.3918764221 285.0614440000 4377.0257588516 318.3747456154
56.0000000000 18348.0188053985 407.5086700000 18685.2139916213 501.2503205458
57.0000000000 3302.7055707670 222.0641250000 3404.4088564083 237.7169300041
58.0000000000 -40108.5147064304 325.1446450000 -38420.2337761135 1878.4226681026
59.0000000000 2886.0767169004 189.6996620000 2916.1008583879 227.0426260408
60.0000000000 -23969.1227045981 442.1747770000 -24838.1895270753 2436.9718506464
61.0000000000 -16063.3374193406 283.7693880000 -17232.7851801106 2397.5284111628
62.0000000000 -11332.1937796875 259.4088370000 -12356.4156543886 1984.3579542065
63.0000000000 -27732.2704086334 375.7825250000 -28884.4966031203 2232.0156524837
64.0000000000 19866.8303245836 188.1723710000 18826.2266579955 1891.0436599462
65.0000000000 48450.7495856349 376.2258290000 51124.7122100636 3872.2273246086
66.0000000000 79.1758891750 320.7944660000 0.0000000000 2152.2973305790
67.0000000000 123.2772186153 348.4334790000 0.0000000000 3923.3770020098
