0.0000000000 1.0000000000 350.6736689611 175.3784519805 445.6362899505
1.0000000000 1.0000000000 381.8181888745 -454.4625365056 0.0000000000
2.0000000000 1.0000000000 381.8181888745 -454.4625365056 0.0000000000
3.0000000000 1.0000000000 381.8181888745 -454.4625365056 0.0000000000
4.0000000000 1.0000000000 381.8181888745 -454.4625365056 0.0000000000
5.0000000000 1.0000000000 381.8181888745 -454.4625365056 0.0000000000
6.0000000000 1.0000000000 381.8181888745 -454.4625365056 0.0000000000
7.0000000000 1.0000000000 461.4899858634 69.7650299794 366.7167298915
8.0000000000 1.0000000000 459.4399740533 52.6520220061 372.1075130431
9.0000000000 1.0000000000 442.9904614435 -87.7547970879 385.2010813857
10.0000000000 1.0000000000 428.0861101606 -132.1617990496 389.3544241461
11.0000000000 1.0000000000 434.0815092570 188.8106661118 358.1132532120
12.0000000000 1.0000000000 392.4558081355 -217.4493950751 388.6071611342
13.0000000000 1.0000000000 432.4591717055 163.6645498886 372.1751017466
14.0000000000 1.0000000000 430.4494172387 61.8606180343 403.9899622241
15.0000000000 1.0000000000 413.7355128055 170.3610629199 390.0273838167
16.0000000000 1.0000000000 398.9284471325 240.2456300798 368.0481731222
17.0000000000 1.0000000000 406.7144850242 141.2337630084 408.6045500243
18.0000000000 1.0000000000 406.9808723485 208.7991811788 378.2734433239
19.0000000000 1.0000000000 348.8918840882 -284.2829430719 387.0129040979
20.0000000000 1.0000000000 382.4808602934 -160.5822221232 424.5504303257
21.0000000000 1.0000000000 360.2877402288 177.2091451125 437.1624292776
22.0000000000 1.0000000000 266.3247211781 -370.0812972475 380.0425012542
23.0000000000 1.0000000000 327.5548052843 313.9342552725 382.7198183322
24.0000000000 1.0000000000 322.7741672602 275.1765442218 415.2300963347
25.0000000000 1.0000000000 279.9207780121 269.0428910116 448.9784040194
26.0000000000 1.0000000000 239.5226862465 372.6193493834 395.1012904065
27.0000000000 1.0000000000 239.8037268408 349.3635087681 415.6448457241
28.0000000000 1.0000000000 235.2663831256 266.1996411421 475.5089972539
29.0000000000 1.0000000000 180.5173659199 306.5622078640 475.1362117892
30.0000000000 1.0000000000 148.2901901556 410.3949294305 402.3771214221
31.0000000000 1.0000000000 141.6317770103 375.8772790272 437.0103400316
32.0000000000 1.0000000000 128.3795751016 290.8723422302 501.2317743967
33.0000000000 1.0000000000 98.2459669832 209.2583409642 546.6991889065
34.0000000000 1.0000000000 75.7248700197 377.7306350983 451.5602261175
35.0000000000 1.0000000000 63.7883210253 315.6566551253 498.6113241979
36.0000000000 1.0000000000 48.0347280296 346.1116532136 479.8132082961
37.0000000000 1.0000000000 22.5092370039 409.8283300717 428.7836290750
38.0000000000 1.0000000000 13.3832169964 436.5286158829 401.9763468922
39.0000000000 1.0000000000 7.2529520028 268.4883671037 529.3228862044
40.0000000000 1.0000000000 -49.4106389895 357.2757629241 471.4169538998
41.0000000000 1.0000000000 -55.6920300391 373.8132042623 457.6935793212
42.0000000000 1.0000000000 -78.8510540810 308.5403143170 500.9058915146
43.0000000000 1.0000000000 -106.3002509994 415.7190699978 410.1210039978
44.0000000000 1.0000000000 -114.9852179920 386.8152769732 435.2857309699
45.0000000000 1.0000000000 -206.1800340709 343.1695841180 438.2302551506
46.0000000000 1.0000000000 -224.8352142029 287.3765232594 468.1721764226
47.0000000000 1.0000000000 -230.7022702414 362.7924913795 409.2424674281
48.0000000000 1.0000000000 -241.7022920237 308.5315720303 445.7685470438
49.0000000000 1.0000000000 -331.4855732144 -297.9968701927 391.9649302535
50.0000000000 1.0000000000 -288.8577531706 312.5628841845 413.7474692443
51.0000000000 1.0000000000 -336.6144568514 -294.2594528701 390.4144058277
52.0000000000 1.0000000000 -315.8005501584 233.5687671172 445.0134492232
53.0000000000 1.0000000000 -342.6073280562 -99.6298450164 474.3579230779
54.0000000000 1.0000000000 -330.5935460859 58.0522810151 489.5499631272
55.0000000000 1.0000000000 372.8589728807 -191.2852909388 420.3658528655
56.0000000000 1.0000000000 372.6825461259 6.3572120021 461.9400741560
57.0000000000 1.0000000000 352.7216848611 -123.9812219512 461.0177828184
58.0000000000 1.0000000000 361.1345129018 227.5290479381 412.4726928878
59.0000000000 1.0000000000 325.9801851346 -215.9980880892 446.5457101843
60.0000000000 1.0000000000 306.1044249314 -266.4055959403 433.1852559029
61.0000000000 1.0000000000 344.5387613619 65.8857110692 478.8250635030
62.0000000000 1.0000000000 240.7943461844 -363.8610952786 402.4233003081
63.0000000000 1.0000000000 297.7348969346 -134.9965099703 495.4303178912
64.0000000000 1.0000000000 298.0364131759 -62.3517890368 509.5172983008
65.0000000000 1.0000000000 308.5204191629 204.3419691079 464.0914102450
66.0000000000 1.0000000000 287.1135673102 286.8557173099 433.1292224679
67.0000000000 1.0000000000 130.2677500525 -436.9888261760 379.9900071530
68.0000000000 1.0000000000 145.3928441721 -413.7204244898 400.0220714736
69.0000000000 1.0000000000 257.9025522264 189.2768771662 499.9818634389
70.0000000000 1.0000000000 102.8535210312 -402.0934231221 424.3387311288
71.0000000000 1.0000000000 181.9679421853 343.0227973493 448.9369164572
72.0000000000 1.0000000000 27.0887860007 -454.2224070109 381.1424000092
73.0000000000 1.0000000000 -77.9302070449 -446.0656122571 383.7625292212
74.0000000000 1.0000000000 -82.4370760796 -401.7124083878 429.1300454143
75.0000000000 1.0000000000 -238.7926101553 -389.6076022533 378.8209762463
76.0000000000 1.0000000000 -207.5513710272 180.5774350237 525.9615430690
77.0000000000 1.0000000000 -246.6950580005 243.8670070005 481.6552270009
78.0000000000 1.0000000000 -311.5733802279 -202.5294231482 462.8446693386
79.0000000000 1.0000000000 -298.0314921709 -104.5948580600 502.5519592882
80.0000000000 1.0000000000 -293.0126602808 62.7578460601 512.3732624910
81.0000000000 1.0000000000 -388.7165762570 -169.6308851121 415.2663152745
82.0000000000 1.0000000000 -354.0891752974 -65.6039680551 471.8456333963
83.0000000000 1.0000000000 410.3463197517 5.0186439970 428.8496677406
84.0000000000 1.0000000000 346.6602369928 -52.6645509989 478.9305289901
85.0000000000 1.0000000000 260.1430729341 -300.5439299239 440.8177108884
86.0000000000 1.0000000000 278.1944371738 -167.0012961043 497.0309333106
87.0000000000 1.0000000000 298.2017712000 59.3542500398 509.7784843419
88.0000000000 1.0000000000 233.2585261268 -179.2562470974 515.5375682802
89.0000000000 1.0000000000 266.8271760287 -10.2031720011 530.1136480569
90.0000000000 1.0000000000 205.5354111780 -296.4413212567 471.3799574081
91.0000000000 1.0000000000 184.6190700420 -246.6882360561 507.3283351154
92.0000000000 1.0000000000 241.2323241776 153.2395821128 520.2364103831
93.0000000000 1.0000000000 112.1622120243 -362.4972520786 456.4391600990
94.0000000000 1.0000000000 163.0091699450 -140.5689939525 553.1633528132
95.0000000000 1.0000000000 191.7573310064 4.5132480002 561.7206450188
96.0000000000 1.0000000000 167.5972351063 -13.9217380088 569.2439533610
97.0000000000 1.0000000000 148.6783259561 -101.8685399699 565.5429978329
98.0000000000 1.0000000000 186.8797060764 133.9697990547 547.2196952236
99.0000000000 1.0000000000 29.4948990270 -431.3914873946 406.6359083719
100.0000000000 1.0000000000 63.1718799920 -339.6148649572 482.6928459392
101.0000000000 1.0000000000 80.2897420300 -267.7183231000 523.6428011955
102.0000000000 1.0000000000 48.5799140524 -253.1068792732 534.6945165772
103.0000000000 1.0000000000 80.6038370360 -166.7267440744 563.9384192516
104.0000000000 1.0000000000 42.3414680413 -202.6177611976 556.3043855426
105.0000000000 1.0000000000 71.4162049733 -113.9995929575 578.1220847843
106.0000000000 1.0000000000 109.8162929861 175.9759089777 556.1422369294
107.0000000000 1.0000000000 -38.6294240021 -365.9581380200 465.7292510255
108.0000000000 1.0000000000 -58.5559169868 -395.9587749108 438.3026119013
109.0000000000 1.0000000000 49.5066070426 11.4637710099 591.3873555090
110.0000000000 1.0000000000 4.9710290009 -68.2621390120 589.6074081037
111.0000000000 1.0000000000 12.4827160143 69.3574130796 589.3683546767
112.0000000000 1.0000000000 -77.0518160324 -305.6106571284 502.9776042114
113.0000000000 1.0000000000 -70.0745849905 -189.9676079744 557.9634279247
114.0000000000 1.0000000000 -53.1792160063 -86.3497200103 584.8393140698
115.0000000000 1.0000000000 -127.4345310699 -285.3689071564 504.6249632766
116.0000000000 1.0000000000 -93.0365700310 -151.8392630505 566.2246561884
117.0000000000 1.0000000000 -46.7114090171 269.2992330989 526.8940061934
118.0000000000 1.0000000000 -132.4762101326 -237.6377582378 527.5411605279
119.0000000000 1.0000000000 -173.1958880318 -372.5106270685 428.4394280788
120.0000000000 1.0000000000 -89.9736680696 -57.9588060448 583.8380274516
121.0000000000 1.0000000000 -71.3722449724 72.0741579722 584.8355707742
122.0000000000 1.0000000000 -191.8553269011 -311.8797048392 467.1658267592
123.0000000000 1.0000000000 -113.0514450358 3.2191680010 582.6923151847
124.0000000000 1.0000000000 -151.2908980757 -145.1841150726 555.2962842777
125.0000000000 1.0000000000 -192.0613190720 -195.7598520734 526.4141491973
126.0000000000 1.0000000000 -164.7034371842 -89.2554400998 563.2295896301
127.0000000000 1.0000000000 -125.3972280821 183.5876391201 550.3566483601
128.0000000000 1.0000000000 -238.6381442021 -198.3913101680 505.9783104286
129.0000000000 1.0000000000 -206.2663020258 -45.9209290057 554.6772100694
130.0000000000 1.0000000000 -274.3152452770 -271.1106452738 451.1889744557
131.0000000000 1.0000000000 -281.2143343468 -245.1511263023 461.6716905693
132.0000000000 1.0000000000 -279.0649739636 -169.0244059779 495.8576579353
133.0000000000 1.0000000000 -256.0313189916 -35.1012579988 534.3568019824
