0.0000000000 933.6687304665 234.6639030000 853.2102072625 262.6104275263
1.0000000000 6152.9253719258 297.2270240000 6063.8119494121 364.2940824287
2.0000000000 5469.1152783917 315.4886260000 5454.4450610967 308.3290320547
3.0000000000 15585.6053516625 397.5465540000 15695.4900642222 473.0713611930
4.0000000000 2842.8222417567 200.3585420000 2826.2102776018 232.5430333132
5.0000000000 1972.4137376134 155.3771710000 1950.4698254245 199.2379667949
6.0000000000 6505.7414733271 305.1261410000 6277.5969779163 306.3640112776
7.0000000000 13871.7824976159 390.1086900000 14057.3318324317 463.1228466251
8.0000000000 4272.7235062000 256.4118090000 4191.0648106393 253.1208199665
9.0000000000 5183.9423713569 284.6308000000 5094.7893945827 306.5768783818
10.0000000000 7804.5317247477 274.5877020000 7890.5454124694 359.3253117235
11.0000000000 7933.8175145721 294.1473610000 7959.3630237960 341.3368799886
12.0000000000 10883.7897341999 367.0015520000 11055.6337354915 393.1136026536
13.0000000000 4551.4020046234 223.1692230000 4632.4160172686 274.3094678146
14.0000000000 7051.9328549572 317.8460880000 7032.9191138448 326.7551453653
15.0000000000 15263.2287055239 336.1474770000 15616.3570473725 462.0339966988
16.0000000000 3579.7354542158 240.2420980000 3659.0036221433 337.2057020756
17.0000000000 13409.3649874505 395.0876750000 13619.5067910596 446.0624138869
18.0000000000 5820.7616657878 302.7175060000 5897.4408110988 315.4125937578
19.0000000000 13757.4445188206 354.0647120000 13421.5073998497 457.5678397417
20.0000000000 23545.5985560405 449.4589730000 23945.9455286964 572.0425469539
21.0000000000 4453.8126845097 251.3252060000 4180.5802646509 263.0591144661
22.0000000000 14425.8794871697 490.0867906685 14451.5264069134 470.4731790207
23.0000000000 7653.8809117035 303.9134660000 7558.1638605517 334.7111549847
24.0000000000 17522.0074427877 392.8691610000 17358.3206794817 509.8056552579
25.0000000000 12434.6290387999 342.8877690000 12395.3090706005 433.3731788885
26.0000000000 5185.0045609401 267.7881020000 5032.8627166668 303.3658799377
27.0000000000 6134.5783542131 328.8084040000 6173.2728123487 315.5006484249
28.0000000000 21634.3961694677 456.0673900000 21600.1230035075 541.6186076414
29.0000000000 12941.0667931511 364.8678367623 12672.9718648621 439.6421086601
30.0000000000 23135.8840024800 540.3804418755 22679.8904808865 579.3392053500
31.0000000000 4141.5346813821 237.0329580000 4205.9082191159 267.1132837788
32.0000000000 14529.8740310836 472.1374228849 15020.3004567570 476.4536785701
33.0000000000 10605.0526592962 340.4154279142 10728.1466158666 390.6798060873
34.0000000000 6598.1310625977 338.0550140000 6317.3124778704 347.0575585413
35.0000000000 6407.0307900714 275.6302800000 6199.0480235087 324.6478547467
36.0000000000 12775.2253579249 349.9596260000 13154.9322474883 457.9039092026
37.0000000000 15780.0070105178 409.5403240000 15736.9030017561 501.4572883176
38.0000000000 17083.4818929084 399.5471790000 17756.1747863488 499.0691595120
39.0000000000 7811.6042350230 335.4136850000 8104.3710683406 366.7702885877
40.0000000000 33109.9860776372 568.2146840000 33712.9831126421 685.6813137356
41.0000000000 6419.6111924665 282.3745800000 6413.0888909139 326.1456341737
42.0000000000 15136.9479113793 369.7756230000 15683.1788276924 468.5155653358
43.0000000000 10373.7009715991 313.4552420000 10002.8623237912 381.6226445292
44.0000000000 18065.3053804653 423.6326712403 18652.1360920762 505.8794222755
45.0000000000 8362.8796922481 305.0906300000 8322.0620008312 422.7110642808
46.0000000000 7112.0498770651 336.9673130000 7047.9552698173 353.0622281053
47.0000000000 7297.9175596960 263.2489340000 7331.0872751785 330.8954690010
48.0000000000 7045.1660034878 280.8303680000 7200.7498594269 328.6854299689
49.0000000000 15218.9729738892 436.8779980000 16450.7521468105 515.1986336631
50.0000000000 14610.1114960047 379.4028960000 14756.2606466401 458.6460392868
51.0000000000 20414.1231333768 450.4003210000 20718.1074721434 558.1161105295
52.0000000000 14763.7260387216 406.2310230000 14597.4961860375 472.5467202444
53.0000000000 5725.2672430760 257.1958200000 5934.3152166403 320.9976306642
54.0000000000 37076.0310446222 552.3375620000 38122.2429748435 727.6800680563
55.0000000000 4368.6626357469 285.0614440000 4191.4877464859 318.2373918327
56.0000000000 18816.7199394056 407.5086700000 19539.3087829738 512.0388551900
57.0000000000 3332.8206733508 222.0641250000 3244.9403006215 231.0458301722
58.0000000000 -39221.0677507313 325.1446450000 -38327.5518336095 1904.9782726288
59.0000000000 2959.8980517011 189.6996620000 3093.8331607751 233.2087563024
60.0000000000 -23913.7427110026 442.1747770000 -23387.3388267629 2432.2617184354
61.0000000000 -16180.4191090668 283.7693880000 -15651.4931678247 2398.4749130997
62.0000000000 -12020.9071698378 259.4088370000 -13278.6065287402 1983.9764748284
63.0000000000 -28695.0219277546 375.7825250000 -30812.1457595057 2221.5354641036
64.0000000000 19391.5236174946 188.1723710000 18867.4033494444 1885.2324776908
65.0000000000 48246.0703196612 376.2258290000 45009.6061644717 3848.6260704950
66.0000000000 79.1600616859 320.7944660000 0.0000000000 2154.2087103456
67.0000000000 123.0742695452 348.4334790000 0.0000000000 3908.1826005842
