0.0000000000 1.0000000000 352.1581371638 177.0013240823 443.8203512064
1.0000000000 1.0000000000 380.8911555065 -455.2397764909 0.0000000000
2.0000000000 1.0000000000 380.8911555065 -455.2397764909 0.0000000000
3.0000000000 1.0000000000 380.8911555065 -455.2397764909 0.0000000000
4.0000000000 1.0000000000 380.8911555065 -455.2397764909 0.0000000000
5.0000000000 1.0000000000 380.8911555065 -455.2397764909 0.0000000000
6.0000000000 1.0000000000 380.8911555065 -455.2397764909 0.0000000000
7.0000000000 1.0000000000 464.9436094173 66.3604340596 362.9670223258
8.0000000000 1.0000000000 462.1348067915 52.8390269762 368.7286048336
9.0000000000 1.0000000000 443.4352084809 -92.1159690999 383.6680734161
10.0000000000 1.0000000000 430.0999905321 -134.1021471659 386.4607854781
11.0000000000 1.0000000000 435.5916033272 192.2003841444 354.4577462663
12.0000000000 1.0000000000 394.8243851863 -216.4062331021 386.7859531825
13.0000000000 1.0000000000 436.8018602171 160.3371730797 368.5341941832
14.0000000000 1.0000000000 431.4248501447 60.7190370204 403.1217231352
15.0000000000 1.0000000000 417.0681961120 170.7095370458 386.3077791037
16.0000000000 1.0000000000 400.5104849765 240.5017659859 366.1578599786
17.0000000000 1.0000000000 409.2724031605 142.4656590559 405.6118371591
18.0000000000 1.0000000000 405.3565671200 211.5564740626 378.4854531120
19.0000000000 1.0000000000 352.2427299113 -282.4534029289 385.3134579029
20.0000000000 1.0000000000 384.5240134544 -160.5663441897 422.7068234995
21.0000000000 1.0000000000 361.9798980320 179.7186070159 434.7333690385
22.0000000000 1.0000000000 269.3466768384 -369.8656177781 378.1178637731
23.0000000000 1.0000000000 329.5061952595 317.6540992502 377.9455872976
24.0000000000 1.0000000000 325.5047441934 279.4563521661 410.2098672438
25.0000000000 1.0000000000 282.6234660842 264.6871730788 449.8733191340
26.0000000000 1.0000000000 241.5648380736 374.9302321143 391.6568351194
27.0000000000 1.0000000000 242.5383970897 342.6382951267 419.6372851552
28.0000000000 1.0000000000 235.8041319151 267.8442599036 474.3176048293
29.0000000000 1.0000000000 183.6006428477 305.2239637467 474.8162406060
30.0000000000 1.0000000000 146.3130641476 413.6365974173 399.7731594033
31.0000000000 1.0000000000 140.7603411187 377.4882133184 435.9019403677
32.0000000000 1.0000000000 129.7217450439 297.5079581007 496.9734501682
33.0000000000 1.0000000000 101.0309890906 211.6300901898 545.2767834891
34.0000000000 1.0000000000 77.4429360479 383.7193062372 446.1876422758
35.0000000000 1.0000000000 62.6988420808 322.2206704153 494.5341456375
36.0000000000 1.0000000000 45.8795960275 351.1648832107 476.3398092859
37.0000000000 1.0000000000 21.1885860095 412.8642041859 425.9290071918
38.0000000000 1.0000000000 13.7514540076 433.7428352406 404.9683652246
39.0000000000 1.0000000000 8.3611270038 273.7945091252 526.5814132408
40.0000000000 1.0000000000 -43.3484769836 355.5483778654 473.3155258208
41.0000000000 1.0000000000 -53.5118830319 373.1086932227 458.5277612736
42.0000000000 1.0000000000 -77.4776070181 308.2259320719 501.3135961170
43.0000000000 1.0000000000 -114.6447660301 416.7896151093 406.7730581067
44.0000000000 1.0000000000 -111.4725490440 391.2913491546 432.1877801708
45.0000000000 1.0000000000 -217.5969761296 352.0305482096 425.4966222534
46.0000000000 1.0000000000 -228.7673050721 288.8393490911 465.3586541467
47.0000000000 1.0000000000 -238.1739921397 367.2871632154 400.8673292350
48.0000000000 1.0000000000 -245.9930980381 309.2426240479 442.9195430686
49.0000000000 1.0000000000 -333.4444632600 -297.0856982316 390.9938673049
50.0000000000 1.0000000000 -297.4825763045 312.8285623202 407.3864674170
51.0000000000 1.0000000000 -352.5222519034 -281.0943519230 386.0509728942
52.0000000000 1.0000000000 -318.1915871336 234.0727100983 443.0410891861
53.0000000000 1.0000000000 -344.0679491957 -99.7704090567 473.2699422692
54.0000000000 1.0000000000 -328.4319219093 59.0464459837 490.8842188645
55.0000000000 1.0000000000 373.7672151572 -191.1351810804 419.6269031765
56.0000000000 1.0000000000 376.5018078280 8.0603239963 458.8057827904
57.0000000000 1.0000000000 353.8332280103 -122.7590440036 460.4927690134
58.0000000000 1.0000000000 364.1223878715 227.3471079198 409.9384168553
59.0000000000 1.0000000000 327.3626910475 -217.6145200315 444.7459000645
60.0000000000 1.0000000000 306.8431419775 -267.5274169804 431.9695519683
61.0000000000 1.0000000000 344.8733860649 66.6854360125 478.4733290900
62.0000000000 1.0000000000 241.0248210619 -364.2730870936 401.9122791032
63.0000000000 1.0000000000 299.7387511417 -137.4785090650 493.5358822333
64.0000000000 1.0000000000 301.1798618279 -59.4069239661 508.0185377098
65.0000000000 1.0000000000 310.2399990920 207.5903900615 461.4961531368
66.0000000000 1.0000000000 286.7897491891 288.3377911901 432.3589762850
67.0000000000 1.0000000000 129.5904779993 -437.9580929977 379.1046599981
68.0000000000 1.0000000000 142.9433239678 -414.5873599065 400.0073169098
69.0000000000 1.0000000000 260.2279590209 192.7290280155 497.4517640400
70.0000000000 1.0000000000 104.3777069555 -403.1863168282 422.9271978198
71.0000000000 1.0000000000 182.3566359446 347.0125888946 445.7012978646
72.0000000000 1.0000000000 23.8656329971 -454.8352749457 380.6266289545
73.0000000000 1.0000000000 -80.2345490731 -448.1673354081 380.8277603468
74.0000000000 1.0000000000 -82.7223740080 -405.4849850394 425.5117650414
75.0000000000 1.0000000000 -245.2997333453 -391.1283445506 373.0522555251
76.0000000000 1.0000000000 -214.2780431499 184.8457621293 521.7645933649
77.0000000000 1.0000000000 -251.7087043682 251.1393453673 475.2821096952
78.0000000000 1.0000000000 -313.3112073108 -205.9712732043 460.1448124565
79.0000000000 1.0000000000 -301.2936031984 -103.6410950682 500.8013723297
80.0000000000 1.0000000000 -296.1443501106 62.2308880232 510.6340831907
81.0000000000 1.0000000000 -391.7326112001 -172.2543240880 411.3336062102
82.0000000000 1.0000000000 -360.2489670025 -84.5158750006 464.1110590032
83.0000000000 1.0000000000 415.2350988674 6.3202049980 424.1004528646
84.0000000000 1.0000000000 349.2362570703 -52.5858490106 477.0640330961
85.0000000000 1.0000000000 259.0831049092 -302.7138838939 439.9563338458
86.0000000000 1.0000000000 279.2806120000 -170.6135810000 495.1915510000
87.0000000000 1.0000000000 300.2224331019 60.6782140206 508.4348251725
88.0000000000 1.0000000000 234.7979831547 -179.1272191180 514.8831643393
89.0000000000 1.0000000000 268.5904932183 -9.7646630079 529.2306914302
90.0000000000 1.0000000000 204.9274439916 -299.2578609878 469.8625349808
91.0000000000 1.0000000000 185.0940561595 -248.4906242141 506.2745564362
92.0000000000 1.0000000000 242.8392631749 153.2533031104 519.4842093741
93.0000000000 1.0000000000 112.4097560855 -365.3171662778 454.1241473453
94.0000000000 1.0000000000 165.9034891307 -141.6330721116 552.0302814349
95.0000000000 1.0000000000 193.1019920568 8.7705530026 561.2094301651
96.0000000000 1.0000000000 170.2071981355 -7.2522340058 568.5932124527
97.0000000000 1.0000000000 150.1904279456 -101.0597759634 565.2884957951
98.0000000000 1.0000000000 186.5165212064 141.5389521567 545.4352746037
99.0000000000 1.0000000000 29.2572040238 -432.9939493518 404.9463943290
100.0000000000 1.0000000000 63.9054510129 -344.7437430695 478.9458960966
101.0000000000 1.0000000000 83.0261559748 -269.0246199184 522.5454408416
102.0000000000 1.0000000000 51.5806370150 -252.7586300733 534.5781881551
103.0000000000 1.0000000000 84.9437120601 -168.8583261194 562.6657603979
104.0000000000 1.0000000000 43.2139160116 -205.0896920552 555.3306241494
105.0000000000 1.0000000000 75.5195849914 -112.6899659871 577.8573269338
106.0000000000 1.0000000000 111.9325740757 174.9385361184 556.0476003762
107.0000000000 1.0000000000 -39.2150640214 -369.0722862016 463.2160972530
108.0000000000 1.0000000000 -56.4672189989 -399.7069319922 435.1633579915
109.0000000000 1.0000000000 48.3705850215 16.8462320075 591.3525322634
110.0000000000 1.0000000000 7.3266959972 -70.6855909729 589.2972027739
111.0000000000 1.0000000000 16.3271270082 70.1544580350 589.1800262942
112.0000000000 1.0000000000 -74.8285889812 -305.0015789232 503.6824848732
113.0000000000 1.0000000000 -72.2741030401 -194.1902811077 556.2264963085
114.0000000000 1.0000000000 -53.2505060051 -88.8215450085 584.4625250562
115.0000000000 1.0000000000 -130.3763359728 -286.6112169402 503.1673158950
116.0000000000 1.0000000000 -92.1506060762 -153.0595491266 566.0409584681
117.0000000000 1.0000000000 -49.5755969870 271.6863799290 525.4046988627
118.0000000000 1.0000000000 -134.4507069294 -242.5727188727 524.7883477245
119.0000000000 1.0000000000 -174.8132440112 -375.3367800240 425.3045470272
120.0000000000 1.0000000000 -92.0767639762 -57.5584409851 583.5496738493
121.0000000000 1.0000000000 -68.5071210120 76.0845830133 584.6701951022
122.0000000000 1.0000000000 -194.4499990881 -312.5400641415 465.6492592109
123.0000000000 1.0000000000 -111.1965661261 6.5356830074 583.0213846609
124.0000000000 1.0000000000 -150.9080360286 -146.2395320277 555.1234911052
125.0000000000 1.0000000000 -187.9067110997 -198.1044441051 527.0360742796
126.0000000000 1.0000000000 -165.4839860738 -90.2465140403 562.8427342511
127.0000000000 1.0000000000 -124.4997109637 181.0308089472 551.4063788391
128.0000000000 1.0000000000 -242.6705491839 -199.9540741515 503.4388733814
129.0000000000 1.0000000000 -205.4549689994 -48.3931089999 554.7681399984
130.0000000000 1.0000000000 -280.6606550831 -273.7890220811 445.6349341319
131.0000000000 1.0000000000 -280.5583051492 -245.8259811308 461.7119782456
132.0000000000 1.0000000000 -282.3978691893 -171.5146261149 493.1080033305
133.0000000000 1.0000000000 -259.9080690882 -36.3868710123 532.3956401806
