0.0000000000 1255.8494797959 234.6639030000 1204.3657849592 238.2640089046
1.0000000000 4001.5306985825 297.2270240000 3957.7388183276 294.1793333806
2.0000000000 6032.8200860591 315.4886260000 5835.7780492893 306.4027565187
3.0000000000 11986.3757778339 397.5465540000 12191.2263168104 416.1054450365
4.0000000000 2300.2266134755 200.3585420000 2327.3184732133 211.4755308471
5.0000000000 1963.1549655667 155.3771710000 2221.4292986900 192.9371629296
6.0000000000 6405.1006096367 305.1261410000 6288.0897683400 320.5520621995
7.0000000000 11267.2849998254 390.1086900000 11437.0662168147 416.6871657216
8.0000000000 4256.5378350457 256.4118090000 4081.6155784999 250.1903440674
9.0000000000 5285.4286704957 284.6308000000 5037.1999157245 297.4329992690
10.0000000000 4639.9161589774 274.5877020000 4666.5446874804 287.4285950446
11.0000000000 6200.7572310528 294.1473610000 6391.1351831157 305.8875807735
12.0000000000 9597.3067565231 343.6653810305 8773.1948998190 351.9911826608
13.0000000000 3769.6033223642 223.1692230000 4381.5723783080 267.3939201949
14.0000000000 7020.0824611308 317.8460880000 6513.9800835476 313.0485154997
15.0000000000 8513.6687262575 336.1474770000 8219.5997552686 345.4585237808
16.0000000000 2808.1806989320 240.2420980000 2887.5956709037 250.7038968864
17.0000000000 10990.9759163977 395.0876750000 11251.1898177268 409.9210037148
18.0000000000 6333.7093111121 302.7175060000 5507.7213236033 291.9161855474
19.0000000000 7091.1211194695 285.5505208567 6240.9256493960 315.3078993465
20.0000000000 15681.8435455519 449.4589730000 15870.4342600751 469.2690244376
21.0000000000 4003.1640544083 251.3252060000 3904.6657559161 251.7242107684
22.0000000000 13330.6758150372 453.4223750000 13064.8384745734 456.9985861177
23.0000000000 6358.9161834867 303.9134660000 6141.2245180914 296.4433587069
24.0000000000 11923.2763781299 392.8691610000 12122.8089540607 426.1623101921
25.0000000000 7769.3112035040 342.8877690000 7722.2604962885 343.6052498393
26.0000000000 4433.6610274552 267.7881020000 4582.2326715000 279.8295745918
27.0000000000 7662.3227854275 328.8084040000 7900.6461252864 345.0317046386
28.0000000000 13046.1612923934 360.2625694664 11948.8345721574 407.9905580594
29.0000000000 8815.8354387692 358.7815600000 9000.8025759478 377.0888833714
30.0000000000 15489.0297173841 482.9105670000 15482.9095982778 495.8474341784
31.0000000000 3237.1571424937 237.0329580000 3228.0091962706 235.2425503959
32.0000000000 11331.7011463077 403.1799770000 11403.9869616579 413.5367887301
33.0000000000 8045.1823037445 328.3390540000 7864.2120743171 326.9415646783
34.0000000000 6585.2941745678 338.0550140000 6642.1377830694 338.1702763927
35.0000000000 4512.3187566037 275.6302800000 4743.9896128094 292.1417929810
36.0000000000 7237.4898372711 349.9596260000 7440.7591390040 353.6512238714
37.0000000000 10211.4686807225 409.5403240000 10038.1037288734 413.6991952336
38.0000000000 11827.7281079265 399.5471790000 11998.5383985342 412.2840257580
39.0000000000 5909.6299937063 335.4136850000 5781.3044221874 320.5632235767
40.0000000000 23539.7234885898 568.2146840000 23897.3040710262 586.5362026700
41.0000000000 5448.0122130769 282.3745800000 5090.6777411074 285.4471984676
42.0000000000 10893.2825940785 369.7756230000 10956.0312085802 393.6189182078
43.0000000000 6742.9993382350 313.4552420000 7294.3018404084 324.4605894943
44.0000000000 12703.9965823640 413.1970710000 12755.8541472293 421.2796105930
45.0000000000 5199.3314175812 305.0906300000 5566.0315026100 318.7649130144
46.0000000000 7380.2992274831 336.9673130000 7783.1626613952 348.1594337557
47.0000000000 4756.9041375308 263.2489340000 4832.9386691407 269.6587868561
48.0000000000 5308.0941187424 280.8303680000 5244.5352452456 281.8248458464
49.0000000000 12986.6455485499 436.8779980000 12818.0505323214 446.3371247886
50.0000000000 9963.0489698797 379.4028960000 10452.7033850087 388.2167698189
51.0000000000 13617.6287745792 450.4003210000 13686.6928555625 456.5294201630
52.0000000000 10179.6676630224 406.2310230000 10086.4170081005 412.6756365586
53.0000000000 4351.5692157390 257.1958200000 4418.3240373762 270.6843477153
54.0000000000 22793.3648503078 552.3375620000 22919.5861502809 565.8078051554
55.0000000000 3650.4799824469 285.0614440000 3784.7691458315 286.9329118376
56.0000000000 12850.8822732669 407.5086700000 13047.3713731201 421.7413742004
57.0000000000 3205.3589560234 222.0641250000 3240.7639292683 233.3138045486
58.0000000000 3245.6501469972 325.1446450000 595.2891079306 2058.2154536330
59.0000000000 1931.4796696348 189.6996620000 1893.7546047251 187.0369012511
60.0000000000 13879.0845808222 442.1747770000 14481.4387957946 458.2409228794
61.0000000000 5729.7798417652 283.7693880000 5692.1718507386 289.7552686410
62.0000000000 -6046.5005127354 259.4088370000 -11737.4561289774 1943.6733331823
63.0000000000 10320.6268511576 375.7825250000 10474.3210447566 384.2979930765
64.0000000000 1842.6515480320 188.1723710000 1803.9312614607 200.6858141354
65.0000000000 20140.2327977442 376.2258290000 25895.2512648650 2108.8889028390
66.0000000000 5019.7472469728 320.7944660000 4964.4050391086 319.6630738154
67.0000000000 8087.3798855468 348.4334790000 8267.9855461184 359.3872608065
