0.0000000000 1.0000000000 321.3939710274 143.3419570122 477.9961560407
1.0000000000 1.0000000000 426.3048158278 -413.0200121599 0.0000000000
2.0000000000 1.0000000000 -262.8418742689 -155.0891671587 509.1000155209
3.0000000000 1.0000000000 -259.3327480055 196.8283320042 496.3128650105
4.0000000000 1.0000000000 -279.5541960316 83.6193370095 516.8932040584
5.0000000000 1.0000000000 -287.1328689930 -36.9816399991 518.1779619874
6.0000000000 1.0000000000 -322.5239744094 82.7033801050 491.3855546238
7.0000000000 1.0000000000 442.0768812665 81.7022240492 387.5746432336
8.0000000000 1.0000000000 430.0476641974 55.0208130253 405.4047891861
9.0000000000 1.0000000000 423.1179096211 -67.3412640989 410.8013086030
10.0000000000 1.0000000000 404.4255360038 -118.7811580011 417.9142840039
11.0000000000 1.0000000000 408.5867620925 190.7220640432 386.0094280874
12.0000000000 1.0000000000 379.6208093976 -190.9758852000 414.4123294340
13.0000000000 1.0000000000 403.9036323991 162.7794731608 403.3435573985
14.0000000000 1.0000000000 404.0392943226 47.5944720380 432.2133053451
15.0000000000 1.0000000000 386.3068531604 156.1447140648 422.7377081755
16.0000000000 1.0000000000 373.3929821959 228.0113131197 401.1356982105
17.0000000000 1.0000000000 380.6467970259 127.0075210087 437.3767620298
18.0000000000 1.0000000000 372.1385672325 194.6017921216 419.4810552621
19.0000000000 1.0000000000 331.2334569776 -265.6349209820 414.7816439720
20.0000000000 1.0000000000 360.1889760944 -150.3390630394 447.1950291172
21.0000000000 1.0000000000 330.7010088521 152.1424899319 468.8398787903
22.0000000000 1.0000000000 254.1563128568 -337.6787148097 416.7720967652
23.0000000000 1.0000000000 299.9071551492 296.7170251476 417.5356652077
24.0000000000 1.0000000000 302.1199949447 249.4996889543 445.8640379184
25.0000000000 1.0000000000 255.9173451162 224.3704051019 486.2978102209
26.0000000000 1.0000000000 235.2764198133 338.0971147317 427.3835206609
27.0000000000 1.0000000000 231.9031041718 285.7139912117 465.7357533451
28.0000000000 1.0000000000 210.8760042027 215.8748062075 511.1268974912
29.0000000000 1.0000000000 168.8824111268 242.5112081821 514.7702123866
30.0000000000 1.0000000000 147.5541560472 372.3901571192 438.0350081403
31.0000000000 1.0000000000 136.1164629543 314.9755848942 484.3387408374
32.0000000000 1.0000000000 123.1850540166 228.1042010308 533.9618360722
33.0000000000 1.0000000000 120.3920259637 139.5484889580 564.2280618300
34.0000000000 1.0000000000 93.7112940293 315.2575360985 494.1176031544
35.0000000000 1.0000000000 83.1311180842 241.7847902450 535.6777565429
36.0000000000 1.0000000000 68.4410319825 274.5202449298 521.8005238666
37.0000000000 1.0000000000 37.5859969979 347.8472879806 479.4902329733
38.0000000000 1.0000000000 27.8908950039 371.9731780524 461.7135250651
39.0000000000 1.0000000000 27.2005760018 200.2239380131 558.1145310366
40.0000000000 1.0000000000 -4.9285610009 285.7952910548 520.2096570998
41.0000000000 1.0000000000 -8.2880330061 293.2656982172 515.9921173822
42.0000000000 1.0000000000 -30.1339800172 237.1940541355 543.2791643103
43.0000000000 1.0000000000 -76.9171030444 361.4553962089 464.4944372684
44.0000000000 1.0000000000 -77.0939060423 315.2305601728 496.9985412724
45.0000000000 1.0000000000 -154.4662681074 280.7885201952 499.6191603473
46.0000000000 1.0000000000 -155.8350830711 207.5856370947 533.8023572435
47.0000000000 1.0000000000 -172.8457930280 293.8758360475 485.8833720786
48.0000000000 1.0000000000 -172.8499690857 233.4496471157 517.6345012566
49.0000000000 1.0000000000 -244.8717023632 -273.6042044059 466.3688616918
50.0000000000 1.0000000000 -207.2143641600 236.0911921823 503.6312963888
51.0000000000 1.0000000000 -278.3202289760 -219.6286789811 476.0487579590
52.0000000000 1.0000000000 -234.9525692454 162.5075731698 520.2979005435
53.0000000000 1.0000000000 -253.9790792554 -91.8136730923 528.5699605316
54.0000000000 1.0000000000 -254.4384801106 24.2327950105 535.7192902328
55.0000000000 1.0000000000 350.1066432395 -176.2535261206 445.7368723049
56.0000000000 1.0000000000 358.2178701192 -6.0332380020 473.2492831575
57.0000000000 1.0000000000 337.9368469275 -121.8183689739 472.5254478986
58.0000000000 1.0000000000 330.2000210386 207.8966540243 447.2898990523
59.0000000000 1.0000000000 302.0799583994 -213.4496532822 464.2286836137
60.0000000000 1.0000000000 277.2868570456 -262.0541970431 454.7097130747
61.0000000000 1.0000000000 325.4515338231 48.2803819738 494.0360617315
62.0000000000 1.0000000000 234.9478850617 -328.4019570863 435.0551371143
63.0000000000 1.0000000000 279.9561652183 -141.8910851107 503.7983643929
64.0000000000 1.0000000000 284.8202381034 -69.9567400254 516.0472971873
65.0000000000 1.0000000000 283.5640190746 171.8536550452 492.3201141295
66.0000000000 1.0000000000 261.2950320451 249.8835180432 470.7488290813
67.0000000000 1.0000000000 168.3440980610 -397.5521201442 407.3498531477
68.0000000000 1.0000000000 171.5828080915 -363.5095371939 436.7396052330
69.0000000000 1.0000000000 227.8581001679 149.4533391101 527.3193643886
70.0000000000 1.0000000000 142.3562799991 -355.6031789978 453.4340029972
71.0000000000 1.0000000000 170.4885680208 287.5985390351 490.4508690599
72.0000000000 1.0000000000 72.4623929927 -409.2292049586 423.7947449571
73.0000000000 1.0000000000 -32.3481749854 -411.5018198139 426.5456298071
74.0000000000 1.0000000000 -16.0194009960 -370.6929909084 463.3048798855
75.0000000000 1.0000000000 -139.8699080948 -375.6571202545 437.7664482966
76.0000000000 1.0000000000 -144.5945231363 118.8413251120 563.2854425309
77.0000000000 1.0000000000 -173.3328750242 174.8786240244 540.0875000754
78.0000000000 1.0000000000 -224.3059991974 -174.5406651536 521.0985524585
79.0000000000 1.0000000000 -207.2595462171 -95.0311980995 548.0272605740
80.0000000000 1.0000000000 -205.0995410043 22.6929700005 556.5433800118
81.0000000000 1.0000000000 -307.9548981514 -151.2928250744 484.3506872382
82.0000000000 1.0000000000 -334.4030748301 -31.7175099839 489.3770627514
83.0000000000 1.0000000000 391.1794752032 5.0401650026 446.4017712319
84.0000000000 1.0000000000 334.5330829822 -57.1087329970 486.9779619741
85.0000000000 1.0000000000 250.9654160876 -283.4489810990 457.1590111596
86.0000000000 1.0000000000 264.6253520296 -170.5882910191 503.1842450564
87.0000000000 1.0000000000 281.8780870789 30.3063920085 521.4859471460
88.0000000000 1.0000000000 247.1101829338 -177.9871449523 509.4884298635
89.0000000000 1.0000000000 261.7324973043 -34.7683550404 531.6094316180
90.0000000000 1.0000000000 212.6186741454 -283.1994921936 476.3535173256
91.0000000000 1.0000000000 206.2102321433 -246.0450681709 499.2599433469
92.0000000000 1.0000000000 221.3264611436 127.0795550824 535.8980413477
93.0000000000 1.0000000000 148.4037899372 -326.9843988615 472.6297117999
94.0000000000 1.0000000000 171.8578089900 -148.9852349914 548.2605399682
95.0000000000 1.0000000000 190.6708081129 -29.7719660176 561.3195163323
96.0000000000 1.0000000000 181.0262251219 -34.9052920235 564.2095823800
97.0000000000 1.0000000000 160.1053390148 -117.0939700108 559.4431240516
98.0000000000 1.0000000000 172.8062391525 108.8015870960 557.3343204917
99.0000000000 1.0000000000 77.8012790965 -387.4757114808 442.8666395496
100.0000000000 1.0000000000 99.7847100612 -313.1398601922 494.2749903033
101.0000000000 1.0000000000 113.2566061158 -251.9434322575 525.3748895370
102.0000000000 1.0000000000 100.7480470748 -244.3616671814 531.4682803945
103.0000000000 1.0000000000 104.1229319832 -185.9664579700 553.9821459107
104.0000000000 1.0000000000 93.4154140721 -201.3977131555 550.4851024251
105.0000000000 1.0000000000 97.9681150521 -131.3694740698 570.4959563032
106.0000000000 1.0000000000 121.8047429862 137.3613869844 564.4614959360
107.0000000000 1.0000000000 18.2961750054 -332.0129830978 491.6848131448
108.0000000000 1.0000000000 0.0469500000 -367.0615679847 466.4623559805
109.0000000000 1.0000000000 76.0834000746 -13.2048490129 588.5221105772
110.0000000000 1.0000000000 45.0461680359 -97.0494290774 583.8437954655
111.0000000000 1.0000000000 55.9720759910 24.8989649960 590.3968959047
112.0000000000 1.0000000000 -12.8251120071 -285.4614321575 520.2582182870
113.0000000000 1.0000000000 -14.1031370168 -206.2061892463 556.4183996646
114.0000000000 1.0000000000 -4.2736950018 -108.7554250447 583.5026302399
115.0000000000 1.0000000000 -58.4221360271 -269.3698411252 525.6881862443
116.0000000000 1.0000000000 -34.1881580211 -167.6254361035 568.3785793508
117.0000000000 1.0000000000 -8.9861550072 202.8609781620 557.7526324455
118.0000000000 1.0000000000 -58.7938239957 -247.4943249818 536.2939229605
119.0000000000 1.0000000000 -104.0767700099 -347.0281610329 470.1710410446
120.0000000000 1.0000000000 -36.8332619964 -86.8514679915 586.0217229429
121.0000000000 1.0000000000 -27.4131780313 20.5081930234 592.5784826769
122.0000000000 1.0000000000 -116.0212021151 -299.7902262973 498.9851974948
123.0000000000 1.0000000000 -51.0452290177 -23.5631710082 590.8980352050
124.0000000000 1.0000000000 -86.6903370402 -170.1447040789 562.0114692605
125.0000000000 1.0000000000 -107.5019631052 -196.0496861918 549.8446825379
126.0000000000 1.0000000000 -90.4484119939 -108.8677109927 576.4444749614
127.0000000000 1.0000000000 -75.9804840885 118.2733861377 576.6798926716
128.0000000000 1.0000000000 -142.4074930436 -197.9844470606 541.1502481656
129.0000000000 1.0000000000 -127.9527969715 -63.1048899859 576.1659318717
130.0000000000 1.0000000000 -195.3510801870 -257.5100322465 497.8432134766
131.0000000000 1.0000000000 -190.2611611448 -231.2311711760 512.4979633901
132.0000000000 1.0000000000 -192.3626901372 -160.1763161142 538.2020713838
133.0000000000 1.0000000000 -170.6498731216 -59.8241090426 565.3503544028
