0.0000000000 1200.7602803143 234.6639030000 1048.3457967815 249.6737894584
1.0000000000 4054.1079337583 297.2270240000 4124.2730653736 297.4644783339
2.0000000000 5980.2056273796 315.4886260000 5818.7576990155 307.1325427689
3.0000000000 12232.6267518668 397.5465540000 12454.8212987727 419.6471499771
4.0000000000 2319.9598995072 200.3585420000 2290.3210202261 206.2348371068
5.0000000000 2252.4543338868 155.3771710000 2839.0796176810 210.6666702646
6.0000000000 6379.2471664478 305.1261410000 6232.0334769338 322.2924834646
7.0000000000 11403.1640243453 390.1086900000 11349.4822165944 414.7770948322
8.0000000000 4224.5370657803 256.4118090000 4149.6876697202 253.9813205284
9.0000000000 5095.3339848322 284.6308000000 4612.8932469634 280.6515986832
10.0000000000 4674.9285218248 274.5877020000 4633.6121688991 284.9502516658
11.0000000000 6282.8765596396 294.1473610000 6177.0429829720 298.5974114689
12.0000000000 9318.8152177943 329.8822454629 8928.5735688741 354.6390093398
13.0000000000 3867.1948856912 223.1692230000 3530.8640273428 240.6926149460
14.0000000000 6928.3706060409 317.8460880000 6904.5422302527 319.0110984949
15.0000000000 8603.7800647955 336.1474770000 8892.1554682717 357.3701160695
16.0000000000 2901.3590768644 240.2420980000 3033.9060904688 262.1110758713
17.0000000000 10974.7058986128 395.0876750000 10378.5876382983 395.2977608533
18.0000000000 5939.3248082477 302.7175060000 5329.0678999687 293.1412699753
19.0000000000 6849.4244699281 296.0598788077 6658.5958004568 324.7471967974
20.0000000000 16061.4937963920 449.4589730000 16574.0931425084 477.9857526282
21.0000000000 3995.8946031300 251.3252060000 3942.2522571466 252.7441679132
22.0000000000 13336.9871621626 453.4223750000 13190.1951063715 458.3298778270
23.0000000000 6514.3698865009 303.9134660000 6973.2986415327 313.4840776464
24.0000000000 12154.3959053563 392.8691610000 12348.1239453376 428.2403861783
25.0000000000 7888.6606294810 342.8877690000 8054.6616983139 350.7568872563
26.0000000000 4547.9433247779 267.7881020000 4630.5735434985 281.9706488294
27.0000000000 7731.5462411406 328.8084040000 7513.2864883071 335.9240758698
28.0000000000 12612.0758823694 369.8534307376 11855.0476411694 406.2471824767
29.0000000000 8998.8093402225 358.7815600000 9124.5725817529 378.1052184386
30.0000000000 15640.5896665905 482.9105670000 15652.2194122868 499.8887913630
31.0000000000 3296.9808059035 237.0329580000 3382.3019699436 240.8225968211
32.0000000000 11420.1571819494 403.1799770000 11289.2739423467 413.3009404760
33.0000000000 8081.1871376609 328.3390540000 8111.3877436563 332.4055107349
34.0000000000 6774.7294456846 338.0550140000 7082.0933444342 349.2377198796
35.0000000000 4610.1207684922 275.6302800000 4565.3858997778 286.8929730971
36.0000000000 7387.0763519072 349.9596260000 7436.5364562444 355.6172193256
37.0000000000 10205.8561045446 409.5403240000 10053.3591499027 412.5454068037
38.0000000000 12042.3705349781 399.5471790000 12191.0523869047 416.7998460484
39.0000000000 5922.6046533100 335.4136850000 5886.2600988904 321.7117730867
40.0000000000 23934.1236181354 568.2146840000 24109.1671153674 589.8909785546
41.0000000000 5535.8112257148 282.3745800000 5973.1618382180 303.7338602758
42.0000000000 11106.1058813284 369.7756230000 11386.4763050249 401.8647722097
43.0000000000 6873.7389678947 313.4552420000 6562.3000208660 311.2561602055
44.0000000000 12857.8887037146 413.1970710000 12892.8073947339 422.9021773940
45.0000000000 5408.5864410829 305.0906300000 5547.7150110867 319.9808196779
46.0000000000 7572.3867455245 336.9673130000 7563.2898973662 340.8241576577
47.0000000000 4836.1408218382 263.2489340000 4866.6061303207 270.5977012738
48.0000000000 5401.2405936691 280.8303680000 5576.5926185532 289.3299288995
49.0000000000 13158.3726119155 436.8779980000 13416.9120245897 450.4175412894
50.0000000000 10266.5110728995 379.4028960000 10426.2416218184 391.5933516504
51.0000000000 13791.7766129073 450.4003210000 13843.3990581589 457.7830623969
52.0000000000 10329.8497686340 406.2310230000 10566.1178596923 417.6937526332
53.0000000000 4361.0328673570 257.1958200000 4208.8312176496 264.3822076991
54.0000000000 23201.0370023441 552.3375620000 23633.7344397536 572.6530135593
55.0000000000 3820.3426299553 285.0614440000 4095.3496668966 299.3100593022
56.0000000000 13065.2115859162 407.5086700000 13157.8014088069 423.6820288074
57.0000000000 3281.2671959415 222.0641250000 3385.0051655212 238.3249829884
58.0000000000 1733.7964846977 325.1446450000 -589.8260941767 2064.8580200524
59.0000000000 1930.3640384724 189.6996620000 1897.5565901168 185.0943005743
60.0000000000 14230.5949932184 442.1747770000 14327.2365822586 456.4088111586
61.0000000000 5800.3172718401 283.7693880000 5874.5573084506 295.7917231570
62.0000000000 -8413.6034963279 259.4088370000 -10470.2625289503 1947.5202048826
63.0000000000 10515.3706605080 375.7825250000 10654.6501972985 387.8555281489
64.0000000000 1935.3331242228 188.1723710000 2200.5400378323 217.7789469034
65.0000000000 23004.0098512914 376.2258290000 26070.5184346394 2110.3201434276
66.0000000000 4967.5508447011 320.7944660000 4710.1661194660 313.9691830534
67.0000000000 8034.7283435413 348.4334790000 7478.8241536251 348.6489559055
