0.0000000000 1.0000000000 320.4688760319 144.3517120144 478.3132960476
1.0000000000 1.0000000000 426.2806792871 -413.0449235968 0.0000000000
2.0000000000 1.0000000000 -266.5861581792 -156.1527821050 506.8229033407
3.0000000000 1.0000000000 -261.1654311740 200.4828641335 493.8831493290
4.0000000000 1.0000000000 -281.7381853738 84.8269301126 515.5087906840
5.0000000000 1.0000000000 -291.9969408931 -35.7224939869 515.5414788113
6.0000000000 1.0000000000 -318.9568263925 85.0787111047 493.3046546070
7.0000000000 1.0000000000 439.2980932404 74.5139260408 392.1558192146
8.0000000000 1.0000000000 431.3065241868 53.9584020234 404.2084851751
9.0000000000 1.0000000000 423.4729941722 -67.0132490272 410.4889451669
10.0000000000 1.0000000000 403.0625941963 -118.8107430579 419.2205612042
11.0000000000 1.0000000000 408.6298922796 191.8791751313 385.3898282637
12.0000000000 1.0000000000 380.5727850489 -190.6329800245 413.6964450532
13.0000000000 1.0000000000 405.6342458218 163.9495589280 401.1268218238
14.0000000000 1.0000000000 401.8597278365 50.6182299794 433.8984678234
15.0000000000 1.0000000000 385.7159263407 156.6252561384 423.0993733738
16.0000000000 1.0000000000 372.2731091260 232.3644170787 399.6759141353
17.0000000000 1.0000000000 379.7945614268 124.5433631399 438.8238464931
18.0000000000 1.0000000000 361.8534551680 205.2348240953 423.3935171966
19.0000000000 1.0000000000 332.0325149695 -265.7004329756 414.1002479620
20.0000000000 1.0000000000 359.2693089074 -148.2031169618 448.6454348844
21.0000000000 1.0000000000 331.4498762500 153.9033641161 467.7350323529
22.0000000000 1.0000000000 258.8110859286 -339.0073079064 412.8101178860
23.0000000000 1.0000000000 299.6217939577 298.2752729579 416.6292939412
24.0000000000 1.0000000000 302.7343282256 250.0593311864 445.1332203318
25.0000000000 1.0000000000 257.0981349638 227.1008589680 484.4038349318
26.0000000000 1.0000000000 232.2200910845 342.7928711247 425.3095381547
27.0000000000 1.0000000000 233.7301771468 295.0496821854 458.9523022883
28.0000000000 1.0000000000 210.8619431461 213.6676241480 512.0592873547
29.0000000000 1.0000000000 170.7684311947 241.9885672759 514.3938205865
30.0000000000 1.0000000000 148.5310121788 374.5060544507 435.8957215246
31.0000000000 1.0000000000 136.6304849526 317.9230008897 482.2638308327
32.0000000000 1.0000000000 123.6634309278 228.1240418668 533.8427706882
33.0000000000 1.0000000000 119.6752751413 143.9573951700 563.2720686651
34.0000000000 1.0000000000 94.9625749623 316.1254718744 493.3235468040
35.0000000000 1.0000000000 81.4312500288 244.0974930863 534.8894201891
36.0000000000 1.0000000000 68.9029730065 274.1398080259 521.9397210492
37.0000000000 1.0000000000 38.6619200079 347.5543640708 479.6170830977
38.0000000000 1.0000000000 23.5747120192 376.5870483071 458.2005613736
39.0000000000 1.0000000000 23.7831290043 200.9958770364 557.9931421010
40.0000000000 1.0000000000 -3.7623630010 276.6588800749 525.1352541421
41.0000000000 1.0000000000 -15.5496220078 298.1252141487 513.0310832559
42.0000000000 1.0000000000 -30.5512160105 235.2877010812 544.0842281878
43.0000000000 1.0000000000 -76.2728519945 365.0870019735 461.7523789665
44.0000000000 1.0000000000 -74.4032920694 320.9690592995 493.7249634606
45.0000000000 1.0000000000 -154.0728030564 280.8200631027 499.7229131828
46.0000000000 1.0000000000 -155.8806470833 209.6712341121 532.9732862849
47.0000000000 1.0000000000 -176.6554740544 294.1612870905 484.3380091490
48.0000000000 1.0000000000 -172.6192592229 238.9889463085 515.1778346651
49.0000000000 1.0000000000 -247.9387909929 -278.7033819920 461.7056499868
50.0000000000 1.0000000000 -208.5131029965 236.5798999960 502.8653529915
51.0000000000 1.0000000000 -280.2841198347 -223.6727278681 473.0038577211
52.0000000000 1.0000000000 -236.8661151353 164.4146090939 518.8290722963
53.0000000000 1.0000000000 -259.6603882758 -90.1740290958 526.0859755588
54.0000000000 1.0000000000 -255.6718041836 26.1228490188 535.0428503842
55.0000000000 1.0000000000 353.9879941573 -174.6647290776 443.2900391970
56.0000000000 1.0000000000 356.3465720915 -2.3629770006 474.6923881219
57.0000000000 1.0000000000 336.3350351303 -121.2181790470 473.8208771836
58.0000000000 1.0000000000 330.0690433676 210.5573062345 446.1405314968
59.0000000000 1.0000000000 304.9892372616 -214.3167911838 461.9212103962
60.0000000000 1.0000000000 278.1288651669 -264.9901181590 452.4885612715
61.0000000000 1.0000000000 322.8577101945 49.8552710300 495.5791332986
62.0000000000 1.0000000000 237.4552990668 -328.7023620924 433.4640291219
63.0000000000 1.0000000000 284.4271431066 -141.1433420529 501.4988371880
64.0000000000 1.0000000000 290.1143261081 -71.3561500266 512.8969721911
65.0000000000 1.0000000000 279.9165140833 168.7684790502 495.4647031475
66.0000000000 1.0000000000 262.4773632908 253.9379222814 467.9129105185
67.0000000000 1.0000000000 165.3861790543 -399.7759511312 406.3839651334
68.0000000000 1.0000000000 171.1562851273 -367.9676752736 433.1589113221
69.0000000000 1.0000000000 228.7422620699 147.9392710452 527.3635141611
70.0000000000 1.0000000000 141.5164580156 -357.8731180395 451.9084530499
71.0000000000 1.0000000000 170.2637842198 291.4018653762 488.2791446304
72.0000000000 1.0000000000 68.6960170096 -412.5057490578 421.2376890591
73.0000000000 1.0000000000 -34.1855479853 -413.4792098227 424.4851208180
74.0000000000 1.0000000000 -17.0230210098 -375.6886872157 459.2271262637
75.0000000000 1.0000000000 -143.1082260504 -377.3853001328 435.2260301532
76.0000000000 1.0000000000 -147.1368931481 120.6714711215 562.2370115660
77.0000000000 1.0000000000 -175.1666581930 176.3195791942 539.0263205938
78.0000000000 1.0000000000 -224.6301649733 -174.4108269792 521.0023789380
79.0000000000 1.0000000000 -209.7544059896 -95.7362129952 546.9542879728
80.0000000000 1.0000000000 -209.5246208531 24.2228399830 554.8279136111
81.0000000000 1.0000000000 -319.3257971067 -153.9813420514 476.0694361590
82.0000000000 1.0000000000 -329.8571589541 -33.8051359953 492.3137149315
83.0000000000 1.0000000000 392.0606151533 5.4227820021 445.6236011743
84.0000000000 1.0000000000 332.2827299300 -64.9841179863 487.5311048973
85.0000000000 1.0000000000 252.8297251907 -284.6762932148 455.3656383435
86.0000000000 1.0000000000 270.6791251259 -169.4349250788 500.3458242328
87.0000000000 1.0000000000 282.0287968703 32.6678749850 521.2618287602
88.0000000000 1.0000000000 243.7197402180 -181.0676161620 510.0358154562
89.0000000000 1.0000000000 262.5494549337 -33.7579539915 531.2715978658
90.0000000000 1.0000000000 211.2955210465 -285.0419650628 475.8430491048
91.0000000000 1.0000000000 206.1604702810 -246.5834173361 499.0148346802
92.0000000000 1.0000000000 224.1828202536 128.5351101454 534.3614086044
93.0000000000 1.0000000000 146.9701959083 -329.1162827947 471.5968197058
94.0000000000 1.0000000000 172.7478799421 -146.0330129510 548.7748678160
95.0000000000 1.0000000000 190.8362129695 -29.4669369953 561.2794009102
96.0000000000 1.0000000000 185.3471761359 -34.3392830252 562.8397324126
97.0000000000 1.0000000000 158.5623471471 -115.3195901070 560.2505695198
98.0000000000 1.0000000000 173.9723651606 108.7056851003 556.9901405141
99.0000000000 1.0000000000 76.0357689818 -389.6090089066 441.2988878942
100.0000000000 1.0000000000 97.0853130159 -314.3431560515 494.0487310810
101.0000000000 1.0000000000 110.1921811027 -252.2557642351 525.8764484901
102.0000000000 1.0000000000 98.1449540250 -248.5144180634 530.0278091352
103.0000000000 1.0000000000 103.2856130224 -183.6824940399 554.9001261204
104.0000000000 1.0000000000 94.4741929942 -204.4815839874 549.1659449662
105.0000000000 1.0000000000 93.2838930503 -128.9391000696 571.8340233085
106.0000000000 1.0000000000 123.2974429260 139.0564039165 563.7219026615
107.0000000000 1.0000000000 16.9852370107 -335.2893142104 489.5037323071
108.0000000000 1.0000000000 -0.0881530000 -372.1252651088 462.4328121352
109.0000000000 1.0000000000 78.9119730771 -13.7272280134 588.1375605747
110.0000000000 1.0000000000 44.6183870046 -95.1516430098 584.1889170604
111.0000000000 1.0000000000 53.9162720025 24.2049580011 590.6170350270
112.0000000000 1.0000000000 -16.8229190071 -285.9294661210 519.8871572201
113.0000000000 1.0000000000 -17.6091770037 -206.2844500428 556.2894651154
114.0000000000 1.0000000000 -4.1723470040 -109.8840671052 583.2918735586
115.0000000000 1.0000000000 -58.1417229892 -269.0474369498 525.8843439019
116.0000000000 1.0000000000 -35.4168770084 -170.6700360403 567.3964311339
117.0000000000 1.0000000000 -11.6116840022 203.2578540386 557.5596291060
118.0000000000 1.0000000000 -59.2672110067 -248.0771880282 535.9724180609
119.0000000000 1.0000000000 -105.3768969345 -348.8938437831 468.4977287088
120.0000000000 1.0000000000 -36.5239550201 -86.5975640477 586.0786543232
121.0000000000 1.0000000000 -28.4959320031 20.8428370022 592.5157250635
122.0000000000 1.0000000000 -116.7954130729 -299.4404891868 499.0145803113
123.0000000000 1.0000000000 -52.1631750335 -22.8145000147 590.8297793799
124.0000000000 1.0000000000 -89.1232380029 -169.3053400054 561.8843980180
125.0000000000 1.0000000000 -111.9795350314 -197.7613180554 548.3360021535
126.0000000000 1.0000000000 -93.3641210596 -107.1154450684 576.3078593678
127.0000000000 1.0000000000 -75.7100780315 114.7715010477 577.4225602401
128.0000000000 1.0000000000 -143.6140859440 -199.2580349223 540.3633557893
129.0000000000 1.0000000000 -124.5913400918 -65.3831030482 576.6483974247
130.0000000000 1.0000000000 -200.3523129948 -259.0095929933 495.0700029871
131.0000000000 1.0000000000 -192.7838670234 -234.1125040285 510.2421410620
132.0000000000 1.0000000000 -194.8919319004 -159.1890379187 537.5847017254
133.0000000000 1.0000000000 -174.4987859608 -59.7243989866 564.1848068731
