0.0000000000 1166.0890599334 234.6639030000 1168.2488643056 253.6926923821
1.0000000000 4165.5463649087 297.2270240000 4310.5204828056 308.1683602538
2.0000000000 6087.3725842040 315.4886260000 6372.1692951037 317.4130384749
3.0000000000 12368.4511471834 397.5465540000 12240.9793290323 417.1382046026
4.0000000000 2294.8739817865 200.3585420000 2184.0714876512 197.2917482505
5.0000000000 2449.4626470062 155.3771710000 2463.4269812457 201.7969536994
6.0000000000 6436.3817810798 305.1261410000 6559.2867648597 322.9563628279
7.0000000000 11634.9931077701 390.1086900000 12064.6872055494 427.8816244624
8.0000000000 4304.6822819730 256.4118090000 4487.1625954910 264.6058092570
9.0000000000 4857.0675728278 284.6308000000 4433.4751589270 281.4374525157
10.0000000000 4776.2120396513 274.5877020000 4990.8624914872 296.2459262186
11.0000000000 6259.4306298235 294.1473610000 6097.9448713468 300.2080153993
12.0000000000 9084.2759567058 316.7607915040 8451.6748266754 345.4398924992
13.0000000000 3872.6843941257 223.1692230000 4102.9147901024 258.6409483590
14.0000000000 6971.8680733255 317.8460880000 6916.8624453267 318.8440720857
15.0000000000 8907.8183522969 336.1474770000 9314.6385552799 365.6074611993
16.0000000000 3033.1164963314 240.2420980000 3234.0231700329 267.1127976032
17.0000000000 10904.7586083437 395.0876750000 10906.2333387452 406.9550610094
18.0000000000 5604.9330178737 302.7175060000 4989.5493565980 283.2985005699
19.0000000000 6918.7274243912 320.4803393812 7060.3571324626 337.3657316736
20.0000000000 16379.6795277546 449.4589730000 16423.8609332489 475.6999706588
21.0000000000 4001.7322136677 251.3252060000 3948.7532827373 253.7696216618
22.0000000000 13491.4837233566 453.4223750000 13678.1202997697 464.9610868356
23.0000000000 6724.8471877365 303.9134660000 6731.1971916662 310.4931879651
24.0000000000 12422.5660978723 392.8691610000 12735.3849527073 436.4971298990
25.0000000000 8151.3062505814 342.8877690000 8551.6331748946 361.3130518746
26.0000000000 4621.2564153093 267.7881020000 4640.9846168294 281.7375989644
27.0000000000 7664.9526822246 328.8084040000 7436.5274864047 335.9218530442
28.0000000000 12677.8665624984 394.0780015634 13108.0057151947 428.1786398850
29.0000000000 9110.0511350228 358.7815600000 9077.6521474608 375.0712765248
30.0000000000 15900.0721065288 482.9105670000 16212.9783927568 505.6746304605
31.0000000000 3365.0950538857 237.0329580000 3389.9357750575 243.7109544053
32.0000000000 11510.9126646907 403.1799770000 11567.0793160921 417.2680079910
33.0000000000 8070.2206918394 328.3390540000 7766.4797076255 324.2876666398
34.0000000000 6678.6995764799 338.0550140000 5930.9950891493 318.7032498005
35.0000000000 4571.2658276681 275.6302800000 4367.9283964222 281.6120369844
36.0000000000 7517.7715395475 349.9596260000 7649.4205156318 360.8907010512
37.0000000000 10359.7048818781 409.5403240000 10656.5355794938 422.6937375728
38.0000000000 12201.5485771886 399.5471790000 12207.7019272763 417.7519265849
39.0000000000 5974.4052119328 335.4136850000 5971.2401209064 324.2817753521
40.0000000000 24220.3083903028 568.2146840000 24233.0683118530 591.2158086350
41.0000000000 5459.4607327151 282.3745800000 4710.9908265367 273.2272499189
42.0000000000 11433.8890979450 369.7756230000 11862.5732680655 409.7294252484
43.0000000000 6856.2565364620 313.4552420000 6876.9388279091 316.6593583928
44.0000000000 12979.1122367666 413.1970710000 12933.5128662934 423.0502225538
45.0000000000 5410.7975907907 305.0906300000 5140.1389602725 313.6642950385
46.0000000000 7509.5279950887 336.9673130000 7110.4922389255 332.5859070222
47.0000000000 4909.2983445675 263.2489340000 4960.3290020713 272.5375286017
48.0000000000 5570.8662224090 280.8303680000 5757.0810231229 293.7931046028
49.0000000000 13257.0203942837 436.8779980000 12934.0803021728 448.8370007325
50.0000000000 10414.5744131673 379.4028960000 10412.0276758950 390.9345555697
51.0000000000 13933.1899292565 450.4003210000 13903.1134419095 459.0141528691
52.0000000000 10576.1835986901 406.2310230000 10799.1663138694 421.4475794917
53.0000000000 4348.7335588571 257.1958200000 4327.1225791669 267.2833422311
54.0000000000 23602.8866284324 552.3375620000 23744.0279481166 575.5546895351
55.0000000000 3985.4873851274 285.0614440000 4113.5964096359 296.7381637187
56.0000000000 13239.7353040408 407.5086700000 13310.2314185737 426.5217783586
57.0000000000 3374.0215562595 222.0641250000 3466.6684598722 240.8966090613
58.0000000000 893.6793990434 325.1446450000 264.8696190452 2071.0629784319
59.0000000000 2030.4847964900 189.6996620000 2302.4409927335 203.2289269452
60.0000000000 14601.3877263803 442.1747770000 15208.5038204461 468.9531582437
61.0000000000 5860.2329142239 283.7693880000 5798.7145619867 291.5381907024
62.0000000000 -9487.7896210267 259.4088370000 -10961.8389068796 1957.6580917206
63.0000000000 10671.3324570826 375.7825250000 10708.8955875929 388.8087433843
64.0000000000 2090.7160315587 188.1723710000 2265.8948373862 219.9589128964
65.0000000000 24529.7473745482 376.2258290000 26045.6916866845 2107.2275132850
66.0000000000 4700.7134642418 320.7944660000 3989.0320175723 300.9795781812
67.0000000000 7538.4088688619 348.4334790000 6337.4536975128 328.7585922929
