0.0000000000 1.0000000000 320.6980289063 147.6487349569 477.1519168606
1.0000000000 1.0000000000 425.7379022564 -413.6043580826 0.0000000000
2.0000000000 1.0000000000 -268.2485991908 -159.1872311132 504.9984563592
3.0000000000 1.0000000000 -262.3160370920 200.0117480701 493.4642071730
4.0000000000 1.0000000000 -286.3858921504 84.0842590442 513.0636262695
5.0000000000 1.0000000000 -294.4796920205 -35.6984300025 514.1290300357
6.0000000000 1.0000000000 -313.8427799447 83.9860679852 496.7598779124
7.0000000000 1.0000000000 447.4266971699 78.3374820297 382.0915021451
8.0000000000 1.0000000000 434.9136750876 54.5089260110 400.2501700806
9.0000000000 1.0000000000 422.0047701750 -71.8132420298 411.1887141706
10.0000000000 1.0000000000 403.0585577174 -124.5241379127 417.5630067073
11.0000000000 1.0000000000 408.6946729685 194.8247439850 383.8402139704
12.0000000000 1.0000000000 384.1906803968 -190.8304421971 410.2469864237
13.0000000000 1.0000000000 406.5719049134 166.4268319645 399.1525049150
14.0000000000 1.0000000000 405.1277561518 52.4297510196 430.6320341614
15.0000000000 1.0000000000 387.7519382733 158.9258041120 420.3716802963
16.0000000000 1.0000000000 372.5093291961 234.1045481233 398.4384352098
17.0000000000 1.0000000000 381.9226560246 127.2038200082 436.2059140280
18.0000000000 1.0000000000 368.7873517834 205.8850798791 417.0474187551
19.0000000000 1.0000000000 335.9764700392 -268.3876860313 409.1566790477
20.0000000000 1.0000000000 361.7743679108 -148.0739809635 446.6707168899
21.0000000000 1.0000000000 331.6653808848 157.6733809452 466.3244648380
22.0000000000 1.0000000000 258.1358090644 -344.3219230858 408.8149261019
23.0000000000 1.0000000000 297.8704280360 300.4554310363 416.3184700503
24.0000000000 1.0000000000 302.9434420470 253.0888090393 443.2749170688
25.0000000000 1.0000000000 256.0398971816 230.1216991632 483.5379003429
26.0000000000 1.0000000000 232.8113183157 340.8402624622 426.5537855785
27.0000000000 1.0000000000 233.6215301190 301.1412201534 455.0343642319
28.0000000000 1.0000000000 212.3609651801 222.6311481888 507.6017324305
29.0000000000 1.0000000000 165.6458820274 250.0926620413 512.1878840846
30.0000000000 1.0000000000 141.6733370662 370.0878431730 441.9106022066
31.0000000000 1.0000000000 129.9116420135 319.8523380331 482.8444610500
32.0000000000 1.0000000000 121.6626111242 232.2644942371 532.5154835437
33.0000000000 1.0000000000 118.1280601382 144.6643221692 563.4175376591
34.0000000000 1.0000000000 87.4847319949 317.2085969814 494.0105809711
35.0000000000 1.0000000000 80.2518520723 247.4251392228 533.5370344804
36.0000000000 1.0000000000 64.7905979755 281.5405268934 518.5156088037
37.0000000000 1.0000000000 39.9532670546 345.4077764722 481.0597996577
38.0000000000 1.0000000000 26.9397190075 372.3061391036 461.5015891285
39.0000000000 1.0000000000 23.4545909997 203.4991769975 557.0989979931
40.0000000000 1.0000000000 -3.0301420041 282.2174803778 522.1737626990
41.0000000000 1.0000000000 -13.7996990135 298.1130062926 513.0882285035
42.0000000000 1.0000000000 -32.6661360343 236.8107312488 543.3000345707
43.0000000000 1.0000000000 -74.4298320335 361.1116681625 465.1665182093
44.0000000000 1.0000000000 -70.6691639547 317.1862997966 496.7092176815
45.0000000000 1.0000000000 -152.3166719613 282.0294519283 499.5801698729
46.0000000000 1.0000000000 -157.3109470683 210.9953690916 532.0296482311
47.0000000000 1.0000000000 -175.8759961027 295.0387471722 484.0879032826
48.0000000000 1.0000000000 -176.9975031637 236.7252072190 514.7372014761
49.0000000000 1.0000000000 -251.1289682796 -280.2510423120 459.0369495111
50.0000000000 1.0000000000 -219.2401471664 238.1705921807 497.5237213775
51.0000000000 1.0000000000 -288.9563693230 -225.4299252520 466.9120815219
52.0000000000 1.0000000000 -239.2521030374 166.8814220261 516.9432740807
53.0000000000 1.0000000000 -263.0987200431 -90.5796650148 524.3049820859
54.0000000000 1.0000000000 -258.6229411788 26.0462100180 533.6263633689
55.0000000000 1.0000000000 356.4444223378 -174.4311751653 441.4096344183
56.0000000000 1.0000000000 356.3406863339 -3.8244660036 474.6872814448
57.0000000000 1.0000000000 341.5597729716 -123.7821069897 469.3998699609
58.0000000000 1.0000000000 331.4443990463 218.3509720305 441.3488300616
59.0000000000 1.0000000000 306.0313332294 -213.0733051597 461.8072283461
60.0000000000 1.0000000000 285.5267451833 -263.1480381689 448.9419942882
61.0000000000 1.0000000000 324.8444932071 47.4382160302 494.5169333152
62.0000000000 1.0000000000 237.2468639811 -333.1074769734 430.2030459657
63.0000000000 1.0000000000 284.9885172047 -143.7750431033 500.4314223594
64.0000000000 1.0000000000 289.6973692186 -70.9997420536 513.1820313872
65.0000000000 1.0000000000 282.3276191409 174.1968130870 492.2071842457
66.0000000000 1.0000000000 261.9897873599 255.7100253513 467.2205696419
67.0000000000 1.0000000000 163.7239041881 -404.8026764651 402.0579594619
68.0000000000 1.0000000000 168.3521969308 -372.1495848471 430.6780128231
69.0000000000 1.0000000000 228.8803930884 152.6861590590 525.9486942032
70.0000000000 1.0000000000 138.9255549966 -362.4269959911 449.0742579890
71.0000000000 1.0000000000 168.9443110751 289.5546721286 489.8338882176
72.0000000000 1.0000000000 67.4174600651 -416.0306984017 417.9649154036
73.0000000000 1.0000000000 -35.8066220136 -413.7858361577 424.0524661616
74.0000000000 1.0000000000 -20.1948990046 -379.4797920865 455.9699331039
75.0000000000 1.0000000000 -146.3597591933 -380.4410015025 431.4681815699
76.0000000000 1.0000000000 -145.3318521897 120.9466961579 562.6472037344
77.0000000000 1.0000000000 -177.3609781624 178.5839461635 537.5613304922
78.0000000000 1.0000000000 -229.4270051851 -176.1403771421 518.3233964183
79.0000000000 1.0000000000 -212.0047469108 -94.2615579603 546.3424497701
80.0000000000 1.0000000000 -210.5839540192 24.3526080022 554.4210270505
81.0000000000 1.0000000000 -322.7427729776 -155.8699159892 473.1416259671
82.0000000000 1.0000000000 -325.8575419753 -33.8445539974 494.9674079625
83.0000000000 1.0000000000 394.3667072346 5.5457070033 443.5825422639
84.0000000000 1.0000000000 334.3609100283 -62.2285070053 486.4686230411
85.0000000000 1.0000000000 257.1884191289 -288.1778481444 450.6983152258
86.0000000000 1.0000000000 269.1054361842 -166.8909731142 502.0468043436
87.0000000000 1.0000000000 285.1575389935 31.0880499993 519.6537669881
88.0000000000 1.0000000000 246.2283953214 -180.7592002359 508.9391076643
89.0000000000 1.0000000000 265.5758772867 -35.3069030381 529.6642355718
90.0000000000 1.0000000000 214.6107592523 -285.7651333359 473.9217625571
91.0000000000 1.0000000000 206.4721069849 -248.2332079819 498.0671339637
92.0000000000 1.0000000000 227.0692830353 127.9380030199 533.2848530829
93.0000000000 1.0000000000 143.7240489795 -335.1336749521 468.3483149330
94.0000000000 1.0000000000 173.2194600594 -146.7766470503 548.4277171879
95.0000000000 1.0000000000 190.2973289842 -28.9795759976 561.4876999535
96.0000000000 1.0000000000 182.6222342333 -38.5035900492 563.4606637198
97.0000000000 1.0000000000 160.6537240792 -118.3517320584 559.0210862757
98.0000000000 1.0000000000 174.6368081339 108.7852360834 556.7666334270
99.0000000000 1.0000000000 72.3117659959 -395.2579799777 436.8792329753
100.0000000000 1.0000000000 96.0739890521 -318.6214271728 491.4992382665
101.0000000000 1.0000000000 109.9264189795 -254.5720329526 524.8148139023
102.0000000000 1.0000000000 97.1293330476 -250.7704021229 529.1516082593
103.0000000000 1.0000000000 100.9386960914 -187.1769051695 554.1637955019
104.0000000000 1.0000000000 93.4780490003 -201.9770600006 550.2621630016
105.0000000000 1.0000000000 93.8852380101 -131.3700200142 571.1819380616
106.0000000000 1.0000000000 121.5550309502 138.0377229434 564.3503237687
107.0000000000 1.0000000000 16.7549789996 -339.4151419915 486.6600029879
108.0000000000 1.0000000000 -2.1932480009 -374.3054481614 460.6646801986
109.0000000000 1.0000000000 77.0155419869 -13.8148879976 588.3868468998
110.0000000000 1.0000000000 42.1828760239 -97.7100930554 583.9474883309
111.0000000000 1.0000000000 51.4241680104 24.6813720050 590.8195251199
112.0000000000 1.0000000000 -19.1561670231 -290.8749233501 517.0552646223
113.0000000000 1.0000000000 -19.0893799969 -209.5483419663 555.0192919107
114.0000000000 1.0000000000 -6.3145730073 -109.3660311256 583.3699716699
115.0000000000 1.0000000000 -59.2123060316 -271.6937821449 524.4022482797
116.0000000000 1.0000000000 -38.3937940289 -174.6941451316 565.9763234265
117.0000000000 1.0000000000 -12.6270469986 206.7458989775 556.2535549393
118.0000000000 1.0000000000 -63.3711119819 -249.4060179289 534.8850968475
119.0000000000 1.0000000000 -109.2678489831 -354.1914449452 463.6057419282
120.0000000000 1.0000000000 -38.5254170404 -86.0206470903 586.0354656150
121.0000000000 1.0000000000 -28.5328390304 20.4063390217 592.5291426311
122.0000000000 1.0000000000 -120.5787240686 -300.4691911709 497.4940832830
123.0000000000 1.0000000000 -55.0341119890 -25.1376099950 590.4749558820
124.0000000000 1.0000000000 -91.7263720916 -169.7616281695 561.3275235606
125.0000000000 1.0000000000 -115.9185979988 -200.6391289979 546.4687959943
126.0000000000 1.0000000000 -95.7268170169 -108.5649130192 575.6486451018
127.0000000000 1.0000000000 -75.3381370483 116.1744530745 577.1905993703
128.0000000000 1.0000000000 -147.3708369467 -199.9460859276 539.0962118049
129.0000000000 1.0000000000 -129.7445721366 -63.6281870670 575.7075006062
130.0000000000 1.0000000000 -201.5905312653 -260.8462433433 493.6008726496
131.0000000000 1.0000000000 -197.1620481583 -236.2927341898 507.5570874076
132.0000000000 1.0000000000 -197.0436950163 -161.5703840133 536.0877910442
133.0000000000 1.0000000000 -177.5569800788 -60.8261790270 563.1119082499
