0.0000000000 1147.5449364118 234.6639030000 1065.8371036213 238.0694660869
1.0000000000 4272.8167244029 297.2270240000 4338.4453417519 309.9678876009
2.0000000000 6257.9298266380 315.4886260000 6316.0322862877 324.7170991010
3.0000000000 12439.2188660683 397.5465540000 12435.8254411475 419.1446329588
4.0000000000 2264.7723864751 200.3585420000 2214.2070167239 198.8274382059
5.0000000000 2351.6215177722 155.3771710000 2010.3745194637 184.3151312172
6.0000000000 6457.5640765157 305.1261410000 6239.0734971396 317.3954883733
7.0000000000 11953.9545734653 390.1086900000 12204.5111113438 426.7932268759
8.0000000000 4376.9738037730 256.4118090000 4294.8556368250 259.3285411039
9.0000000000 4684.1115231312 284.6308000000 4413.7167808934 276.1330614970
10.0000000000 4869.7751481532 274.5877020000 4831.8290814703 294.1145798829
11.0000000000 6308.5173614379 294.1473610000 6417.8775913845 308.0615828924
12.0000000000 8929.3048166761 306.5698377478 8747.7726436347 351.4774313662
13.0000000000 4018.0928365329 223.1692230000 4147.6868279962 262.1765608779
14.0000000000 7071.1882267187 317.8460880000 7209.1018693069 328.0480659417
15.0000000000 9268.6772471912 336.1474770000 9730.8051210866 372.8839283316
16.0000000000 3060.3494349004 240.2420980000 2891.6791020530 258.2754663025
17.0000000000 10823.4013962506 395.0876750000 10259.6939362031 391.3313168646
18.0000000000 5431.3005666282 302.7175060000 5296.3931059484 296.0624419127
19.0000000000 7174.0638184694 344.5067279726 7567.1520056277 350.3443141202
20.0000000000 16624.0639293154 449.4589730000 16866.3808701945 480.9586335828
21.0000000000 4013.0189650179 251.3252060000 3977.8139107442 255.6656036479
22.0000000000 13600.2960449768 453.4223750000 13353.4942368970 458.7921758621
23.0000000000 6842.3090855254 303.9134660000 6983.5969724696 314.2161665053
24.0000000000 12807.3701902349 392.8691610000 13359.6945689615 442.5798463857
25.0000000000 8361.7946284671 342.8877690000 8397.4646267617 358.9685469674
26.0000000000 4631.0789865212 267.7881020000 4517.2142021381 279.9481586278
27.0000000000 7631.1772373717 328.8084040000 7518.1173617130 336.5986943663
28.0000000000 13156.6722152883 423.6833192513 13741.8222635064 436.7286996918
29.0000000000 9306.0220257522 358.7815600000 9666.0650767185 387.9739237168
30.0000000000 16236.4480163496 482.9105670000 16508.0084109979 508.1693171267
31.0000000000 3362.5562848583 237.0329580000 3233.2693978222 239.2567766525
32.0000000000 11534.5427854469 403.1799770000 11227.5952145767 410.9094242422
33.0000000000 8069.8381882979 328.3390540000 8097.2241353955 332.9188167555
34.0000000000 6171.2121638980 338.0550140000 5138.5325425891 301.7500496361
35.0000000000 4541.3757456447 275.6302800000 4509.3653947831 286.9676902253
36.0000000000 7715.0072177306 349.9596260000 7970.0250254182 366.9708066856
37.0000000000 10538.3739107254 409.5403240000 10507.1097368924 421.6569809483
38.0000000000 12432.9110307113 399.5471790000 12778.5559490791 425.4566599794
39.0000000000 6068.2212985379 335.4136850000 6160.2908625581 328.5036347640
40.0000000000 24470.6843314786 568.2146840000 24522.4084877834 593.2856670451
41.0000000000 5307.4095184577 282.3745800000 5379.3471450947 289.3289706461
42.0000000000 11763.4669302767 369.7756230000 12062.5508033782 412.3770384333
43.0000000000 6936.2452537160 313.4552420000 6951.2880604124 319.3350203075
44.0000000000 13073.2751083277 413.1970710000 13019.2920143247 423.9971213363
45.0000000000 5302.1116890235 305.0906300000 5069.4257848023 311.0071205472
46.0000000000 7246.1239214017 336.9673130000 6596.9394023013 323.2413230051
47.0000000000 4951.9599214508 263.2489340000 4895.2597646245 271.1683113948
48.0000000000 5668.2124520361 280.8303680000 5628.8929051900 293.2618054904
49.0000000000 13142.4796522751 436.8779980000 12712.3465023858 443.6802446110
50.0000000000 10553.6829666658 379.4028960000 10669.5201053176 393.7054301523
51.0000000000 14132.2903342790 450.4003210000 14344.1316026484 465.8274646585
52.0000000000 10730.9677089414 406.2310230000 10695.9966339664 419.7525702584
53.0000000000 4488.5736928854 257.1958200000 4804.5929776408 282.8256870285
54.0000000000 24000.6614431119 552.3375620000 24387.6179623715 583.1502583268
55.0000000000 4075.5683247537 285.0614440000 4115.7074005976 301.1796637118
56.0000000000 13380.2743804776 407.5086700000 13368.7978161968 427.4852701197
57.0000000000 3451.2772391627 222.0641250000 3508.4950301389 242.7340689543
58.0000000000 856.0297587772 325.1446450000 1088.2292390093 2092.2661249960
59.0000000000 2101.9639715267 189.6996620000 2012.8892433455 188.8062283371
60.0000000000 15007.9654471430 442.1747770000 15263.3957771351 469.8059006717
61.0000000000 5958.6325458244 283.7693880000 6137.9912305046 301.9405752727
62.0000000000 -10164.4724552827 259.4088370000 -10984.9463642698 1962.6467697844
63.0000000000 10939.6854568829 375.7825250000 11403.2249053044 401.3487107636
64.0000000000 2185.9687224993 188.1723710000 2260.6671326082 222.8783384293
65.0000000000 25034.8005768218 376.2258290000 24923.3943263223 2097.2679887178
66.0000000000 4307.0151247220 320.7944660000 3625.7105919513 297.1919191873
67.0000000000 6818.3919277125 348.4334790000 5519.8219331987 319.4820990443
