0.0000000000 1.0000000000 321.6325259704 145.2182039866 477.2688109560
1.0000000000 1.0000000000 425.3723583358 -413.9802932585 0.0000000000
2.0000000000 1.0000000000 -274.2738350675 -155.0375950381 503.0492361238
3.0000000000 1.0000000000 -265.2652130001 203.9623550001 490.2601870001
4.0000000000 1.0000000000 -292.9715609403 86.0431179825 509.0044918963
5.0000000000 1.0000000000 -300.7761831631 -36.7122300199 510.3990852768
6.0000000000 1.0000000000 -311.4244511871 85.1712710512 498.0782992993
7.0000000000 1.0000000000 440.9609561944 85.6192540377 388.0001351710
8.0000000000 1.0000000000 432.8962780979 55.7266750126 402.2644360910
9.0000000000 1.0000000000 424.5900484340 -72.1007660737 408.4679874175
10.0000000000 1.0000000000 405.5704227719 -125.5828459294 414.8046617667
11.0000000000 1.0000000000 408.4961042531 195.1974851210 383.8622162379
12.0000000000 1.0000000000 384.8232568589 -192.2022389295 409.0118418500
13.0000000000 1.0000000000 403.1019639429 173.8501659754 399.5075129434
14.0000000000 1.0000000000 404.1272220679 52.7521250089 431.5318390725
15.0000000000 1.0000000000 383.0743861880 170.4610860837 420.1408802062
16.0000000000 1.0000000000 371.7137451035 235.6956450656 398.2433691109
17.0000000000 1.0000000000 381.5676997761 131.3142069229 435.2975947445
18.0000000000 1.0000000000 371.2716778631 206.3698989239 414.5963488472
19.0000000000 1.0000000000 335.5871104091 -269.7044163288 408.6100164981
20.0000000000 1.0000000000 364.5391752218 -147.9064410900 444.4729472704
21.0000000000 1.0000000000 332.4887464906 155.1812662290 466.5740396885
22.0000000000 1.0000000000 257.5506768708 -346.3880378263 407.4362557957
23.0000000000 1.0000000000 301.9292929864 297.6419609866 415.4146019813
24.0000000000 1.0000000000 301.9213361705 255.9687641445 442.3175612497
25.0000000000 1.0000000000 253.3330502638 230.4653522400 484.7983225048
26.0000000000 1.0000000000 227.3168189078 347.9632268589 423.7569858281
27.0000000000 1.0000000000 231.7738210045 302.5041850058 455.0752030088
28.0000000000 1.0000000000 211.4690421540 222.8555541623 507.8755483699
29.0000000000 1.0000000000 168.0883191641 249.7872212439 511.5407974995
30.0000000000 1.0000000000 139.2432211520 373.2651184074 440.0065944802
31.0000000000 1.0000000000 125.4200940408 325.5716901058 480.2022501561
32.0000000000 1.0000000000 119.7289059702 236.0493709412 531.2880668677
33.0000000000 1.0000000000 116.7239961211 145.3796181509 563.5260435848
34.0000000000 1.0000000000 88.2998720777 325.2251782863 488.6236204301
35.0000000000 1.0000000000 76.7437860009 251.7433910028 532.0309980060
36.0000000000 1.0000000000 66.7885010751 283.4759693186 517.2059525813
37.0000000000 1.0000000000 38.9368000007 351.4942620067 476.7148370091
38.0000000000 1.0000000000 27.7711980215 373.2650672888 460.6769763564
39.0000000000 1.0000000000 23.0944379936 205.1392949432 556.5122128458
40.0000000000 1.0000000000 -5.0800170012 284.4655540682 520.9365301248
41.0000000000 1.0000000000 -16.3028529905 304.2694868224 509.3874977027
42.0000000000 1.0000000000 -35.4670549882 239.4855399203 541.9502658197
43.0000000000 1.0000000000 -70.9460409822 363.2761179086 464.0241888833
44.0000000000 1.0000000000 -72.9772290348 318.2703961517 495.6809512362
45.0000000000 1.0000000000 -152.0746171063 283.5249041982 498.8068423487
46.0000000000 1.0000000000 -155.2535350945 213.1750571297 531.7650433236
47.0000000000 1.0000000000 -177.3540651084 296.3108961811 482.7698362951
48.0000000000 1.0000000000 -176.2420321167 242.4951101606 512.3047863393
49.0000000000 1.0000000000 -253.6267380487 -284.7577200547 454.8712400873
50.0000000000 1.0000000000 -213.7036072063 242.5837482342 497.8003814806
51.0000000000 1.0000000000 -291.7747590362 -226.9266810282 464.4277100577
52.0000000000 1.0000000000 -240.6048250234 169.4011530165 515.4938350501
53.0000000000 1.0000000000 -266.0658891264 -90.9877130432 522.7346412484
54.0000000000 1.0000000000 -260.9703760538 28.2302480058 532.3709631098
55.0000000000 1.0000000000 357.3747541252 -175.0932730613 440.3940931543
56.0000000000 1.0000000000 357.1701171086 -3.3590060010 474.0670321441
57.0000000000 1.0000000000 342.9345399712 -123.6941599896 468.4196649606
58.0000000000 1.0000000000 331.5754151107 217.2925630725 441.7725801474
59.0000000000 1.0000000000 308.2319199202 -217.7217189437 458.1611758814
60.0000000000 1.0000000000 288.0580271616 -264.1394011482 446.7373682506
61.0000000000 1.0000000000 321.4752081216 51.6451050195 496.2940661878
62.0000000000 1.0000000000 237.5604229914 -335.8276249878 427.9090769845
63.0000000000 1.0000000000 285.5620982466 -145.3833101256 499.6391774315
64.0000000000 1.0000000000 294.1446160580 -69.4272280137 510.8621451008
65.0000000000 1.0000000000 284.4870430923 174.2035370565 490.9598521592
66.0000000000 1.0000000000 262.7622061928 258.0843491894 465.4780533416
67.0000000000 1.0000000000 164.8808060602 -405.1134191478 401.2714341464
68.0000000000 1.0000000000 168.3702260986 -377.6586682212 425.8482402494
69.0000000000 1.0000000000 234.2314340453 150.2990540290 524.2777471013
70.0000000000 1.0000000000 137.5496931205 -367.4032693218 445.4393853901
71.0000000000 1.0000000000 166.9961331275 295.5184572257 486.9316783718
72.0000000000 1.0000000000 66.7120830230 -419.6180041446 414.4774481428
73.0000000000 1.0000000000 -38.9732440409 -418.3796814394 419.2384224403
74.0000000000 1.0000000000 -22.9717279917 -382.9541718620 452.9235348368
75.0000000000 1.0000000000 -147.3055990450 -382.0119061168 429.7549191313
76.0000000000 1.0000000000 -150.7086841304 123.0018191064 560.7840684852
77.0000000000 1.0000000000 -180.4180719896 179.7436739896 536.1556279690
78.0000000000 1.0000000000 -234.0935670149 -175.1260700111 516.5775720328
79.0000000000 1.0000000000 -213.4620529791 -97.3811259904 545.2267369465
80.0000000000 1.0000000000 -213.7973268973 25.5299159877 553.1367397342
81.0000000000 1.0000000000 -325.0874812397 -154.7872901141 471.8901893480
82.0000000000 1.0000000000 -323.2339792001 -36.4876330226 496.4975063074
83.0000000000 1.0000000000 394.0404973435 4.4677230039 443.8845033869
84.0000000000 1.0000000000 335.4642760273 -59.5917220049 486.0389620396
85.0000000000 1.0000000000 260.4861032074 -289.2722882304 448.0958153569
86.0000000000 1.0000000000 270.3379089925 -169.6608249953 500.4537399861
87.0000000000 1.0000000000 284.5018691305 36.3799360167 519.6696192383
88.0000000000 1.0000000000 243.7920328463 -179.9647058866 510.3914926783
89.0000000000 1.0000000000 263.5559400400 -34.6368980053 530.7163820806
90.0000000000 1.0000000000 213.7314249856 -289.2267159805 472.2161699681
91.0000000000 1.0000000000 207.5509270928 -251.3987761124 496.0268082218
92.0000000000 1.0000000000 225.9325310046 125.9901380025 534.2305710108
93.0000000000 1.0000000000 143.9053681717 -335.8771184008 467.7596955582
94.0000000000 1.0000000000 170.4150760251 -145.1154430213 549.7467930808
95.0000000000 1.0000000000 190.6986371336 -30.6287570215 561.2639623932
96.0000000000 1.0000000000 182.3485930568 -39.1619460122 563.5039121757
97.0000000000 1.0000000000 159.5137470572 -117.6621100422 559.4929122006
98.0000000000 1.0000000000 176.2014240473 107.9444980290 556.4372111492
99.0000000000 1.0000000000 70.3014780489 -397.4941812764 435.1751423026
100.0000000000 1.0000000000 96.3408230688 -320.3309992288 490.3343993502
101.0000000000 1.0000000000 108.6879271305 -257.6302963092 523.5789256285
102.0000000000 1.0000000000 97.0447330360 -251.3060630932 528.9129501961
103.0000000000 1.0000000000 100.3090060607 -187.7556801137 554.0823353354
104.0000000000 1.0000000000 89.8327721144 -207.0598362638 548.9787096994
105.0000000000 1.0000000000 94.2688540430 -132.4378770604 570.8720682602
106.0000000000 1.0000000000 120.7716420511 136.9853730579 564.7747732389
107.0000000000 1.0000000000 13.7202889951 -340.8234018779 485.7699958260
108.0000000000 1.0000000000 -6.7534009972 -379.0444378449 456.7286198131
109.0000000000 1.0000000000 77.5508299784 -16.6538849954 588.2430138359
110.0000000000 1.0000000000 42.9583840254 -96.6616310573 584.0654353459
111.0000000000 1.0000000000 51.4530519771 24.0086489893 590.8447297374
112.0000000000 1.0000000000 -22.5605240069 -291.3550790888 516.6474301574
113.0000000000 1.0000000000 -19.6846379996 -209.9856779955 554.8331789882
114.0000000000 1.0000000000 -7.2983460083 -109.4048861241 583.3512076616
115.0000000000 1.0000000000 -63.4495629838 -272.2582139305 523.6133538663
116.0000000000 1.0000000000 -42.1219710355 -174.9576691476 565.6296314772
117.0000000000 1.0000000000 -9.9521970035 206.0565870717 556.5635301937
118.0000000000 1.0000000000 -67.5556280245 -250.7715440909 533.7332631934
119.0000000000 1.0000000000 -111.1296220600 -358.1159741932 460.1352872482
120.0000000000 1.0000000000 -38.1657890311 -89.5617570731 585.5283004776
121.0000000000 1.0000000000 -28.4553880173 19.8230010121 592.5526693605
122.0000000000 1.0000000000 -121.2548079293 -304.4553488225 494.8995237116
123.0000000000 1.0000000000 -55.5660750411 -23.0585860171 590.5099824372
124.0000000000 1.0000000000 -92.5599249753 -173.9623899535 559.9027358504
125.0000000000 1.0000000000 -117.5256980251 -202.9963330434 545.2536341165
126.0000000000 1.0000000000 -97.7269440426 -110.5375920482 574.9367022506
127.0000000000 1.0000000000 -78.2073529999 117.9602929998 576.4462729992
128.0000000000 1.0000000000 -152.1782521287 -200.8031671698 537.4394794544
129.0000000000 1.0000000000 -135.0807131363 -66.3105460669 574.1754425796
130.0000000000 1.0000000000 -204.7116550668 -265.0560640865 490.0609631600
131.0000000000 1.0000000000 -199.0646888787 -238.4195918547 505.8168386917
132.0000000000 1.0000000000 -199.3193922090 -162.9060481708 534.8408415607
133.0000000000 1.0000000000 -178.4445731954 -60.2327990660 562.8950796164
