0.0000000000 1115.9944279807 234.6639030000 1064.0802849579 226.1788993916
1.0000000000 4286.6730095465 297.2270240000 4144.6534607442 309.0458712337
2.0000000000 6311.8660345415 315.4886260000 6232.6133088736 313.5606932195
3.0000000000 12707.7192214757 397.5465540000 13180.4851986791 433.8765210123
4.0000000000 2118.0885385856 200.3585420000 1679.5889611437 181.5459006529
5.0000000000 2255.9503120197 155.3771710000 2231.5569585409 197.6094959158
6.0000000000 6513.6859784157 305.1261410000 6708.6272688189 329.5808428355
7.0000000000 12205.3758347718 390.1086900000 12415.0086987083 428.5785375706
8.0000000000 4466.1430553170 256.4118090000 4679.9610284015 270.9369357588
9.0000000000 4607.2304892861 284.6308000000 4480.4779743629 283.3457832861
10.0000000000 4908.1904489605 274.5877020000 4933.4433749210 296.9241521433
11.0000000000 6480.7296972053 294.1473610000 6695.9194113864 315.6355392911
12.0000000000 8939.8421837236 301.0714926808 8846.5568091553 353.9582080212
13.0000000000 4118.5098947730 223.1692230000 4202.7760655726 262.1356227785
14.0000000000 7196.9012146988 317.8460880000 7239.6060978250 328.3388067602
15.0000000000 9537.1826258425 336.1474770000 9676.2306066565 371.9334861645
16.0000000000 2999.6492912168 240.2420980000 2899.4858122979 258.6074227056
17.0000000000 10626.0896704416 395.0876750000 10221.4300198712 391.8174286822
18.0000000000 5525.6930427708 302.7175060000 5754.6053742971 305.8231040382
19.0000000000 7518.6340149579 354.0647120000 7950.6775904227 355.5658438756
20.0000000000 16822.7290456136 449.4589730000 16753.9878610705 481.0780804235
21.0000000000 4070.1745752859 251.3252060000 4156.5966358604 260.6144847136
22.0000000000 13665.3408841059 453.4223750000 13676.6463773175 462.1350372262
23.0000000000 6930.5718780798 303.9134660000 6863.7997052885 312.3883506954
24.0000000000 13242.2432270654 392.8691610000 13725.9319634488 451.9502005086
25.0000000000 8534.5393678437 342.8877690000 8785.9731549404 367.2203625214
26.0000000000 4527.9979469375 267.7881020000 4200.8814356467 274.9246823693
27.0000000000 7610.8236817788 328.8084040000 7435.8578887856 334.5942810133
28.0000000000 13712.7684769030 447.3611586923 14383.5490549472 447.6848307861
29.0000000000 9611.4552012130 358.7815600000 9943.0169853578 392.6785379913
30.0000000000 16471.1170265776 482.9105670000 16479.0843295614 508.1844379878
31.0000000000 3416.6476167201 237.0329580000 3594.2808022712 249.8993617148
32.0000000000 11558.3370256893 403.1799770000 11577.5528479845 418.0020197817
33.0000000000 8255.9635216103 328.3390540000 8545.2739399597 341.0413244428
34.0000000000 5797.9021421948 338.0550140000 5416.3437221136 305.2857922564
35.0000000000 4581.4709829350 275.6302800000 4604.0247913437 289.2670873322
36.0000000000 7939.5323439906 349.9596260000 8160.6220985607 369.5530194681
37.0000000000 10611.0635168043 409.5403240000 10562.2992459825 422.0202082387
38.0000000000 12601.5868527593 399.5471790000 12457.4369634777 419.3597690041
39.0000000000 6310.7158918548 335.4136850000 6763.5413365780 343.7096650087
40.0000000000 24727.7995315463 568.2146840000 24765.6602664164 597.3342535515
41.0000000000 5431.1454891864 282.3745800000 5579.5672572537 294.2157177348
42.0000000000 11996.5395884202 369.7756230000 12129.2026710484 411.8702142275
43.0000000000 7049.9717096543 313.4552420000 7171.5667841329 324.0123437698
44.0000000000 13159.5640783027 413.1970710000 13087.6167513749 426.2492349129
45.0000000000 5305.1616189450 305.0906300000 5368.9161952145 317.4052681325
46.0000000000 6975.2537384427 336.9673130000 6525.6030335847 326.3298445080
47.0000000000 4992.5389824253 263.2489340000 5026.0892223361 274.2910550975
48.0000000000 5756.8658783584 280.8303680000 5894.1373254506 298.2432537325
49.0000000000 13030.9124138721 436.8779980000 12704.1727973942 444.8202300029
50.0000000000 10808.0645624362 379.4028960000 11157.9237044398 399.3724390204
51.0000000000 14403.2405170694 450.4003210000 14609.0361890099 467.0904818284
52.0000000000 10786.2067704858 406.2310230000 10687.8941296421 420.3103411823
53.0000000000 4631.2200919638 257.1958200000 4650.5521897743 278.1432204153
54.0000000000 24394.2014309823 552.3375620000 24551.6729380981 586.0319990466
55.0000000000 4120.5522880070 285.0614440000 4105.6812472250 300.1006665042
56.0000000000 13511.2422025809 407.5086700000 13543.4222833391 429.8510157633
57.0000000000 3521.2413644511 222.0641250000 3589.2905844599 245.8474661903
58.0000000000 1149.4386552279 325.1446450000 1590.7548465061 2107.5690549051
59.0000000000 1921.6606197883 189.6996620000 1408.0067462977 179.2258414578
60.0000000000 15126.3232772420 442.1747770000 14841.5030792494 463.4648372395
61.0000000000 5874.4284178824 283.7693880000 5282.4924999021 301.6320667949
62.0000000000 -10521.4050408837 259.4088370000 -10978.7828958780 1966.8891405411
63.0000000000 11080.1553827669 375.7825250000 10779.8055401571 392.0347455384
64.0000000000 2160.1902722061 188.1723710000 1962.3651889253 216.3258778736
65.0000000000 24624.0866863518 376.2258290000 23269.9245705535 2075.9881061915
66.0000000000 3911.2814117198 320.7944660000 3199.6558661355 285.1586229857
67.0000000000 6226.9627773179 348.4334790000 5400.6644823662 324.0403625430
