0.0000000000 1.0000000000 322.7867429942 147.3058139973 475.8477089914
1.0000000000 1.0000000000 426.6973795827 -412.6144358840 0.0000000000
2.0000000000 1.0000000000 -282.7346811156 -149.1463420610 500.1377762045
3.0000000000 1.0000000000 -266.4015709870 202.2628959901 490.3480909761
4.0000000000 1.0000000000 -290.4797560118 84.6278930034 510.6671690208
5.0000000000 1.0000000000 -298.8384671226 -42.5271630174 511.0854502097
6.0000000000 1.0000000000 -306.2656353669 85.7560261027 501.1672286003
7.0000000000 1.0000000000 443.8988523845 93.2688540808 382.8525253316
8.0000000000 1.0000000000 433.7947542091 58.3556160281 400.9215131933
9.0000000000 1.0000000000 426.2052110998 -71.2539790167 406.9315850953
10.0000000000 1.0000000000 405.5982891245 -125.4945270385 414.8041441273
11.0000000000 1.0000000000 411.5294004013 196.7288711918 379.8192073704
12.0000000000 1.0000000000 386.4395381664 -192.2613840828 407.4572001755
13.0000000000 1.0000000000 407.5180813731 170.6568971562 396.3919313629
14.0000000000 1.0000000000 407.8816525601 55.7040410765 427.6107385872
15.0000000000 1.0000000000 386.8731384100 166.5656451765 418.2181094432
16.0000000000 1.0000000000 372.6339230874 237.9254680558 396.0514580929
17.0000000000 1.0000000000 383.2733500297 128.4766130100 434.6454020337
18.0000000000 1.0000000000 374.7915250998 207.6547020553 410.7702081094
19.0000000000 1.0000000000 336.3956251523 -269.7855281221 407.8910131847
20.0000000000 1.0000000000 370.1458791240 -153.5710260515 437.8690381467
21.0000000000 1.0000000000 333.4982289519 157.2447079773 465.1605739329
22.0000000000 1.0000000000 258.0613429860 -349.5877709811 404.3687179781
23.0000000000 1.0000000000 300.8604791854 302.5269301864 412.6520992542
24.0000000000 1.0000000000 303.4890058402 258.3023838640 439.8813797683
25.0000000000 1.0000000000 258.8604283222 234.0063322912 480.1600165976
26.0000000000 1.0000000000 225.4732750540 352.0113410844 421.3919131010
27.0000000000 1.0000000000 227.8258090871 304.8270721166 455.5185871742
28.0000000000 1.0000000000 212.9917572132 226.1186002263 505.7926615062
29.0000000000 1.0000000000 170.6625550021 254.3004080031 508.4554270063
30.0000000000 1.0000000000 138.8131540669 380.6667641836 433.7569012092
31.0000000000 1.0000000000 126.8103071119 329.2314372905 477.3333564212
32.0000000000 1.0000000000 121.5130791113 237.6766162177 530.1563204855
33.0000000000 1.0000000000 115.1859279931 143.8274899914 564.2403579661
34.0000000000 1.0000000000 85.4619519825 326.9418709331 487.9821659002
35.0000000000 1.0000000000 77.0950640368 255.5338491221 530.1699062532
36.0000000000 1.0000000000 63.4068580678 285.2276323049 516.6682635524
37.0000000000 1.0000000000 37.5063700186 360.2712631787 470.2331502332
38.0000000000 1.0000000000 30.6627300106 377.0962631299 457.3614891575
39.0000000000 1.0000000000 18.6719020152 207.5179891689 555.7957994524
40.0000000000 1.0000000000 -6.2452549969 290.3615198554 517.6606137421
41.0000000000 1.0000000000 -17.8629540185 307.1681533187 507.5923235266
42.0000000000 1.0000000000 -37.2075340073 245.0588060484 539.3358021064
43.0000000000 1.0000000000 -74.7540061135 365.6263895554 461.5739467011
44.0000000000 1.0000000000 -72.9668460284 322.2242331255 493.1213941921
45.0000000000 1.0000000000 -155.3891230863 286.2897641590 496.1992722756
46.0000000000 1.0000000000 -158.2721790197 214.3822930267 530.3880430661
47.0000000000 1.0000000000 -179.1488069924 298.5366949873 480.7316019796
48.0000000000 1.0000000000 -176.1562650650 243.8444690899 511.6934351887
49.0000000000 1.0000000000 -255.7028620310 -284.5594490345 453.8317890550
50.0000000000 1.0000000000 -195.1440829795 230.9706929757 510.7765189464
51.0000000000 1.0000000000 -294.2303323495 -224.8734682671 463.8768815511
52.0000000000 1.0000000000 -243.8878229965 169.5547899976 513.8980729926
53.0000000000 1.0000000000 -272.3762050537 -89.4540610176 519.7408011024
54.0000000000 1.0000000000 -260.8296279606 26.9511759959 532.5062119196
55.0000000000 1.0000000000 364.0308508502 -170.9518109297 436.5527968204
56.0000000000 1.0000000000 356.6835261848 -0.3489880002 474.4450092458
57.0000000000 1.0000000000 342.2399723048 -122.0604491087 469.3552754180
58.0000000000 1.0000000000 333.2083152067 220.8862341370 438.7514292722
59.0000000000 1.0000000000 309.4538689480 -214.0137239640 459.0836039228
60.0000000000 1.0000000000 286.6853521295 -266.9405691206 445.9546702015
61.0000000000 1.0000000000 321.7277518683 52.0170089787 496.0915347970
62.0000000000 1.0000000000 239.3711841510 -337.6918802130 425.4256182683
63.0000000000 1.0000000000 282.9191170255 -142.3163480128 502.0200760452
64.0000000000 1.0000000000 290.3053993126 -70.9340190764 512.8474105523
65.0000000000 1.0000000000 284.5931022359 173.6997351440 491.0768724071
66.0000000000 1.0000000000 262.8717473778 260.0783063738 464.3049056674
67.0000000000 1.0000000000 164.9443280560 -406.5644671379 399.7749731356
68.0000000000 1.0000000000 167.6158951793 -380.7664954074 423.3711304529
69.0000000000 1.0000000000 235.0835541431 152.8714190931 523.1513913185
70.0000000000 1.0000000000 138.8027989812 -370.0958739500 442.8139039402
71.0000000000 1.0000000000 167.7318430756 301.6979171361 482.8723662178
72.0000000000 1.0000000000 65.4299650329 -420.2222042116 414.0694932085
73.0000000000 1.0000000000 -39.6291340260 -422.1295582767 415.4004022723
74.0000000000 1.0000000000 -26.4651129939 -385.9311419112 450.1978208964
75.0000000000 1.0000000000 -150.7833950674 -383.8909151717 426.8646851909
76.0000000000 1.0000000000 -151.8197709796 122.9429049835 560.4972129248
77.0000000000 1.0000000000 -178.7989652564 176.0587522525 537.9178117715
78.0000000000 1.0000000000 -238.9289731172 -174.9425100858 514.4214132524
79.0000000000 1.0000000000 -220.4007842284 -95.6970450992 542.7585985624
80.0000000000 1.0000000000 -216.5861471922 26.6345350236 551.9985224899
81.0000000000 1.0000000000 -324.5253352677 -148.9728051229 474.1431603912
82.0000000000 1.0000000000 -321.3808909800 -41.9576469974 497.2677399690
83.0000000000 1.0000000000 397.1676821175 7.4938740022 441.0476171304
84.0000000000 1.0000000000 336.3303482421 -60.1693360433 485.3688023493
85.0000000000 1.0000000000 260.1800499140 -290.0361899041 447.7797188520
86.0000000000 1.0000000000 271.5645560866 -169.7481320541 499.7595321594
87.0000000000 1.0000000000 285.6481389436 35.0173389931 519.1341378974
88.0000000000 1.0000000000 248.4810990735 -179.4416190531 508.3101171503
89.0000000000 1.0000000000 263.4099421327 -33.8000100170 530.8428092675
90.0000000000 1.0000000000 214.0789590115 -287.7608180154 472.9537370253
91.0000000000 1.0000000000 207.0574260263 -251.9934490321 495.9312960631
92.0000000000 1.0000000000 229.1857072323 127.1166531288 532.5754355397
93.0000000000 1.0000000000 143.6734499621 -338.8612069107 465.6740798773
94.0000000000 1.0000000000 175.0793979849 -148.0453779872 547.4952939528
95.0000000000 1.0000000000 190.1842831228 -29.2585700189 561.5115323625
96.0000000000 1.0000000000 179.3293230588 -38.5055450126 564.5171771852
97.0000000000 1.0000000000 156.6859730662 -115.3360340487 560.7748492370
98.0000000000 1.0000000000 174.6270321566 107.2664650962 557.0642974994
99.0000000000 1.0000000000 70.4845940286 -401.5574791629 431.3987011750
100.0000000000 1.0000000000 93.3725351266 -322.1452374369 489.7196566642
101.0000000000 1.0000000000 106.2051619765 -258.0127559429 523.8999978840
102.0000000000 1.0000000000 96.3439050254 -250.5329660662 529.4076041398
103.0000000000 1.0000000000 98.1043909579 -187.2734779196 554.6399727618
104.0000000000 1.0000000000 84.9449460638 -207.7852561559 549.4824564124
105.0000000000 1.0000000000 92.8585310557 -133.6650120802 570.8172073425
106.0000000000 1.0000000000 118.6982291315 138.4442291534 564.8586126259
107.0000000000 1.0000000000 11.2009850075 -345.0310862306 482.8554793227
108.0000000000 1.0000000000 -9.0098870040 -379.0025021677 456.7244812021
109.0000000000 1.0000000000 76.6904830803 -14.3931220151 588.4154436163
110.0000000000 1.0000000000 35.7020980391 -99.7366981093 584.0370516401
111.0000000000 1.0000000000 49.4240000196 22.8799230091 591.0626902349
112.0000000000 1.0000000000 -21.7723039965 -292.1248379531 516.2464259171
113.0000000000 1.0000000000 -21.8453279918 -210.4546669209 554.5745587914
114.0000000000 1.0000000000 -9.3099680030 -110.2359440359 583.1660891897
115.0000000000 1.0000000000 -66.9000920334 -273.7497901365 522.4047822605
116.0000000000 1.0000000000 -42.4155870151 -174.6424980622 565.7050842014
117.0000000000 1.0000000000 -16.0030619909 208.4984518816 555.5120376846
118.0000000000 1.0000000000 -68.9873450249 -249.7593070901 534.0246821926
119.0000000000 1.0000000000 -111.5859730813 -358.2285802609 459.9371493349
120.0000000000 1.0000000000 -41.5741190187 -88.2063530397 585.5019712638
121.0000000000 1.0000000000 -31.1068300044 19.5415250027 592.4287470829
122.0000000000 1.0000000000 -124.2268750139 -306.9849830344 492.5943870551
123.0000000000 1.0000000000 -60.1307810135 -25.0733380056 589.9804601328
124.0000000000 1.0000000000 -96.9644749391 -172.2953948917 559.6726846483
125.0000000000 1.0000000000 -120.5085370659 -202.7375031108 544.6985622977
126.0000000000 1.0000000000 -102.0802490645 -109.6772930693 574.3447053630
127.0000000000 1.0000000000 -78.6102759562 116.2343729352 576.7419886786
128.0000000000 1.0000000000 -155.2310169323 -200.2076619126 536.7881797657
129.0000000000 1.0000000000 -138.6060529108 -65.9123889576 573.3805416309
130.0000000000 1.0000000000 -205.9225311474 -267.2820651913 488.3416173495
131.0000000000 1.0000000000 -203.1303228413 -237.4451078145 504.6575266058
132.0000000000 1.0000000000 -207.1692410105 -160.8116540082 532.4864730271
133.0000000000 1.0000000000 -182.4300671714 -63.3279450595 561.2754835274
