0.0000000000 948.0821154872 234.6639030000 1032.9140118087 273.5992428173
1.0000000000 6194.9359653476 297.2270240000 6275.3043590744 369.2321445664
2.0000000000 5506.9615024259 315.4886260000 5449.5500829914 312.2724927544
3.0000000000 15801.5508012873 397.5465540000 16017.4090070068 477.4687638344
4.0000000000 2813.8732910728 200.3585420000 2682.5908186343 227.8419434537
5.0000000000 1930.2551775400 155.3771710000 1777.9446621074 195.5633807217
6.0000000000 6464.9992064679 305.1261410000 6374.5325062217 310.5150121701
7.0000000000 14112.6122188128 390.1086900000 14353.6131993031 469.5775161069
8.0000000000 4297.8409009591 256.4118090000 4318.0731431836 257.2199265185
9.0000000000 5087.4732857676 284.6308000000 4739.7860265202 303.7307915247
10.0000000000 7875.7899728733 274.5877020000 7887.4898874041 357.2169596308
11.0000000000 8044.7604936094 294.1473610000 8169.5325294757 345.0186394482
12.0000000000 11027.7855264491 367.0015520000 11011.4518625394 393.7845069998
13.0000000000 4598.5843744829 223.1692230000 4571.6134830915 273.3775077644
14.0000000000 7092.8643193511 317.8460880000 7029.9098395444 326.5585226046
15.0000000000 15503.3051437956 336.1474770000 15657.7063991715 463.2351989636
16.0000000000 3586.5730831761 240.2420980000 3465.0171278949 332.7510246307
17.0000000000 13616.6781066550 395.0876750000 13719.7599323294 448.0062193777
18.0000000000 5783.4402684268 302.7175060000 5436.5277537663 304.8636507191
19.0000000000 13669.2360112787 354.0647120000 13472.3431685093 459.2596257012
20.0000000000 24084.2130394676 449.4589730000 24877.2482071712 582.3225318255
21.0000000000 4399.5926812984 251.3252060000 4364.3573691738 267.8428290056
22.0000000000 14651.2279755644 491.5246108908 14893.8795959761 477.7439163204
23.0000000000 7521.6284537409 303.9134660000 7015.8082892051 324.9752267696
24.0000000000 17578.1076686549 392.8691610000 17583.7404302898 511.5602982428
25.0000000000 12538.0051660588 342.8877690000 12646.8810495567 436.7512573497
26.0000000000 5053.6512322860 267.7881020000 4676.8704456070 295.3576748232
27.0000000000 6173.8341052835 328.8084040000 6042.6392792097 314.3671813490
28.0000000000 21851.2655941255 456.0673900000 22072.4749272192 547.1637923473
29.0000000000 13046.1777649740 365.2059632491 13348.0193578382 451.7922050984
30.0000000000 23357.6982869889 542.4702555073 23981.7976440070 594.5370250261
31.0000000000 4219.0035968036 237.0329580000 4291.5108183064 269.5697220478
32.0000000000 14867.3072106151 473.9520925134 15099.8007153459 476.1995826420
33.0000000000 10533.4257354893 341.4655473850 9972.7605993621 379.7792528001
34.0000000000 6418.9461845357 338.0550140000 5933.4614304385 342.0165986157
35.0000000000 6336.6511593924 275.6302800000 6187.0707926464 329.2711428170
36.0000000000 12989.6881839555 349.9596260000 13073.8444418080 457.6315952841
37.0000000000 15912.9166674006 409.5403240000 16051.7218954099 506.9229985181
38.0000000000 17541.1750729908 399.5471790000 17961.2136065730 501.7587586035
39.0000000000 8096.2552816013 335.4136850000 8489.8282771803 375.0147315345
40.0000000000 33421.8345886139 568.2146840000 33127.0743069168 682.2849102458
41.0000000000 6306.2243213838 282.3745800000 5823.8085361415 316.1624181402
42.0000000000 15531.3979880696 369.7756230000 15918.5464698095 471.3069643145
43.0000000000 10327.6795650739 313.4552420000 10318.7850018008 387.7716106435
44.0000000000 18619.0620630599 425.0240846057 19361.0071597224 514.6765058680
45.0000000000 8352.5185670068 305.0906300000 8202.3743986411 420.0964809532
46.0000000000 6946.3471047520 336.9673130000 6299.7306929569 337.4847405889
47.0000000000 7331.0278377550 263.2489340000 7261.5100731451 330.5439190866
48.0000000000 7206.6470564815 280.8303680000 7387.3718545093 333.3678183423
49.0000000000 15904.5271520551 436.8779980000 16458.3475346231 514.2081644075
50.0000000000 14917.9646886619 379.4028960000 15401.1761941142 469.7158296187
51.0000000000 20632.1132888834 450.4003210000 20600.8983254819 555.2900168511
52.0000000000 14661.0243262860 406.2310230000 14217.6545147495 467.3117405769
53.0000000000 5923.2301678862 257.1958200000 6201.8868522685 326.3787711861
54.0000000000 38024.3249590587 552.3375620000 39230.3449763245 739.6754638697
55.0000000000 4226.6127554773 285.0614440000 3846.4630637718 319.5510568293
56.0000000000 19354.2451434629 407.5086700000 19936.9015317717 517.2330117035
57.0000000000 3331.6568074755 222.0641250000 3318.2895761059 233.6044996168
58.0000000000 -39153.4340476106 325.1446450000 -39967.8470518196 1911.1258433236
59.0000000000 3209.0776215899 189.6996620000 3772.6720014990 255.0298479778
60.0000000000 -23630.4648288159 442.1747770000 -23664.3368205522 2441.5220532723
61.0000000000 -15488.5175325710 283.7693880000 -14093.6618647680 2409.4406317592
62.0000000000 -11947.4462855090 259.4088370000 -10743.5682816347 1998.2622085290
63.0000000000 -30281.6320637259 375.7825250000 -33380.9031516161 2228.5589174582
64.0000000000 19813.7228992415 188.1723710000 21479.7852974298 1887.6219511018
65.0000000000 46722.7299905506 376.2258290000 44845.7854799661 3857.3864686835
66.0000000000 79.1518028437 320.7944660000 0.0000000000 2157.6494523368
67.0000000000 122.9683699715 348.4334790000 0.0000000000 3915.8335819964
