0.0000000000 1.0000000000 353.7193651165 179.6676170592 441.5013981455
1.0000000000 1.0000000000 380.5510253292 -455.5241415814 0.0000000000
2.0000000000 1.0000000000 380.5510253292 -455.5241415814 0.0000000000
3.0000000000 1.0000000000 380.5510253292 -455.5241415814 0.0000000000
4.0000000000 1.0000000000 380.5510253292 -455.5241415814 0.0000000000
5.0000000000 1.0000000000 380.5510253292 -455.5241415814 0.0000000000
6.0000000000 1.0000000000 380.5510253292 -455.5241415814 0.0000000000
7.0000000000 1.0000000000 467.2119648362 62.0270529783 360.8142888735
8.0000000000 1.0000000000 464.4960899339 53.6711969924 365.6283789480
9.0000000000 1.0000000000 445.7862778911 -92.5687599774 380.8240349070
10.0000000000 1.0000000000 430.7121972895 -133.9371540900 385.8356752594
11.0000000000 1.0000000000 437.9683640856 192.6123550376 351.2912170687
12.0000000000 1.0000000000 396.4785233442 -215.5229941871 385.5851993347
13.0000000000 1.0000000000 436.3247480788 165.4637740299 366.8293610663
14.0000000000 1.0000000000 433.7323100589 62.2249730085 400.4068710544
15.0000000000 1.0000000000 418.7434988846 172.7674099524 383.5708938942
16.0000000000 1.0000000000 401.3214431546 243.1436910936 363.5155721400
17.0000000000 1.0000000000 410.1141422658 145.8218840945 403.5637432616
18.0000000000 1.0000000000 408.4935463662 215.4076861931 372.8992863343
19.0000000000 1.0000000000 351.6807601157 -284.7257060937 384.1526281264
20.0000000000 1.0000000000 386.4731407996 -161.6348659162 420.5163587820
21.0000000000 1.0000000000 364.0529571967 184.9593100999 430.7862862328
22.0000000000 1.0000000000 271.5869239951 -370.3957539933 375.9904979932
23.0000000000 1.0000000000 328.0532031076 319.5587761048 377.6037751239
24.0000000000 1.0000000000 326.3571992068 283.5595251797 406.7017342578
25.0000000000 1.0000000000 284.8043749868 272.4696099873 443.8108899794
26.0000000000 1.0000000000 242.5821432217 375.9788463436 390.0194063565
27.0000000000 1.0000000000 244.6925541910 341.0622942663 419.6705753277
28.0000000000 1.0000000000 238.2043509121 272.3092178996 470.5610518264
29.0000000000 1.0000000000 183.1644851787 312.1975493045 470.4304284589
30.0000000000 1.0000000000 146.0032688796 410.7137866614 402.8877726679
31.0000000000 1.0000000000 142.2967220194 375.9163650513 436.7606390596
32.0000000000 1.0000000000 130.5404071030 302.4616392387 493.7585293896
33.0000000000 1.0000000000 101.1040540325 214.7405890690 544.0457481748
34.0000000000 1.0000000000 78.1165480638 384.4205493141 445.4660173640
35.0000000000 1.0000000000 62.6492429864 327.2309829289 491.2395368933
36.0000000000 1.0000000000 46.9521359984 356.5354049877 472.2280469837
37.0000000000 1.0000000000 19.3433690063 412.6588261339 426.2157361383
38.0000000000 1.0000000000 15.1000360084 431.7298452410 407.0659112272
39.0000000000 1.0000000000 6.5943510052 276.2419002194 525.3268064173
40.0000000000 1.0000000000 -44.5962980410 359.3695933306 470.3041484327
41.0000000000 1.0000000000 -50.7175320013 375.5573540099 456.8432250120
42.0000000000 1.0000000000 -77.0634881095 311.3063704424 499.4706087098
43.0000000000 1.0000000000 -108.8359910610 418.0371322342 407.0884542280
44.0000000000 1.0000000000 -112.9018901308 398.4091154615 425.2583524926
45.0000000000 1.0000000000 -215.9977652031 351.0177113301 427.1450084016
46.0000000000 1.0000000000 -226.1028899617 291.5305619506 464.9825169212
47.0000000000 1.0000000000 -238.9989600936 367.6711471439 400.0234381566
48.0000000000 1.0000000000 -243.8977111938 303.6814962413 447.8981823558
49.0000000000 1.0000000000 -337.2467852026 -302.1639911815 383.7744842305
50.0000000000 1.0000000000 -301.9620260342 311.9008060353 404.7939580458
51.0000000000 1.0000000000 -356.8682209865 -285.4065859892 378.8264509857
52.0000000000 1.0000000000 -319.2644521238 237.3390210921 440.5243751709
53.0000000000 1.0000000000 -353.3048263166 -101.0092210905 466.1482204177
54.0000000000 1.0000000000 -331.5922111985 61.1580870366 488.4952612924
55.0000000000 1.0000000000 375.9928373417 -191.7641461743 417.3454503793
56.0000000000 1.0000000000 376.9589482932 7.9152260062 458.4327943565
57.0000000000 1.0000000000 354.4478631668 -121.6508420572 460.3141442166
58.0000000000 1.0000000000 365.6500042765 233.1873541763 405.2715863065
59.0000000000 1.0000000000 329.4255671532 -218.9405261018 442.5665692058
60.0000000000 1.0000000000 306.1715301877 -269.1731071650 431.4234102645
61.0000000000 1.0000000000 347.4531541274 71.2610300261 475.9406451745
62.0000000000 1.0000000000 242.4691931122 -365.6309891692 399.8049481850
63.0000000000 1.0000000000 300.9037813180 -137.4580811453 492.8321385208
64.0000000000 1.0000000000 304.1549610870 -60.2277550172 506.1459311447
65.0000000000 1.0000000000 311.3230240882 212.8067430603 458.3804001299
66.0000000000 1.0000000000 290.2840481375 292.4489501385 427.2354262024
67.0000000000 1.0000000000 133.0837251652 -437.4138875429 378.5223104698
68.0000000000 1.0000000000 143.9278460890 -416.8709692578 397.2715652457
69.0000000000 1.0000000000 261.6112120333 196.4207650250 495.2774810629
70.0000000000 1.0000000000 104.4948040945 -405.8783313670 420.3152893800
71.0000000000 1.0000000000 184.6881760635 348.0068001196 443.9626911526
72.0000000000 1.0000000000 27.3301810274 -454.3803454551 380.9368573815
73.0000000000 1.0000000000 -81.8859970258 -450.4242941418 377.8014891190
74.0000000000 1.0000000000 -85.5757640698 -407.6048623324 422.9141653449
75.0000000000 1.0000000000 -245.8390981381 -390.3500092193 373.5121612099
76.0000000000 1.0000000000 -214.2256119335 187.7486879417 520.7486378383
77.0000000000 1.0000000000 -251.4240660757 251.0522460756 475.4787431431
78.0000000000 1.0000000000 -317.9065402561 -205.9791031659 456.9785193681
79.0000000000 1.0000000000 -304.1888720214 -104.5560210074 498.8571890351
80.0000000000 1.0000000000 -303.0172732575 57.4847600489 507.1462914310
81.0000000000 1.0000000000 -393.3663980348 -173.5170280154 409.2383710362
82.0000000000 1.0000000000 -363.7741693528 -83.4517810809 461.5468344476
83.0000000000 1.0000000000 416.6635132451 7.8699430046 422.6711572486
84.0000000000 1.0000000000 350.7815173535 -49.5552560499 476.2540604799
85.0000000000 1.0000000000 259.2997280169 -303.2670040197 439.4474960286
86.0000000000 1.0000000000 281.4133780771 -172.1190020471 493.4601161351
87.0000000000 1.0000000000 303.0480259694 62.4908469937 506.5354029489
88.0000000000 1.0000000000 233.3823989590 -182.7893439679 514.2392809097
89.0000000000 1.0000000000 271.8302939208 -9.4046609973 527.5804868463
90.0000000000 1.0000000000 206.5298700412 -302.6808070604 466.9593860932
91.0000000000 1.0000000000 185.5858741374 -251.5237611863 504.5939033737
92.0000000000 1.0000000000 245.3166389082 158.4591709407 516.7511628067
93.0000000000 1.0000000000 113.4062020655 -366.1317482114 453.2194862617
94.0000000000 1.0000000000 166.4273201064 -143.1509860915 551.4807963527
95.0000000000 1.0000000000 195.6629050792 10.7778460044 560.2867052269
96.0000000000 1.0000000000 169.7886721203 -7.4765840053 568.7154244029
97.0000000000 1.0000000000 150.8586450221 -100.5285440147 565.2052790827
98.0000000000 1.0000000000 188.2755610435 143.2571890331 544.3813161256
99.0000000000 1.0000000000 29.9553520223 -434.8031553232 402.9518822995
100.0000000000 1.0000000000 63.3528959637 -345.0161498025 478.8231337259
101.0000000000 1.0000000000 81.1723260285 -269.7450850946 522.4652801833
102.0000000000 1.0000000000 51.2652230455 -255.0117472265 533.5374514738
103.0000000000 1.0000000000 84.6687529665 -169.0933619331 562.6366177773
104.0000000000 1.0000000000 41.0197350002 -206.7884290011 554.8668790028
105.0000000000 1.0000000000 75.0900250373 -114.2265040568 577.6115652871
106.0000000000 1.0000000000 113.9443920839 182.1728561342 553.3091834075
107.0000000000 1.0000000000 -41.5281450000 -369.9915099999 462.2802419998
108.0000000000 1.0000000000 -60.6177480049 -402.0122630327 432.4730690352
109.0000000000 1.0000000000 48.9646880280 18.0424380103 591.2683453387
110.0000000000 1.0000000000 8.6728520094 -70.4500220762 589.3071376371
111.0000000000 1.0000000000 13.5647930152 75.6790810847 588.5660536585
112.0000000000 1.0000000000 -76.3878689812 -305.3555829249 503.2337308763
113.0000000000 1.0000000000 -71.7054790796 -194.6291582160 556.1466906174
114.0000000000 1.0000000000 -52.7196989869 -88.5044269781 584.5587448551
115.0000000000 1.0000000000 -133.1043580986 -288.5859942137 501.3209353712
116.0000000000 1.0000000000 -94.9045860311 -153.5181360503 565.4614291854
117.0000000000 1.0000000000 -49.8481809959 273.0212519777 524.6864599572
118.0000000000 1.0000000000 -138.5035029748 -241.8693169560 524.0585269047
119.0000000000 1.0000000000 -180.0186070922 -375.7884361925 422.7264822165
120.0000000000 1.0000000000 -94.5181711165 -55.5575120685 583.3532417190
121.0000000000 1.0000000000 -68.5056259878 78.9863409859 584.2854298956
122.0000000000 1.0000000000 -196.4426030402 -314.9984660645 463.1496480948
123.0000000000 1.0000000000 -113.1145730755 7.9587100053 582.6346013889
124.0000000000 1.0000000000 -151.6300050140 -147.9146330137 554.4825780513
125.0000000000 1.0000000000 -189.7710611460 -198.2293901525 526.3206054050
126.0000000000 1.0000000000 -167.0432931408 -92.2746670778 562.0527114737
127.0000000000 1.0000000000 -124.1085550637 185.2171550950 550.1027162822
128.0000000000 1.0000000000 -245.9592499767 -200.6613079810 501.5579859526
129.0000000000 1.0000000000 -208.5316699802 -45.4662509957 553.8670319474
130.0000000000 1.0000000000 -287.3184582171 -275.5906052082 440.2490753327
131.0000000000 1.0000000000 -284.6667560726 -245.5013070626 459.3639871172
132.0000000000 1.0000000000 -284.7975332970 -171.0968331784 491.8714925129
133.0000000000 1.0000000000 -263.6324302345 -36.4072780324 530.5598724720
